646
644
595
595
610
623
583
579
594
597
596
589
609
607
575
531
502
488
506
542
619
665
620
527
457
452
482
496
465
439
464
514
583
626
626
625
616
609
626
629
616
622
626
628
634
619
610
561
544
543
548
533
543
532
539
518
522
507
505
493
506
503
485
461
447
448
454
458
456
448
445
435
381
364
363
378
369
352
410
496
566
553
536
542
564
569
556
560
565
568
566
567
564
577
577
576
572
559
497
475
470
489
493
485
453
462
476
485
470
461
473
486
520
543
553
538
531
545
558
550
531
504
490
493
480
485
495
478
478
486
503
527
549
550
537
548
537
547
571
600
609
589
565
590
586
588
597
576
588
571
537
510
518
549
577
573
566
567
575
578
564
571
567
576
572
571
575
589
594
580
598
585
574
583
594
596
601
591
596
604
606
596
584
581
563
561
581
563
564
573
574
582
564
574
573
581
574
579
572
552
526
504
504
509
509
495
504
512
474
431
412
417
417
412
417
414
417
423
410
421
434
420
411
368
345
335
340
370
414
461
471
467
453
456
437
448
484
548
581
580
593
577
570
531
491
475
508
505
492
479
518
539
548
557
540
550
546
538
552
556
554
545
548
561
550
546
566
584
610
619
613
616
623
616
612
600
619
596
565
536
534
547
552
544
558
545
543
550
541
528
519
521
553
580
587
574
578
579
549
481
399
402
448
461
408
405
423
436
408
396
476
625
703
663
562
539
577
637
676
673
666
667
639
602
578
586
592
594
597
595
566
515
479
471
485
488
458
430
429
435
448
431
416
395
398
405
395
405
424
414
412
397
395
406
401
357
374
446
551
642
658
640
621
630
657
638
607
593
572
574
583
572
569
582
576
577
578
577
582
581
582
587
583
569
564
533
534
541
523
529
540
533
508
458
427
429
425
434
426
440
442
435
425
449
438
418
429
507
617
675
700
688
668
646
588
539
540
552
557
554
552
517
473
421
427
447
446
433
426
449
479
483
465
477
512
514
505
516
522
518
509
536
584
618
610
595
594
612
612
596
596
602
601
597
602
595
593
603
617
618
585
518
471
469
497
500
454
422
436
439
416
414
466
557
630
610
587
588
615
613
556
502
477
485
479
468
469
468
464
455
443
489
535
598
592
568
572
584
594
580
574
568
586
581
578
557
549
566
563
554
564
558
553
529
511
499
495
496
495
499
489
483
501
499
500
500
511
540
548
529
524
529
534
541
549
547
559
546
550
543
550
543
531
552
581
625
636
633
620
625
628
635
617
641
634
593
533
499
499
506
505
490
512
543
573
610
609
609
593
602
620
618
624
600
606
609
585
558
523
529
537
522
500
471
462
466
463
468
464
465
480
487
492
478
485
487
483
487
489
479
479
480
471
475
481
485
481
484
473
491
477
485
478
481
491
506
511
510
511
523
541
548
548
546
541
533
549
554
544
536
533
565
589
615
627
643
616
581
570
551
575
588
569
550
525
527
530
527
521
542
536
487
426
379
380
401
404
383
377
423
500
555
553
532
547
549
553
534
532
564
568
557
548
551
566
584
577
606
593
592
592
604
602
549
455
433
428
442
449
472
545
589
598
575
563
586
596
574
560
584
596
581
545
513
482
471
461
468
479
487
493
481
477
489
476
472
475
480
461
471
489
543
569
568
548
559
586
573
554
482
453
446
459
459
465
454
461
453
460
455
455
468
447
450
432
435
430
440
444
436
443
430
432
426
433
451
437
430
475
554
610
616
592
602
628
624
570
514
468
457
480
475
476
470
454
460
464
439
452
453
446
449
453
458
466
450
421
442
509
615
690
712
683
674
673
697
700
652
589
567
567
578
570
563
568
598
616
628
623
607
573
527
487
488
484
483
476
479
493
487
443
415
412
429
423
414
409
419
421
423
414
414
393
367
361
379
389
368
337
344
438
536
591
588
576
565
580
584
580
576
585
595
584
574
542
535
522
534
545
537
534
525
524
518
531
524
535
536
560
579
587
567
555
593
610
611
621
615
626
636
613
624
620
582
528
504
503
518
497
442
428
422
425
432
439
467
463
459
454
464
474
481
461
460
471
466
466
469
476
469
454
445
493
553
588
588
576
582
584
587
574
573
573
550
531
538
555
554
547
541
523
513
492
496
516
504
499
519
540
570
569
555
545
559
560
545
544
553
551
523
506
497
506
507
488
503
541
587
621
621
607
609
603
609
615
617
591
552
523
515
534
529
516
523
535
522
521
526
526
540
539
526
535
520
517
527
522
541
533
543
525
543
528
507
517
534
541
534
520
539
540
533
520
526
539
525
521
538
550
530
505
518
567
564
390
147
