642
658
594
588
629
641
598
579
575
597
593
588
595
608
599
573
544
519
517
526
528
516
512
537
605
647
646
629
615
638
647
638
644
652
604
520
465
460
481
459
454
495
595
650
635
615
626
636
622
613
633
632
622
612
617
644
604
553
510
512
529
542
521
520
505
480
465
475
496
498
460
424
407
401
410
427
458
484
465
460
497
552
585
571
569
573
571
571
561
581
582
578
566
573
592
588
571
559
586
609
609
612
603
609
617
616
579
542
507
495
518
519
508
495
554
650
708
673
607
589
600
612
601
603
611
610
582
522
484
480
484
494
478
483
485
499
516
499
494
505
507
521
509
501
538
576
605
597
595
593
579
534
488
482
487
508
497
496
494
504
492
478
479
489
490
475
463
464
465
441
457
463
466
451
424
380
381
383
396
386
386
384
405
396
395
384
404
406
402
383
394
399
395
364
382
438
525
599
607
608
595
604
602
593
597
591
615
607
605
601
603
595
601
597
593
600
596
576
535
492
483
504
516
506
502
492
486
431
401
410
425
420
409
410
438
455
472
446
460
471
476
443
447
492
554
599
595
580
589
589
596
592
591
582
565
568
550
567
555
552
560
559
566
552
528
527
514
528
506
521
517
531
515
517
519
516
519
531
529
524
512
498
513
569
595
598
599
580
577
594
596
589
588
588
581
587
597
591
585
587
588
595
556
516
512
493
488
492
504
492
461
401
358
336
375
384
364
345
375
391
397
371
363
434
534
593
587
579
576
586
593
581
583
590
598
593
576
544
525
514
528
542
565
594
614
596
583
554
528
496
473
478
499
507
457
399
393
389
394
393
391
409
429
413
413
425
430
418
435
499
604
687
707
681
667
671
689
670
655
635
610
573
558
571
579
550
507
485
504
514
491
487
493
526
545
548
560
572
555
539
537
544
551
559
547
545
554
560
537
489
461
455
458
471
453
443
452
487
552
608
612
576
581
606
605
554
466
424
433
448
450
442
439
456
471
495
475
486
492
478
490
528
568
609
619
597
587
599
613
610
563
538
521
511
516
520
520
509
490
475
461
458
462
469
465
457
462
459
459
461
468
465
469
447
462
466
458
444
425
432
423
444
427
451
453
457
466
465
479
479
450
454
504
567
631
631
608
598
617
637
625
565
495
436
443
445
440
434
447
451
446
458
451
453
447
442
441
442
442
440
450
451
441
434
437
434
417
386
394
486
603
679
692
666
671
685
705
681
637
596
564
576
569
590
590
575
567
569
566
563
573
570
574
571
550
549
578
637
658
666
641
646
673
663
623
565
542
534
539
540
535
532
517
483
457
446
460
470
472
464
444
478
479
486
498
489
503
520
543
573
592
575
560
570
580
597
620
623
618
593
560
544
540
553
546
538
548
550
568
562
545
560
558
555
532
485
451
427
451
505
560
604
598
586
588
582
601
594
569
537
525
517
527
515
518
536
574
603
585
573
593
607
625
626
624
629
633
624
620
632
632
605
531
485
484
506
508
497
476
512
504
485
484
519
575
617
617
613
605
601
618
609
596
597
582
577
556
537
542
550
546
534
490
446
459
463
460
446
451
488
557
590
598
590
586
590
614
605
574
551
547
546
545
551
535
540
539
541
528
541
555
591
607
614
615
595
616
620
611
579
536
521
515
525
515
514
510
527
494
461
452
450
447
447
448
445
456
454
456
450
451
462
469
445
447
446
446
467
458
466
470
473
463
464
459
436
414
397
396
402
413
394
394
416
440
466
487
479
474
453
452
455
489
547
588
577
566
605
628
643
636
618
620
633
645
635
607
626
638
620
578
517
480
447
485
488
484
471
466
473
508
575
625
635
608
606
618
627
620
616
615
638
616
613
621
631
627
615
612
613
629
619
607
610
630
617
610
612
610
614
581
536
486
480
491
491
461
438
418
404
403
427
413
397
412
482
580
623
634
613
606
630
629
618
580
552
509
483
492
501
506
502
496
527
584
618
604
591
609
632
616
575
515
476
472
498
489
490
487
473
486
509
525
520
522
522
510
515
534
574
599
586
583
584
592
583
566
545
534
539
532
541
550
564
581
567
583
563
559
557
539
546
536
549
540
540
555
552
558
552
580
565
551
566
574
566
528
487
449
454
471
476
465
455
449
467
479
468
483
512
551
593
600
583
566
565
576
573
563
554
546
557
538
540
529
510
492
501
515
520
518
504
510
533
554
556
554
553
558
554
528
458
419
402
416
495
590
666
684
673
648
678
662
650
605
588
574
592
600
586
585
563
542
518
516
511
534
525
527
531
526
529
523
526
533
528
528
534
519
526
514
525
526
540
523
515
535
551
533
507
517
552
532
498
522
578
560
385
139
