650
667
604
568
617
626
607
582
585
608
602
586
565
554
517
495
506
525
520
509
500
555
614
651
640
620
630
647
646
602
531
464
452
481
506
485
458
474
509
581
629
623
620
617
628
628
620
624
624
615
618
627
631
603
586
539
530
524
535
539
535
535
539
552
544
541
545
554
543
543
539
526
532
533
535
525
526
493
504
495
490
496
496
480
460
454
440
449
451
451
453
465
452
445
439
453
457
431
401
379
384
385
388
387
389
363
374
437
538
612
611
600
588
606
600
571
564
575
577
591
562
585
575
555
528
503
498
518
522
515
490
504
528
589
629
640
620
616
631
609
582
539
489
496
501
495
501
486
472
472
463
462
473
466
462
476
476
459
472
487
519
545
552
551
541
536
548
537
538
520
502
477
480
481
510
523
549
563
555
550
554
554
546
553
561
592
598
582
578
579
589
601
592
591
580
578
583
583
584
582
583
587
607
602
592
586
584
578
596
599
582
585
587
596
583
571
562
538
505
503
512
522
530
511
513
542
567
594
602
581
588
582
583
592
583
591
588
597
593
585
580
582
579
573
535
519
494
505
516
490
444
411
410
422
439
411
413
406
438
434
395
362
360
353
333
340
374
428
456
470
460
437
456
442
444
478
548
585
592
582
569
587
578
588
583
578
594
606
583
555
533
490
487
488
499
498
490
487
494
505
521
550
550
555
544
539
557
560
555
556
563
554
540
553
546
548
537
559
603
637
630
607
603
621
625
587
553
542
551
545
559
553
549
518
510
505
522
514
520
510
505
504
499
504
500
518
518
491
511
533
561
565
563
580
575
537
470
439
419
433
438
446
456
478
477
480
478
455
460
502
519
555
537
531
553
620
670
675
667
668
671
675
678
655
655
607
569
577
582
601
564
506
473
486
488
482
480
499
506
473
437
407
409
413
415
398
404
412
425
422
429
436
434
432
441
448
455
428
420
403
400
402
398
393
393
374
366
380
401
385
372
355
428
574
651
669
627
609
621
635
627
618
635
646
642
610
574
565
570
566
566
575
570
577
570
590
590
570
538
513
530
538
518
454
431
445
459
447
429
442
449
454
425
430
501
617
677
690
656
647
674
701
689
650
580
547
540
553
567
550
547
556
569
529
464
426
425
441
443
435
435
455
464
469
462
482
487
476
466
468
478
505
511
510
507
501
497
495
541
576
602
610
612
600
600
606
601
593
590
602
608
596
583
593
615
614
575
532
493
481
478
484
484
488
455
441
431
413
416
422
477
554
606
619
591
598
612
611
594
571
601
626
598
581
591
616
610
571
490
463
469
471
480
488
477
471
458
468
465
464
466
471
462
451
459
488
566
606
591
572
590
590
604
579
577
578
573
580
576
584
574
560
547
548
566
575
558
555
543
532
496
491
485
501
500
488
490
495
506
501
504
515
503
493
491
494
514
508
502
517
535
534
533
527
531
546
544
533
548
544
551
552
548
570
549
542
564
612
644
596
545
508
500
530
506
508
512
508
507
487
507
581
606
601
603
590
605
617
607
603
608
629
621
604
613
613
620
622
592
552
511
497
512
530
541
535
517
474
448
446
465
467
456
448
464
479
490
495
480
489
492
489
480
481
502
510
508
513
515
516
519
520
505
513
511
525
535
535
537
538
542
541
542
540
544
548
537
525
536
529
531
539
535
540
541
531
541
540
534
530
529
522
535
540
537
529
540
536
543
538
547
550
548
542
545
544
561
543
538
541
550
606
628
645
619
619
642
629
626
613
629
638
633
599
580
579
574
565
572
581
578
555
538
521
540
515
508
525
547
505
480
427
442
448
435
441
500
575
628
611
601
618
596
508
453
440
465
470
454
447
462
471
463
468
462
451
465
497
580
645
629
560
483
449
433
425
427
492
545
581
571
568
583
588
577
576
575
570
576
576
590
589
552
508
475
470
479
485
475
474
451
465
495
545
575
575
570
575
570
547
513
469
490
500
493
487
494
493
488
436
420
413
430
414
413
418
422
413
381
363
368
387
402
372
372
408
422
440
458
462
454
419
428
501
630
710
702
694
677
685
702
695
674
637
598
566
552
574
593
565
561
570
612
629
623
579
524
486
485
489
493
494
503
491
487
452
413
405
425
426
414
406
416
419
429
409
409
407
425
417
424
422
420
416
433
409
387
358
360
372
385
376
355
359
371
384
366
356
366
377
381
372
376
390
380
361
361
421
530
603
610
591
564
589
590
576
567
591
591
574
540
522
525
529
534
530
528
525
551
568
585
589
604
624
629
627
615
617
622
626
615
632
625
627
627
631
580
554
518
506
509
519
510
482
443
416
430
451
467
473
471
451
451
462
465
470
463
460
461
454
457
469
464
451
453
508
559
585
582
590
581
578
594
594
568
543
513
516
530
554
548
537
507
497
490
504
545
575
623
628
617
586
553
524
531
530
526
522
515
534
540
533
533
517
527
540
540
529
536
535
541
531
519
514
520
536
520
530
531
527
512
507
529
546
540
507
520
572
555
389
156
