619
640
592
574
610
603
602
608
637
650
626
622
629
645
633
636
642
651
615
572
547
553
568
553
541
558
554
561
565
586
625
630
613
626
641
646
575
483
462
467
483
480
485
537
574
624
620
610
614
617
618
623
619
613
613
618
628
623
599
555
541
530
544
541
538
526
536
516
503
486
481
469
432
393
398
413
423
384
392
415
462
473
458
466
507
559
583
586
570
579
577
557
579
601
631
625
624
618
608
536
485
475
512
516
476
485
560
664
713
727
699
694
671
628
603
589
601
607
625
606
570
516
467
465
484
493
489
483
493
493
493
503
511
482
494
501
559
607
640
633
635
627
622
626
619
627
619
632
626
632
626
635
632
638
598
557
515
503
518
527
532
505
465
432
400
379
400
409
411
394
402
416
415
396
398
400
412
410
396
417
423
409
392
386
382
404
395
377
379
443
545
615
622
600
589
597
608
613
588
590
603
607
600
580
524
487
472
489
507
507
465
425
416
400
402
400
398
407
405
406
403
409
403
402
408
409
419
406
393
403
412
404
394
419
443
463
450
454
468
481
465
444
445
506
556
585
585
582
572
587
576
572
560
556
562
563
559
540
534
528
520
518
517
531
524
513
501
505
511
516
502
497
503
516
531
568
584
593
594
578
592
593
586
577
589
597
593
583
590
597
593
578
585
584
592
554
505
489
502
495
492
480
497
501
451
390
353
359
372
371
356
357
367
366
361
371
378
370
371
372
391
365
382
435
503
557
563
549
537
559
545
534
540
552
561
549
544
562
574
566
556
549
575
615
621
633
642
642
651
647
621
602
583
584
577
593
591
564
528
505
491
488
504
512
514
476
430
375
380
391
402
384
379
397
396
394
380
397
393
389
380
383
405
394
375
388
410
404
382
408
482
600
679
688
657
653
672
675
676
669
633
595
558
560
567
568
561
565
571
547
512
493
481
490
489
487
487
511
545
555
563
576
559
527
491
453
437
456
484
549
582
585
587
611
595
548
477
429
423
443
448
442
445
444
432
459
491
498
488
472
491
522
585
610
611
609
585
590
611
608
590
540
525
521
517
523
528
524
509
478
457
464
460
472
462
450
446
446
459
458
458
466
449
437
434
432
436
439
439
440
449
449
482
478
470
443
469
516
582
621
625
607
595
611
637
621
561
485
445
417
434
432
445
423
429
430
429
435
449
448
443
433
444
442
450
460
446
436
428
440
451
445
435
446
448
449
423
402
414
410
399
393
467
602
694
686
661
678
713
694
653
593
569
577
576
577
590
582
548
504
499
495
515
513
501
483
497
543
586
629
640
624
607
607
616
616
599
610
624
640
613
591
545
530
518
527
531
512
484
456
458
471
470
469
464
468
448
471
470
495
486
485
491
496
482
474
508
539
562
556
558
547
543
541
570
615
671
666
626
573
565
568
571
576
566
580
558
533
536
535
550
539
543
546
555
569
565
573
569
574
554
543
546
554
568
585
569
558
515
489
476
458
465
456
450
463
455
469
463
459
440
451
489
555
585
606
598
581
590
599
592
568
529
514
512
518
516
516
514
535
562
584
598
596
577
580
595
630
634
590
537
488
489
507
492
480
485
505
519
509
501
516
510
527
549
581
575
576
570
583
580
581
564
569
585
588
571
555
534
506
509
501
503
501
522
539
562
572
555
534
552
565
571
527
492
454
448
455
456
461
446
441
490
540
588
584
584
572
598
601
582
544
532
537
536
531
531
533
561
579
573
576
581
562
568
548
547
541
550
544
546
550
569
587
588
584
568
581
594
581
566
519
502
498
517
514
510
513
497
484
443
445
450
464
467
456
453
461
450
441
454
456
442
435
438
444
451
442
432
446
438
430
415
448
486
505
487
502
487
487
488
518
559
596
592
572
580
576
588
596
605
617
627
636
624
583
512
461
457
495
505
470
477
502
585
614
607
606
628
643
632
609
605
615
612
613
622
629
577
514
481
484
481
484
470
477
470
435
413
407
423
438
424
402
434
430
404
412
475
570
640
622
616
614
630
636
629
618
611
631
615
580
528
487
478
487
496
516
499
501
505
505
493
490
504
494
489
512
565
616
622
585
506
478
471
490
499
475
472
482
502
524
511
511
521
534
560
571
559
580
575
548
548
533
540
542
538
526
532
567
590
598
609
600
586
574
552
555
564
543
548
558
547
563
548
551
575
565
531
471
450
448
469
478
465
473
480
489
475
463
463
487
545
593
586
579
580
585
589
577
562
552
558
538
537
559
545
548
520
516
505
509
532
553
561
546
532
550
549
558
538
521
511
505
492
505
534
587
634
623
596
598
618
619
582
558
541
524
532
530
537
532
530
542
531
532
529
534
538
542
539
515
521
529
525
527
521
527
518
533
534
549
535
531
534
540
520
515
519
558
528
507
509
565
553
391
136
