647
651
592
584
630
632
616
602
613
621
623
605
609
610
603
593
604
609
581
525
513
526
520
524
502
518
518
507
509
519
519
504
507
535
515
509
541
601
650
634
623
645
659
606
509
455
462
489
474
454
507
599
631
638
622
628
644
605
540
521
537
546
544
536
530
537
533
511
508
502
480
470
459
439
434
451
451
444
437
453
450
453
415
395
364
362
341
353
415
489
552
551
536
539
546
544
541
561
574
578
581
574
587
584
579
573
576
576
559
565
577
590
584
542
509
478
493
481
478
470
472
481
491
495
490
474
460
477
488
492
479
466
472
478
475
477
478
490
490
477
483
482
489
483
474
473
461
463
476
471
486
468
464
486
522
549
549
541
536
547
539
538
506
503
493
483
493
505
518
550
547
547
547
543
536
555
572
584
589
591
563
533
499
508
521
521
516
517
533
566
592
589
581
587
585
587
580
583
595
592
581
581
578
584
574
578
579
590
582
584
589
584
594
572
583
588
584
573
564
571
567
563
544
582
584
561
561
580
579
555
510
483
490
500
477
441
422
402
371
342
352
350
364
336
338
388
426
459
468
470
459
426
439
476
550
593
589
584
590
593
590
579
601
603
557
504
483
493
521
508
498
503
513
502
490
481
504
542
552
553
542
539
558
548
560
553
553
559
551
547
553
543
557
547
560
553
549
539
541
559
550
546
546
570
602
626
641
625
618
631
626
599
562
545
551
560
561
547
536
521
512
500
510
517
518
508
492
518
563
582
573
516
456
436
435
445
450
436
439
452
478
489
469
458
459
491
534
527
538
555
547
532
526
579
631
665
673
662
660
660
671
666
648
608
585
584
585
592
578
577
584
589
545
511
468
476
488
483
475
471
490
506
485
434
407
409
423
418
411
405
417
429
439
430
447
443
444
423
414
400
396
400
401
396
396
409
404
413
397
406
409
406
388
385
385
382
378
384
393
390
387
379
402
393
361
358
459
575
658
649
615
627
630
628
638
631
615
601
572
567
586
578
571
564
577
580
587
573
590
583
573
563
579
591
580
537
514
536
546
539
524
534
543
524
456
416
435
474
456
413
431
508
611
679
703
661
673
673
690
682
646
581
555
546
561
519
466
425
420
438
443
457
449
476
479
464
460
472
501
512
513
504
520
519
504
509
517
521
511
499
516
545
579
612
612
606
594
612
614
616
595
608
604
606
597
602
613
601
565
519
486
461
476
492
488
486
494
473
478
476
475
498
498
494
472
484
493
486
461
437
432
440
419
413
459
549
623
637
603
599
619
616
571
502
476
475
492
479
460
472
483
475
452
453
479
470
453
456
486
544
585
586
571
578
580
586
579
572
581
584
579
564
572
564
578
569
575
550
548
549
556
546
502
488
487
483
499
480
477
492
494
499
497
499
495
507
499
509
507
500
510
520
534
536
531
520
544
539
544
548
552
546
550
545
559
569
595
629
632
637
629
595
623
639
620
607
540
507
504
515
522
516
507
498
507
530
586
616
620
611
625
620
606
618
622
620
591
544
503
514
530
515
530
526
510
470
462
438
446
463
472
456
477
489
496
478
488
492
501
498
520
519
512
520
509
512
510
528
538
538
548
542
531
533
572
593
633
643
630
615
589
581
584
570
585
579
573
577
560
546
530
518
542
528
502
416
389
402
413
395
394
430
508
547
543
529
534
543
549
536
549
549
563
579
557
559
556
567
546
552
560
561
565
553
553
564
571
575
593
592
603
579
592
599
608
605
546
481
429
421
435
442
424
406
417
468
531
581
590
574
570
574
561
573
573
582
587
587
583
583
551
517
486
490
489
488
483
472
466
467
470
497
547
584
596
574
568
582
588
571
558
581
598
572
500
430
423
429
445
431
429
452
448
444
434
432
435
440
436
435
439
440
431
434
443
479
492
490
501
482
490
509
566
575
577
559
573
569
585
581
591
610
629
613
563
512
479
493
483
459
436
430
426
417
418
412
424
408
415
399
382
357
376
383
371
355
366
437
535
587
597
584
557
577
595
575
576
586
589
595
566
537
513
524
535
529
528
519
542
575
581
586
583
561
583
588
591
620
637
621
600
620
636
630
599
541
513
500
515
526
507
505
504
516
519
492
463
423
425
446
425
436
427
437
468
468
470
464
463
466
450
456
500
545
601
605
577
572
571
580
589
578
564
556
543
525
551
562
522
504
496
508
505
512
508
498
504
499
506
515
540
564
551
557
562
545
525
520
502
503
515
512
516
504
502
504
512
520
493
508
533
577
621
613
610
606
608
613
621
614
584
550
518
531
535
528
517
518
513
543
526
518
542
540
538
511
517
525
532
535
512
528
519
523
523
529
528
537
523
538
546
528
521
531
545
537
535
539
545
523
510
532
569
553
387
152
