646
667
616
578
613
618
589
565
594
607
615
594
579
541
515
498
511
514
508
498
536
604
653
630
606
621
672
668
599
523
474
461
466
522
589
629
644
622
612
627
621
622
633
633
639
625
634
602
615
616
609
638
633
620
614
609
623
627
620
613
615
632
612
566
526
483
482
494
502
503
488
481
490
497
510
503
501
520
552
550
564
561
559
562
560
577
598
602
582
591
606
596
573
522
484
484
477
474
471
471
490
529
576
611
610
599
574
594
606
561
521
491
490
503
500
524
504
518
501
498
499
499
523
513
517
509
478
426
408
394
417
420
410
423
436
455
433
426
422
421
408
404
403
435
451
464
472
465
456
453
462
486
536
594
597
591
567
569
567
555
574
578
569
560
561
576
616
666
665
613
563
533
529
531
545
540
534
518
488
483
486
483
495
492
466
408
379
385
419
465
487
468
471
482
473
471
460
487
467
453
458
509
576
615
607
592
585
599
599
597
559
555
558
555
548
542
504
501
497
501
497
492
509
543
566
571
559
589
584
572
573
590
604
595
584
587
598
607
558
482
428
429
442
434
425
428
434
442
420
402
419
426
418
398
396
497
618
705
713
677
683
694
666
631
603
603
607
625
618
620
591
540
503
499
519
531
515
507
503
476
460
459
470
480
476
477
473
480
473
482
503
543
564
558
571
565
569
566
557
554
566
562
542
573
572
538
511
480
473
499
499
524
533
526
526
523
518
556
611
668
668
636
636
648
661
633
603
557
530
531
529
518
525
536
520
531
527
537
526
513
557
639
689
697
659
671
693
696
652
595
558
585
580
548
467
441
435
464
465
456
451
440
415
423
423
431
428
400
401
465
547
596
597
598
596
604
601
551
499
489
482
506
505
497
497
500
504
510
480
454
448
431
440
441
448
445
448
461
466
457
458
472
479
473
457
463
472
468
448
430
415
419
428
424
417
444
460
462
466
496
545
581
597
564
572
578
589
577
552
567
556
557
577
603
632
635
610
605
626
631
597
535
500
503
525
529
512
494
521
541
597
635
644
623
620
642
648
637
589
531
499
475
490
494
495
495
500
503
461
383
347
337
362
363
352
345
372
383
376
356
338
393
424
447
464
495
577
610
600
589
589
600
596
579
549
544
540
537
526
542
528
545
538
535
511
510
515
512
503
507
507
522
513
499
504
540
593
604
618
606
597
588
566
548
552
555
556
549
554
538
529
520
518
518
514
521
533
537
540
522
536
573
627
652
681
667
616
582
566
570
562
557
527
491
487
509
528
558
599
615
590
603
590
606
618
579
532
531
549
574
602
599
595
595
601
580
561
559
580
571
566
560
554
574
537
484
437
454
461
434
424
427
436
420
411
465
559
605
615
590
592
628
619
568
496
465
467
477
469
458
472
480
472
479
475
462
464
464
473
474
471
474
469
475
459
473
472
467
449
465
518
596
648
652
648
637
590
525
470
442
466
490
469
448
465
534
627
673
671
657
647
636
656
679
666
620
601
583
590
574
566
553
554
539
517
503
496
510
514
491
494
522
561
597
592
593
596
599
590
605
608
596
559
498
481
483
486
482
487
493
485
479
451
455
468
476
479
476
466
469
463
477
476
480
477
497
544
572
584
569
556
580
589
557
528
538
533
540
542
540
544
545
532
540
559
598
623
614
616
620
588
557
518
507
512
517
531
528
527
505
511
523
527
534
522
528
525
531
527
510
526
521
521
515
507
543
573
599
595
597
579
600
590
590
590
592
583
553
560
558
557
555
548
553
562
593
596
593
593
590
605
620
597
596
596
612
596
600
600
596
574
532
497
489
498
500
487
490
494
463
443
417
420
446
415
417
421
439
433
435
454
449
466
441
443
446
473
507
516
522
504
499
501
555
624
655
658
649
651
616
600
577
569
577
565
549
558
559
550
545
541
543
543
540
529
548
546
537
533
546
539
527
530
555
636
662
661
658
658
696
686
648
578
552
561
557
556
546
562
549
520
494
486
486
533
594
634
646
631
601
587
593
582
576
575
588
580
557
530
520
514
518
498
517
514
505
465
441
434
440
448
438
445
449
446
440
406
396
391
406
394
385
374
399
414
441
457
478
456
466
453
457
463
463
459
463
493
549
591
586
569
579
586
596
583
581
574
576
580
568
581
579
575
560
559
568
544
542
538
542
546
537
523
509
510
498
511
512
520
546
556
557
559
561
563
557
531
518
499
503
512
506
506
507
512
496
510
513
507
499
504
530
581
612
625
608
600
613
597
621
610
584
551
514
507
536
538
535
526
538
538
535
514
526
545
539
524
523
525
539
524
522
521
524
512
544
540
541
537
532
538
535
521
505
510
534
522
533
534
539
534
531
531
551
537
501
521
565
562
399
146
