629
649
590
572
599
630
596
586
573
590
604
595
588
577
582
572
588
598
606
589
569
511
487
472
485
501
481
471
480
489
504
487
490
513
561
597
599
583
607
617
590
557
494
460
459
466
467
440
452
460
451
455
445
454
455
460
501
563
627
628
617
607
625
633
619
615
622
646
628
615
636
629
627
613
615
631
635
572
516
481
460
473
466
464
485
480
486
479
461
468
469
474
470
473
455
456
519
606
660
650
623
626
639
638
583
510
466
468
484
487
472
467
518
616
653
668
638
651
660
662
656
613
574
540
538
552
551
562
556
520
508
495
504
491
502
496
492
494
510
575
604
616
599
587
598
606
603
603
599
572
564
544
561
561
548
544
527
520
531
525
513
527
558
567
591
582
595
596
588
585
588
577
587
597
626
643
638
614
619
635
649
594
524
490
481
501
501
489
508
514
521
521
526
517
516
516
529
582
606
597
587
602
614
612
557
512
476
480
477
437
413
382
401
453
485
505
538
570
581
585
560
565
557
571
564
547
525
478
466
485
492
489
471
480
540
626
674
693
685
659
640
600
591
576
572
593
613
617
626
631
643
632
633
611
628
622
625
602
537
475
473
470
481
499
482
479
464
466
450
442
452
510
615
695
713
692
646
615
596
604
597
612
594
569
582
594
559
519
480
477
481
501
455
434
418
416
421
417
413
418
429
429
453
454
443
440
448
449
449
445
437
434
452
443
428
430
441
445
466
464
474
459
465
453
434
427
429
425
438
434
434
432
430
414
411
435
442
441
426
446
447
425
411
465
558
618
625
590
608
626
584
482
434
445
460
452
453
507
562
618
608
592
598
602
612
592
584
595
604
611
593
594
587
601
604
606
584
582
603
601
593
596
611
624
573
486
424
412
449
436
417
419
472
542
603
577
571
562
578
566
574
572
581
580
591
579
594
579
561
539
533
523
537
540
539
533
540
549
549
563
552
566
564
563
566
568
575
562
531
511
512
516
535
517
509
542
545
570
553
558
559
565
564
571
569
564
528
457
425
435
444
440
445
435
445
443
439
432
436
439
441
436
442
444
432
432
432
436
434
445
444
444
436
438
448
449
448
438
440
448
442
439
429
436
432
432
456
476
514
507
492
493
510
515
508
477
502
535
564
590
600
600
612
597
598
598
610
581
509
494
474
486
495
493
497
488
490
489
486
480
496
495
493
495
483
484
478
505
518
516
521
521
536
588
619
607
609
611
603
610
601
594
602
617
610
609
633
618
577
507
464
455
475
477
482
479
486
483
466
482
493
476
479
458
441
438
451
436
443
473
467
436
458
516
635
709
714
683
689
702
716
665
614
562
566
574
578
568
576
567
578
610
653
644
602
545
524
542
542
514
521
534
541
511
452
420
426
419
433
416
429
441
432
424
429
407
419
402
413
412
409
400
448
522
575
566
535
523
546
541
538
534
533
547
559
567
572
539
508
474
477
487
487
491
497
483
480
534
621
677
708
670
665
688
709
655
585
538
560
566
570
546
560
569
566
554
560
556
563
557
563
572
569
564
545
557
570
559
563
567
561
550
555
569
566
551
550
566
594
619
622
610
629
631
627
600
573
557
561
554
555
551
549
550
554
552
556
563
553
551
552
552
558
566
592
593
552
513
479
474
494
488
487
476
486
487
476
484
485
493
491
496
504
509
544
570
563
556
551
566
563
564
528
511
509
527
519
509
512
516
540
554
545
548
549
537
541
530
559
587
624
617
595
588
591
610
609
584
539
525
526
529
536
528
534
529
523
527
540
526
527
530
534
535
531
553
543
543
543
519
520
542
536
529
520
542
579
589
584
596
590
576
588
587
557
554
550
549
559
547
547
541
546
546
548
536
554
556
544
552
552
581
592
612
620
626
608
618
640
644
581
518
484
500
499
510
509
496
480
428
420
411
421
416
409
414
422
460
483
493
485
477
468
489
507
533
560
578
565
523
460
418
422
421
447
427
423
440
426
432
448
507
599
655
651
636
636
651
671
645
581
512
481
479
481
493
498
491
482
471
487
486
468
431
436
512
625
698
707
698
688
690
713
689
678
656
628
587
587
609
619
553
469
439
442
465
429
399
406
424
418
368
378
465
587
677
679
660
663
679
653
593
540
535
557
562
548
551
587
609
609
603
609
625
634
609
604
620
595
543
500
513
534
520
515
520
525
518
490
508
539
602
622
625
628
629
615
603
606
613
602
565
538
536
566
571
572
557
576
577
543
485
464
454
463
477
463
446
462
487
485
489
472
467
476
473
471
470
508
567
588
578
574
572
596
577
555
545
552
551
557
540
550
557
547
519
519
495
512
531
545
556
559
551
550
564
561
545
539
520
515
516
508
506
499
504
546
592
621
631
602
599
603
610
609
602
617
621
599
605
611
623
599
549
523
537
548
533
526
503
534
539
536
527
527
533
529
519
533
533
522
525
542
546
530
515
531
554
537
516
520
543
534
504
525
566
568
391
151
