647
672
601
580
618
620
612
605
613
628
616
606
608
631
628
624
608
621
610
608
614
609
612
625
607
599
595
595
577
580
573
581
587
587
573
526
514
512
513
519
532
582
646
661
660
637
633
665
642
586
517
459
451
474
483
465
457
459
507
593
638
624
604
606
609
622
613
620
610
617
606
617
610
612
614
611
600
598
611
614
588
521
487
477
491
494
494
498
493
500
497
488
501
535
521
517
523
560
574
576
550
563
574
581
540
482
460
455
469
454
440
455
493
576
619
623
594
608
619
620
581
527
502
516
516
487
435
412
402
423
423
411
406
412
419
415
421
425
421
416
405
413
412
422
414
410
421
422
440
439
430
435
443
437
438
428
433
429
433
447
445
435
437
434
421
429
405
405
409
428
415
447
468
476
465
461
467
459
460
461
470
466
471
452
459
464
470
472
455
467
475
478
475
460
464
461
465
457
467
471
463
459
468
468
471
462
473
470
447
454
480
543
580
575
560
567
571
567
576
576
554
515
495
493
512
510
480
486
524
599
625
614
625
626
641
625
613
624
630
595
547
517
510
532
533
524
522
512
483
465
454
463
474
469
457
459
468
485
486
495
487
490
479
490
513
548
595
588
586
587
603
603
591
551
540
530
553
551
553
546
536
540
546
547
528
508
500
499
512
502
489
478
493
522
547
563
575
572
558
573
585
564
558
588
618
618
552
485
451
425
421
429
448
447
422
428
494
609
697
705
689
664
684
695
697
688
663
632
600
598
624
620
609
601
625
612
574
526
500
518
505
477
463
462
480
486
488
473
476
480
517
553
564
568
555
556
554
539
501
475
481
480
489
480
483
485
495
497
526
533
534
523
522
526
524
521
573
611
658
649
644
633
655
670
663
617
589
573
576
586
581
571
575
568
555
516
474
466
480
486
473
483
511
542
590
590
565
574
607
624
621
623
628
637
637
616
595
573
576
550
569
590
568
537
488
439
433
440
462
452
441
449
430
407
415
424
436
420
400
406
448
543
602
609
595
597
605
600
594
589
587
598
590
591
595
580
591
576
579
600
598
575
586
597
602
590
602
606
588
564
507
491
472
477
480
498
500
492
484
475
484
492
482
461
445
429
452
465
466
469
471
469
467
458
432
416
420
431
429
428
410
426
449
459
472
469
462
453
457
484
544
591
598
589
578
589
578
549
564
563
562
562
560
574
611
638
642
629
622
617
624
620
586
542
514
501
507
520
506
494
508
523
516
512
500
518
516
527
520
517
511
511
515
537
516
497
508
544
614
634
613
595
614
621
618
617
627
619
585
529
486
484
500
497
494
500
520
524
472
409
340
344
387
435
458
449
452
441
440
448
487
555
600
619
594
588
599
611
595
575
538
549
538
538
546
544
520
544
550
535
536
528
515
511
517
509
505
517
517
505
505
517
525
583
602
618
596
602
598
613
618
594
566
548
560
559
564
552
549
560
523
511
520
528
522
527
527
524
548
541
528
534
529
542
582
634
654
671
670
667
654
673
668
662
639
597
570
554
541
514
488
465
486
523
566
614
619
603
601
599
616
588
573
534
530
550
546
542
536
539
538
544
548
587
609
610
605
610
614
600
582
568
569
579
574
569
574
552
491
452
432
463
453
436
426
444
450
434
418
475
566
614
607
588
605
617
569
499
446
448
484
483
471
473
480
469
468
470
481
472
453
459
502
580
645
672
671
611
540
479
464
488
497
478
471
489
501
481
464
463
485
483
470
476
480
493
473
470
516
596
655
669
664
661
682
679
643
642
653
648
644
599
572
594
594
581
573
582
585
573
547
546
555
557
544
526
539
540
519
499
492
512
505
491
506
540
582
592
610
602
600
584
537
493
487
506
510
497
485
513
475
458
455
472
469
449
463
505
559
580
585
577
580
587
595
583
569
544
529
531
546
544
542
533
533
531
545
510
496
521
510
516
502
510
550
579
598
617
616
597
577
565
549
562
558
551
560
555
557
538
556
552
549
551
572
594
602
594
604
608
613
591
579
605
616
581
524
493
492
505
482
440
411
413
434
430
415
414
420
436
447
451
444
446
445
446
468
500
514
512
501
508
509
502
496
525
602
653
657
644
630
671
681
632
576
570
570
564
563
575
582
570
552
528
531
538
523
515
562
640
673
685
653
650
654
673
666
667
662
653
676
657
661
668
666
674
668
659
647
659
668
633
578
546
540
536
517
492
488
508
518
503
484
503
542
578
625
638
633
620
624
622
632
593
549
519
506
509
498
487
456
427
426
434
459
442
417
394
371
386
385
387
389
419
433
466
463
464
452
457
463
472
455
463
484
561
605
605
588
581
598
616
584
558
537
538
558
541
519
467
437
422
446
481
494
488
491
489
490
493
510
558
559
558
556
552
556
514
505
505
512
512
505
491
532
588
623
610
606
615
620
607
610
624
620
614
597
608
610
604
618
612
611
573
551
530
533
533
525
540
539
540
525
516
525
518
519
526
519
531
535
529
522
519
519
514
530
532
540
525
526
531
530
526
520
530
531
527
527
532
531
516
526
530
526
530
519
525
532
519
522
523
532
522
523
537
531
535
513
514
550
509
500
518
573
563
387
146
