639
649
574
567
580
597
594
582
595
567
491
431
427
454
460
446
431
435
453
448
438
432
453
464
456
436
442
509
582
654
666
637
625
648
647
604
518
467
459
477
464
449
447
519
588
627
641
616
620
623
626
624
621
629
625
592
547
530
525
549
549
518
497
495
499
508
496
502
487
500
498
509
490
496
489
452
442
417
454
452
423
380
365
369
385
362
362
409
490
556
555
536
530
544
554
562
561
567
567
573
562
565
563
569
572
572
601
589
565
569
575
580
588
547
502
475
472
488
503
488
481
464
485
485
481
465
479
504
524
544
556
540
522
510
493
486
496
515
547
562
558
541
546
580
596
598
580
587
586
600
589
593
563
529
517
509
519
510
520
517
530
517
514
510
521
521
524
523
516
509
513
507
507
544
576
583
586
590
590
587
580
583
605
597
601
587
588
596
590
570
563
567
569
572
567
570
571
572
566
581
587
558
523
510
508
505
495
495
501
502
494
443
418
410
432
437
423
398
364
349
349
343
364
378
423
458
466
463
448
454
507
553
577
590
568
581
578
588
589
552
521
490
479
506
494
481
493
519
542
559
552
548
545
556
542
538
550
560
552
544
550
562
595
624
635
640
627
602
565
544
546
552
562
554
552
534
514
511
503
511
510
507
515
523
517
501
524
550
592
577
565
561
581
573
533
468
442
423
442
441
442
430
445
448
436
428
451
459
467
470
480
482
466
466
476
479
469
450
469
492
508
539
562
629
680
683
642
593
603
586
558
498
472
466
495
491
491
473
446
408
387
419
429
419
400
425
421
414
425
424
447
440
444
429
435
445
425
419
424
400
390
385
408
395
413
393
396
399
392
367
373
380
389
362
372
446
575
659
653
620
619
631
644
620
616
604
573
567
577
575
578
574
572
582
574
567
579
576
585
574
579
595
572
540
532
517
525
538
522
535
543
526
472
430
427
455
452
441
426
446
450
451
427
417
463
443
410
416
500
618
691
677
658
663
691
683
625
579
556
556
548
547
551
549
561
554
561
568
571
560
554
569
545
544
559
555
531
467
435
436
448
450
442
432
443
442
436
435
436
428
433
439
471
472
480
469
474
468
452
468
481
514
514
510
507
515
504
504
507
519
519
497
498
544
590
614
601
599
596
612
608
600
600
584
602
610
612
570
510
482
472
483
489
494
481
444
395
428
465
559
606
626
607
605
605
610
601
578
524
463
449
483
482
475
467
468
477
462
456
465
463
473
448
451
490
545
589
589
585
570
579
577
567
576
574
585
580
569
559
546
551
559
573
565
564
532
516
492
480
488
497
496
487
506
509
496
504
499
493
491
505
501
491
497
496
501
507
506
500
501
503
508
517
522
521
525
529
533
538
538
545
546
541
560
567
612
632
630
611
622
635
625
588
525
501
516
532
524
504
502
535
582
621
612
616
610
601
610
606
610
609
621
610
611
610
601
613
620
594
555
514
515
528
524
533
530
499
475
450
448
466
460
463
464
468
463
455
462
462
467
455
467
471
490
482
483
481
480
485
494
509
516
518
514
507
502
511
504
526
526
529
544
535
537
532
519
527
533
544
545
546
533
553
543
546
543
547
543
530
554
589
617
646
623
627
619
647
636
618
584
568
565
574
581
588
569
568
530
548
517
529
527
534
532
491
456
391
382
405
396
399
388
450
511
552
559
554
552
563
552
563
560
564
558
581
606
602
589
598
609
608
520
464
435
448
438
447
466
516
570
580
555
559
571
578
575
562
587
587
591
558
578
605
600
536
463
459
513
612
665
661
644
654
674
672
625
600
591
597
575
567
586
588
588
552
530
509
496
489
502
512
500
475
431
419
423
418
391
378
404
409
428
432
489
623
719
727
683
669
700
704
664
586
540
557
581
579
565
562
602
619
624
615
616
614
573
504
477
489
490
460
412
389
385
396
396
398
409
407
389
411
456
549
606
603
607
589
601
609
605
586
578
563
529
513
543
549
563
567
594
595
574
572
593
625
618
580
533
515
520
518
514
530
523
499
436
425
411
438
434
421
412
428
453
460
463
457
469
456
471
493
555
590
596
579
564
571
566
579
579
565
548
548
548
551
552
553
538
516
503
504
505
506
500
528
543
554
551
562
560
551
510
499
501
504
514
508
510
534
547
557
525
512
526
548
536
526
525
520
540
534
525
519
530
531
516
520
543
539
529
514
530
524
525
507
533
549
527
500
509
575
529
390
145
