646
649
604
595
609
610
602
587
587
603
591
599
599
592
546
518
500
528
525
522
499
505
558
620
639
640
635
624
608
525
470
450
478
492
466
462
521
588
621
626
613
631
628
618
621
634
596
531
475
462
464
457
447
453
467
448
441
491
619
709
712
672
663
702
691
676
683
698
713
700
683
688
689
695
698
699
660
630
594
575
587
585
578
574
587
595
586
593
555
522
480
470
495
498
479
480
478
503
473
475
492
511
493
489
505
503
508
495
508
552
570
542
544
565
572
517
491
521
623
706
697
665
658
680
693
688
679
650
592
559
555
557
577
577
567
574
577
582
593
612
635
626
607
631
650
609
514
471
468
494
502
468
475
491
491
466
433
416
408
410
413
421
413
382
381
466
579
667
664
625
643
655
660
639
636
658
662
630
572
562
575
570
580
580
581
579
588
571
567
585
588
587
588
587
579
584
586
587
578
563
546
554
573
574
524
464
408
411
426
438
427
410
422
440
434
424
406
426
448
432
382
394
500
619
707
706
695
686
677
663
629
591
582
602
608
605
563
512
474
470
471
482
484
482
485
484
480
470
482
484
499
479
489
494
514
509
515
500
492
526
557
571
575
569
573
571
577
588
570
562
578
584
577
573
577
571
589
609
630
631
640
621
628
628
633
635
604
590
556
541
555
564
555
570
556
556
563
547
540
537
531
541
557
543
543
556
582
597
587
584
587
591
600
555
524
502
493
508
507
472
470
451
473
454
467
459
486
483
477
474
482
492
500
491
490
501
493
470
453
428
435
427
430
439
441
434
425
439
431
430
440
441
436
414
364
356
378
428
450
467
465
447
454
457
482
542
588
588
591
605
637
641
615
613
631
644
649
594
525
490
481
493
501
499
501
481
466
431
439
458
458
437
435
498
576
598
606
590
590
612
611
595
576
582
603
592
568
544
525
516
519
524
532
500
512
562
630
665
657
647
635
637
642
639
644
633
652
628
641
647
641
649
656
649
592
526
465
450
478
478
485
471
462
453
418
411
406
422
456
524
578
579
562
556
564
573
565
552
564
566
561
579
576
594
593
574
580
591
586
571
567
574
596
572
526
499
491
508
513
511
516
504
507
526
557
554
553
545
537
555
548
563
585
616
609
607
591
598
619
590
598
582
576
544
540
542
553
551
543
557
577
590
612
598
594
596
587
554
506
471
481
495
511
496
460
430
427
417
412
406
420
409
404
412
404
425
419
422
424
429
409
397
378
387
391
384
380
376
393
395
386
390
389
380
367
401
430
463
483
464
456
455
471
485
512
522
509
506
526
563
598
577
579
568
578
576
586
583
596
606
591
586
583
591
583
547
533
535
544
541
550
541
547
544
540
568
564
563
555
561
567
572
525
467
432
420
435
445
437
430
435
430
436
409
421
432
438
426
436
442
428
424
423
482
548
568
578
561
576
628
651
640
633
628
640
649
643
616
589
590
593
583
575
591
606
592
571
538
519
526
517
503
482
477
486
489
487
493
486
459
427
398
392
416
405
404
401
406
390
376
386
397
389
348
359
428
525
594
589
566
567
569
577
565
575
613
629
647
640
629
642
626
606
593
590
588
590
572
592
581
563
542
548
533
524
528
542
539
514
486
478
490
480
478
478
491
485
466
461
532
626
707
716
681
638
578
525
508
521
535
522
509
530
584
611
607
600
604
616
603
607
591
597
611
609
594
600
606
611
604
603
613
605
604
599
623
606
596
619
606
606
597
606
607
612
617
603
610
631
618
605
585
565
540
522
529
541
547
548
506
470
451
441
445
458
460
438
451
479
465
439
413
403
423
426
404
389
467
551
614
614
608
614
615
632
612
637
611
605
606
608
600
609
608
617
619
584
527
484
472
486
468
481
498
491
465
451
472
508
516
506
514
556
597
590
562
573
595
594
579
537
539
545
551
568
565
565
566
567
569
568
557
540
531
513
525
528
517
522
517
532
565
594
588
571
567
572
589
577
531
478
422
418
421
429
441
427
430
432
425
443
442
424
432
454
440
416
430
471
571
627
655
629
613
626
624
626
619
623
623
636
630
616
626
640
646
605
531
486
473
505
515
496
494
520
573
615
591
592
594
609
616
612
560
526
506
499
500
503
518
537
511
483
453
459
465
467
474
469
477
461
448
423
424
443
443
435
436
422
433
443
433
425
425
435
435
410
398
390
391
400
389
395
373
381
388
405
441
473
476
456
465
495
549
591
598
596
584
582
570
565
560
561
578
567
542
493
475
468
469
493
488
472
476
478
468
439
412
413
451
477
471
460
508
561
615
607
600
592
623
599
558
519
524
535
533
529
529
547
549
520
504
528
539
521
526
526
527
540
517
525
536
525
513
536
540
536
521
510
525
540
534
515
538
531
528
516
528
530
534
501
521
577
562
398
163
