632
646
602
583
623
630
612
587
604
628
613
622
608
631
626
596
575
592
611
605
575
535
519
526
511
505
529
541
595
635
659
663
646
611
545
478
446
477
542
584
616
635
629
620
609
622
627
619
604
613
644
638
583
507
471
481
486
483
471
473
470
445
436
492
629
719
721
682
676
680
699
671
616
583
591
587
595
581
591
597
585
583
589
597
588
586
590
608
599
584
583
617
602
550
500
477
474
484
487
481
498
506
490
480
497
536
554
564
552
557
549
539
553
557
552
550
553
551
567
519
494
471
479
487
470
455
513
617
684
694
663
664
683
692
645
583
560
573
576
574
572
563
570
578
602
636
631
621
607
617
637
625
583
508
463
438
411
411
398
417
411
388
393
472
594
667
659
644
638
669
684
658
619
582
557
553
567
557
578
571
569
573
573
579
580
569
573
568
574
578
571
588
595
602
613
608
608
598
603
598
587
578
549
547
551
554
559
530
477
441
433
437
439
439
444
445
455
469
496
498
510
513
515
495
489
524
585
618
615
598
612
614
580
529
487
481
493
506
500
492
490
487
493
496
495
489
481
489
502
502
498
483
486
505
512
501
498
499
507
488
513
543
587
568
574
580
583
606
640
634
611
603
632
615
606
578
563
564
565
550
554
553
553
557
545
547
548
552
541
542
542
562
568
589
591
599
599
588
553
534
505
499
499
506
485
478
477
467
461
466
464
484
478
469
468
479
483
472
482
490
485
492
484
473
454
438
428
432
429
432
429
441
421
389
347
353
369
379
367
355
374
371
342
341
380
435
461
448
451
461
471
445
449
478
551
592
579
577
564
591
593
579
575
593
614
634
637
633
628
636
631
602
605
621
615
593
516
470
476
509
484
427
424
490
564
614
591
569
586
613
601
602
571
559
534
509
522
524
521
498
518
559
607
639
667
641
640
652
662
667
607
525
462
481
502
505
451
424
474
536
572
577
564
555
568
560
570
573
583
578
592
588
576
563
527
512
504
503
509
512
513
507
508
502
510
497
505
496
510
530
546
537
552
551
565
559
545
525
565
586
617
612
614
609
611
609
577
574
554
543
541
553
545
553
539
566
575
585
601
583
588
593
590
576
592
588
595
583
579
584
592
585
572
582
587
588
564
520
488
486
491
507
507
494
480
438
423
414
430
408
418
416
414
427
415
421
425
432
435
433
429
434
416
398
379
377
383
386
366
369
380
403
452
491
515
532
578
577
587
575
581
588
593
579
516
497
512
520
514
498
516
566
606
609
591
584
587
604
594
592
581
592
574
584
594
595
571
552
544
533
548
552
549
556
553
561
571
570
553
562
575
571
533
483
430
416
441
444
430
424
433
471
532
578
596
578
575
567
573
584
580
574
588
625
640
632
641
662
654
628
602
585
570
598
593
557
519
497
519
533
534
512
499
488
467
479
490
487
454
416
395
386
397
397
396
399
404
390
391
390
399
385
369
379
443
523
572
578
578
568
568
562
579
606
655
650
631
633
640
642
626
626
639
643
641
626
623
639
643
623
601
581
573
579
584
572
570
549
542
540
545
544
546
523
488
466
482
478
470
462
520
615
696
687
651
657
699
711
640
544
502
510
529
533
517
514
521
529
521
509
527
547
581
603
612
609
596
608
603
600
611
613
601
603
615
604
591
544
516
524
533
536
521
514
521
538
539
531
537
541
528
533
524
531
503
520
528
539
530
504
470
453
460
446
457
475
478
442
410
396
396
398
415
402
406
417
403
412
408
394
416
474
550
624
627
604
611
618
610
618
603
618
617
610
600
609
609
605
580
590
618
612
574
519
478
486
483
467
414
379
380
432
475
507
506
498
508
498
503
501
522
563
585
584
575
570
573
594
583
546
546
540
545
545
533
547
542
553
561
563
580
568
559
555
563
569
553
547
533
522
516
525
521
537
554
588
582
580
575
584
596
582
541
462
424
410
428
432
437
421
440
436
430
438
482
571
630
658
641
620
637
646
623
583
538
517
503
512
511
507
505
492
502
525
566
612
621
586
598
611
609
580
549
499
507
511
513
522
509
502
485
456
453
463
452
454
464
464
456
469
468
470
461
471
472
462
474
465
455
439
429
433
432
429
429
431
443
439
417
403
391
412
444
469
477
463
459
458
476
451
460
440
497
559
585
590
575
569
584
573
572
552
542
545
543
545
549
545
550
535
550
552
535
512
504
513
510
519
501
500
505
525
558
559
558
556
556
559
538
521
503
520
571
634
631
614
601
619
617
596
540
533
532
528
538
512
528
524
536
519
519
532
534
539
532
534
527
518
526
526
528
524
523
524
539
526
520
515
532
531
512
523
541
537
506
515
566
546
375
154
