617
642
579
557
596
622
594
569
537
515
508
544
596
651
644
627
636
661
653
645
641
638
659
631
638
645
638
630
628
640
660
631
602
620
656
657
602
526
476
472
477
480
471
474
463
477
524
571
620
646
630
624
630
628
626
616
628
626
620
612
609
623
624
623
626
620
627
633
621
578
521
462
467
491
492
469
466
491
488
472
460
485
478
466
463
467
466
456
448
497
589
656
668
632
620
640
651
640
646
671
657
592
524
483
479
478
494
540
603
653
655
631
636
651
656
642
628
642
649
662
645
627
645
657
624
568
545
538
555
562
537
525
494
510
494
504
505
492
486
525
575
609
609
606
604
621
622
586
573
535
536
551
551
563
557
552
538
533
517
515
535
550
587
594
590
585
580
607
622
627
620
604
621
632
639
630
632
637
631
588
530
485
496
506
499
489
493
510
520
530
536
531
531
523
523
515
522
524
549
585
605
602
623
601
565
521
464
471
480
477
479
470
465
475
490
464
441
403
401
404
389
408
401
440
483
509
521
513
486
501
507
526
514
514
500
523
521
520
528
508
517
522
516
506
505
516
509
498
516
517
512
518
513
513
516
500
524
563
598
582
539
495
472
482
473
484
496
480
471
476
539
634
705
704
681
670
694
700
652
592
556
587
584
575
558
599
643
645
588
528
494
485
485
480
489
489
485
494
489
485
478
436
439
474
470
440
448
512
636
692
713
691
699
702
701
684
674
658
610
587
574
603
589
605
606
600
562
498
471
469
491
502
499
485
464
452
416
410
426
421
418
402
427
460
454
442
439
448
450
448
434
447
442
444
442
435
448
446
442
441
453
460
466
470
464
461
459
460
468
433
435
441
439
434
427
421
440
440
429
433
431
423
427
423
426
426
416
421
419
443
445
417
416
479
575
619
624
601
605
630
638
629
569
494
439
435
456
466
460
438
433
490
548
600
604
601
594
600
607
600
607
610
600
609
603
607
601
605
602
599
588
613
624
571
483
418
422
458
439
421
412
470
540
585
588
569
567
574
558
572
587
586
592
568
563
569
582
576
566
551
537
535
551
533
531
538
532
561
588
608
620
619
616
604
560
546
528
544
576
552
510
476
443
422
427
449
483
497
506
502
491
514
536
580
622
632
607
590
609
604
600
588
597
625
607
567
504
479
481
494
487
477
493
479
496
494
477
478
489
485
488
486
491
480
494
509
524
537
527
511
525
520
521
526
521
529
518
507
515
541
580
602
604
616
599
600
615
603
611
601
594
602
613
619
613
590
598
610
623
607
574
517
472
475
488
488
489
480
490
481
470
439
448
467
460
439
451
473
466
422
431
525
640
699
687
677
679
669
607
556
545
574
586
564
564
575
586
571
559
591
618
636
620
626
623
597
541
521
522
529
499
444
415
417
435
431
431
417
425
428
423
406
409
417
415
417
431
424
416
404
421
410
408
408
444
517
577
586
566
559
568
568
559
539
529
547
542
540
538
544
545
529
547
541
542
538
522
531
549
549
552
562
568
556
527
488
475
472
462
466
521
610
690
708
652
581
556
558
555
569
557
555
571
593
613
600
576
546
541
545
553
567
557
549
569
562
581
574
583
584
590
592
560
504
483
476
489
490
472
487
476
493
486
481
492
486
488
476
489
487
495
488
492
496
491
499
511
491
501
494
500
504
484
502
536
557
569
541
538
521
530
518
512
525
544
540
531
534
556
557
545
523
508
504
511
512
507
509
529
548
557
562
555
566
569
562
556
548
546
549
518
539
528
532
533
523
523
541
563
589
600
584
576
553
573
574
568
565
582
618
651
651
634
630
631
647
655
606
546
515
504
510
519
519
521
495
460
421
417
439
441
430
444
470
491
488
466
468
504
554
562
572
563
567
559
544
573
569
530
457
414
438
449
439
431
451
469
451
447
516
598
658
659
639
646
648
636
623
640
661
615
528
459
458
492
490
474
473
475
473
440
455
464
471
444
445
462
459
435
419
445
543
622
701
710
703
660
614
596
592
579
583
578
597
588
545
486
430
429
455
475
451
457
457
443
421
407
404
415
443
411
393
406
465
589
666
684
667
657
665
679
667
621
598
551
551
551
583
596
609
624
617
595
546
511
500
510
520
512
513
530
579
602
614
621
600
571
531
533
536
553
544
540
551
570
581
579
567
566
585
572
546
491
449
451
464
474
460
463
467
485
476
480
461
464
498
536
592
598
575
545
537
546
552
553
546
549
558
530
527
510
512
494
505
499
499
503
501
553
563
552
532
551
554
571
555
532
516
505
503
496
512
508
499
500
527
594
632
607
604
604
627
615
581
543
517
513
533
527
522
524
518
516
520
518
519
526
527
528
534
518
523
518
525
520
542
524
515
510
528
548
509
511
520
536
537
510
516
532
533
509
523
568
545
391
137
