646
662
598
582
612
637
621
611
611
624
613
602
590
594
597
590
592
574
546
515
498
513
567
611
654
658
647
626
630
644
647
654
661
642
626
635
652
649
610
498
455
440
465
487
462
464
474
524
582
635
621
624
611
632
636
624
622
630
638
612
612
631
645
617
562
537
528
544
536
509
494
490
503
501
489
493
492
487
489
486
503
511
480
478
457
446
437
453
458
449
413
395
384
364
369
428
503
544
567
533
521
540
554
541
547
557
570
566
568
569
568
560
571
561
580
565
581
575
594
588
570
570
589
588
572
582
588
595
557
507
461
477
488
505
493
470
469
462
472
472
479
472
463
468
474
500
523
556
554
546
551
554
550
556
538
538
551
564
555
545
555
568
551
541
542
538
535
506
478
479
500
492
486
484
517
540
546
553
551
565
588
589
597
580
544
520
513
508
511
513
513
517
510
519
505
508
517
504
522
517
519
518
516
519
522
521
521
537
555
584
587
596
585
593
587
583
582
580
576
588
580
580
588
569
570
574
590
594
586
590
590
590
593
581
590
572
576
572
565
574
588
586
560
525
496
494
499
504
521
504
478
442
406
414
425
428
427
422
398
382
357
344
353
355
330
328
375
429
464
446
436
448
472
443
445
484
556
594
593
558
570
591
602
572
501
489
495
501
496
488
509
536
548
542
556
548
562
543
559
547
563
556
552
548
551
565
553
548
552
565
564
560
543
546
583
614
624
606
620
625
613
621
623
618
607
565
552
566
561
551
538
545
548
555
530
522
499
502
528
516
510
504
520
543
571
577
567
573
589
587
530
475
449
432
441
441
434
426
428
445
458
468
477
474
474
467
472
467
481
527
533
547
538
532
545
541
574
632
676
686
655
637
650
675
645
607
579
582
585
559
524
487
485
479
475
487
483
496
491
460
409
389
418
405
398
402
411
419
432
425
434
435
434
438
437
426
402
406
389
402
408
405
393
400
415
414
381
375
396
395
370
359
448
576
642
661
628
624
635
652
641
622
610
569
572
552
564
554
542
527
513
536
542
555
535
515
566
632
670
687
672
672
684
657
601
566
570
595
588
555
555
571
557
499
470
460
470
470
467
464
460
464
470
485
498
489
489
489
495
491
499
533
559
567
553
543
552
557
515
457
433
422
447
437
439
449
446
441
433
437
449
444
449
455
462
469
467
476
475
475
476
508
513
517
497
503
527
581
596
613
610
603
607
598
592
601
607
621
608
590
589
595
617
607
567
518
483
477
478
500
468
467
481
503
487
473
455
439
447
433
424
429
425
440
421
427
440
427
421
424
477
560
603
605
602
611
599
602
615
620
582
516
490
485
497
493
480
484
487
490
479
502
559
581
576
575
589
586
550
493
456
469
483
481
482
481
486
487
470
469
472
464
471
464
458
467
458
471
488
497
508
502
498
493
495
497
501
536
534
537
533
534
520
525
547
545
543
556
562
550
552
538
571
608
630
629
623
635
633
603
528
493
492
504
529
521
492
497
538
584
614
605
601
606
594
592
599
601
607
599
602
604
601
593
605
630
618
594
551
530
535
536
545
528
543
533
539
510
497
469
453
459
465
466
469
464
464
474
488
488
490
481
484
485
486
489
484
484
484
475
492
484
506
526
530
535
549
533
545
528
528
532
542
538
545
551
537
551
544
532
531
534
538
534
541
544
551
550
561
558
552
561
598
620
642
628
608
619
639
625
570
558
575
580
546
480
425
437
449
450
456
438
439
442
436
422
384
346
360
371
379
339
358
405
516
562
564
546
554
567
570
552
556
567
588
584
590
573
600
612
598
558
480
420
430
433
441
424
438
481
550
582
570
563
565
576
577
573
576
585
569
573
579
581
575
579
589
580
569
517
472
466
475
472
482
486
489
494
470
472
479
482
478
473
454
481
510
544
571
591
576
558
565
579
587
544
503
482
496
494
476
451
408
397
385
390
372
389
395
381
382
400
420
440
451
455
440
425
418
491
621
707
707
681
669
686
693
673
680
692
688
690
679
685
701
700
685
694
695
662
602
548
569
579
566
568
560
560
595
585
605
614
615
605
594
622
621
582
510
488
491
502
489
491
490
494
479
442
427
412
429
414
417
418
412
409
373
379
386
372
379
390
374
350
351
423
517
581
592
583
576
589
595
578
583
582
580
582
582
572
542
527
524
543
542
526
536
564
578
573
583
610
619
587
545
513
515
510
525
521
530
503
447
426
403
427
430
443
446
453
461
501
553
585
590
573
571
568
574
552
539
545
542
543
552
547
541
521
489
503
521
520
497
500
513
543
560
554
538
559
569
542
530
528
511
497
494
510
505
495
503
523
584
616
620
620
618
607
604
589
551
530
531
531
535
528
524
531
528
534
530
520
539
534
528
523
527
534
525
519
525
536
528
530
540
531
531
507
525
527
531
534
517
518
532
517
514
522
532
519
511
527
544
519
522
521
546
539
512
520
565
548
395
145
