651
657
586
560
598
605
587
563
529
529
517
503
516
523
516
505
509
517
526
522
569
615
630
631
597
557
508
499
481
494
530
575
625
635
628
628
632
653
652
604
529
501
540
588
629
613
598
604
609
614
579
509
461
479
489
504
488
466
494
500
513
515
506
540
528
526
523
538
544
556
565
564
563
566
572
577
571
539
478
440
440
468
461
447
441
511
591
628
626
602
613
624
584
515
487
494
510
530
503
502
513
518
493
439
408
401
415
410
408
421
419
428
439
440
439
437
443
440
443
424
406
412
413
417
407
403
435
446
466
470
462
470
470
471
474
472
467
460
497
545
585
588
566
568
568
568
561
568
572
569
572
583
634
664
644
615
637
672
661
603
546
523
524
514
516
522
534
512
490
466
459
476
469
467
453
468
474
475
479
480
481
476
475
511
566
591
605
593
590
605
608
600
582
553
550
538
535
542
554
544
541
508
490
490
497
487
501
513
546
580
589
567
565
587
591
594
589
593
606
599
563
496
442
426
430
432
417
378
406
493
604
703
714
683
630
606
589
580
584
584
597
599
597
596
596
608
574
524
482
473
482
495
491
484
508
507
502
499
502
515
512
508
500
506
502
495
499
515
549
577
566
574
581
587
580
554
512
490
485
485
482
475
476
479
490
488
485
492
475
470
485
482
495
507
521
520
521
510
512
553
624
670
673
629
581
561
563
571
579
569
563
571
563
538
528
545
536
522
512
526
559
639
694
696
678
669
679
683
680
661
609
586
578
589
579
550
481
440
446
454
445
402
400
429
441
424
386
401
470
551
610
615
612
590
582
595
582
562
524
493
481
488
490
478
486
503
501
495
460
458
448
450
437
436
448
463
457
430
425
417
430
429
424
406
423
444
452
476
460
455
467
479
462
471
496
556
591
587
572
574
573
589
576
568
561
558
561
552
551
552
547
574
599
626
634
615
596
596
643
632
579
526
505
520
518
514
506
498
507
524
546
588
630
639
580
527
491
491
495
495
499
506
498
503
493
499
488
500
485
490
499
501
493
492
502
509
511
522
509
510
496
506
505
496
494
498
503
513
503
488
481
496
524
522
475
389
342
344
364
357
359
359
382
431
460
466
455
443
451
449
484
550
596
611
597
589
562
554
551
539
542
544
544
530
516
513
519
515
517
507
505
534
592
629
617
609
601
600
617
612
597
565
551
553
556
551
538
553
554
544
538
510
524
535
547
539
533
535
531
537
537
531
535
546
538
526
529
525
567
633
674
678
658
659
674
660
629
591
568
562
567
577
570
573
550
522
491
478
495
499
485
478
515
583
608
599
595
602
605
564
546
537
539
544
552
581
620
618
594
554
553
566
563
555
559
574
571
531
479
449
435
430
440
460
443
427
427
485
569
606
596
603
618
626
571
500
451
466
474
478
477
481
480
474
471
457
480
474
463
475
477
455
458
513
605
654
656
631
646
674
652
584
512
460
475
496
480
450
457
502
599
665
671
648
653
651
669
650
608
574
576
585
590
575
588
580
596
566
568
559
550
536
524
540
539
562
548
533
495
512
484
497
522
573
601
571
523
491
476
490
492
497
496
498
491
480
467
466
474
473
460
468
511
548
593
587
577
560
573
576
562
545
543
534
543
541
525
542
528
532
556
588
614
619
608
604
605
604
610
613
614
606
570
539
515
514
528
528
528
511
520
537
570
603
609
583
600
596
590
591
567
552
550
559
553
554
562
564
559
553
552
554
548
552
562
549
547
545
556
595
608
594
587
577
591
594
597
597
599
606
595
591
597
616
596
611
597
610
600
568
524
484
486
501
505
492
485
487
506
500
471
426
412
415
434
424
414
420
416
440
451
460
437
444
473
496
510
513
502
525
503
505
548
616
654
665
615
582
558
563
561
555
544
532
533
520
542
531
509
511
553
641
677
646
598
545
542
543
538
548
541
534
527
500
494
498
496
496
498
495
496
532
572
632
647
624
613
620
632
629
612
618
637
635
599
590
596
590
583
585
585
586
586
586
574
582
589
594
596
593
581
588
584
601
585
572
591
584
582
569
537
502
502
514
517
507
512
505
496
498
511
500
461
444
438
445
458
447
440
438
451
466
458
443
460
462
457
423
419
413
416
400
413
396
409
427
439
469
465
477
453
459
494
541
578
588
586
571
577
582
576
559
554
555
546
544
554
544
537
526
508
512
513
514
523
510
519
516
539
546
547
543
552
570
555
554
548
556
558
521
494
498
521
517
499
484
527
585
615
600
605
615
627
602
534
515
521
544
535
533
527
541
536
521
523
524
543
534
522
531
525
534
527
526
538
544
524
517
528
536
511
516
529
553
527
494
524
570
557
390
145
