654
663
592
575
624
647
598
591
583
594
580
573
606
584
533
496
507
525
518
493
507
572
609
634
641
660
647
577
502
462
478
480
470
465
481
478
477
514
580
620
627
619
620
634
643
629
614
618
636
642
617
609
632
646
629
599
559
518
525
538
536
539
534
544
547
541
539
528
515
487
499
510
498
492
493
495
494
494
497
490
503
500
497
489
505
487
460
445
451
448
448
436
459
461
427
377
369
365
376
369
367
379
366
366
356
366
366
374
367
381
393
381
366
397
501
564
562
541
527
550
556
546
554
578
586
565
558
566
587
579
569
564
598
585
553
503
476
479
485
475
485
479
482
474
482
474
473
471
494
526
556
541
552
541
536
514
494
506
542
556
561
551
543
550
560
559
565
584
591
576
559
535
520
513
528
521
521
517
534
572
584
586
570
568
559
560
561
559
570
558
559
560
552
544
578
605
637
645
622
621
652
646
589
511
458
473
507
508
484
473
515
519
464
379
347
356
384
382
370
354
366
368
356
374
412
483
551
599
598
585
581
590
587
595
574
515
487
482
504
509
495
489
481
518
542
546
552
548
545
549
545
543
544
544
549
559
548
550
550
551
549
543
542
562
550
547
546
579
604
637
629
625
617
620
607
580
575
573
569
573
583
585
551
506
471
445
449
467
458
463
467
456
438
393
366
359
377
370
377
351
366
383
424
454
454
441
434
463
512
541
545
535
555
625
654
661
658
650
632
623
583
537
502
491
483
473
496
501
488
475
433
417
401
406
410
415
431
445
448
435
422
409
405
404
400
400
397
403
401
392
368
374
403
405
352
366
444
562
638
655
615
614
639
651
604
591
578
576
568
572
573
585
570
572
570
566
596
577
592
562
534
520
524
532
548
522
518
516
486
434
420
439
472
436
408
421
506
608
680
697
681
675
679
671
672
657
659
667
676
672
667
673
696
677
645
583
543
543
557
555
544
563
562
532
474
435
423
437
434
430
435
451
464
472
469
466
476
469
470
498
508
521
518
531
526
513
505
527
569
599
613
600
592
604
606
593
585
594
605
611
599
592
603
605
605
594
583
612
614
569
516
485
481
496
487
481
467
491
487
475
495
486
482
454
434
414
407
424
469
535
600
606
579
522
497
502
536
564
575
575
591
581
595
591
579
582
573
585
586
580
580
577
583
563
569
570
580
570
558
556
561
553
550
566
552
538
513
489
490
496
496
490
495
519
508
511
501
491
499
524
522
535
539
538
523
529
532
542
547
551
543
557
544
535
546
565
597
620
626
636
624
599
552
496
493
526
531
504
503
527
584
611
618
595
600
616
605
600
618
629
627
573
552
524
519
522
532
539
527
504
480
468
474
478
486
481
485
484
478
487
494
505
501
500
502
494
514
521
549
563
558
573
575
560
565
562
576
585
619
628
624
612
625
621
628
605
582
558
567
586
587
580
579
576
559
547
517
516
528
530
535
536
497
442
398
389
409
411
394
386
441
516
539
549
543
537
540
539
534
539
550
538
547
550
568
560
556
570
581
586
586
583
601
592
581
580
584
582
584
594
607
552
480
415
421
448
446
425
425
476
555
594
597
582
581
573
581
584
591
586
574
566
566
580
587
581
551
515
488
484
488
498
490
476
504
487
492
479
471
479
486
484
471
482
489
481
462
468
509
545
588
581
564
571
592
598
552
508
481
495
521
492
483
503
510
478
433
416
424
437
413
375
390
395
366
360
386
437
437
408
410
503
645
697
687
666
679
719
677
601
546
548
578
574
559
544
587
607
609
608
601
608
616
580
543
501
491
491
494
471
478
472
425
405
400
429
417
420
407
427
426
391
352
362
386
370
347
361
427
534
598
593
588
578
599
585
571
567
594
594
592
592
566
546
525
516
526
538
530
525
525
536
547
530
529
543
565
586
582
588
583
579
577
587
609
623
614
608
609
632
639
601
548
518
496
514
511
520
513
506
506
512
531
522
503
469
418
418
433
432
430
425
456
504
538
570
586
575
581
586
575
564
552
556
545
538
536
545
544
531
505
499
508
510
499
507
519
543
560
566
540
514
512
508
517
505
496
521
575
623
630
614
607
627
625
591
543
522
512
528
531
513
517
522
519
533
539
530
513
533
543
539
526
523
540
541
521
519
531
543
531
510
513
533
544
523
521
529
522
514
528
543
553
534
532
529
536
539
510
525
550
536
493
519
582
558
378
145
