640
654
597
592
621
631
609
577
586
607
598
568
531
518
503
509
519
513
496
521
529
508
497
535
596
630
597
504
452
461
475
474
451
447
464
505
573
628
628
628
628
625
628
629
623
643
649
630
608
629
633
616
556
526
535
539
537
526
531
543
524
499
482
501
483
465
450
453
454
420
389
376
380
361
364
407
487
558
558
549
549
572
580
553
550
577
597
574
580
569
583
590
554
498
473
463
473
469
465
465
476
483
508
523
546
547
549
536
545
537
531
507
483
480
497
506
518
544
553
551
551
537
538
533
550
544
549
578
588
592
593
589
591
600
599
575
585
600
596
578
532
512
518
530
527
517
517
522
507
553
572
579
590
572
581
596
589
582
596
597
584
578
573
580
590
579
577
572
578
554
511
492
495
506
508
498
471
442
424
400
414
424
424
421
418
418
428
421
423
440
428
416
408
426
425
400
357
345
346
346
349
351
341
346
382
440
472
458
444
458
474
470
434
435
486
547
584
585
575
582
585
590
580
579
587
562
515
499
487
496
508
531
538
556
558
558
566
559
558
547
537
550
550
554
550
551
558
547
543
546
554
554
567
613
632
605
565
544
548
549
520
505
507
525
523
498
515
532
554
570
554
562
543
492
423
410
417
456
443
440
446
442
439
444
464
480
475
453
461
497
527
532
551
541
539
526
529
579
636
669
675
671
675
662
632
601
589
576
570
580
592
601
573
513
483
461
484
492
479
482
477
476
483
477
490
485
480
477
484
485
487
485
485
495
501
483
456
434
419
405
408
405
408
405
415
419
412
411
418
444
450
437
437
445
439
444
421
434
418
401
402
391
405
395
369
387
398
381
363
366
452
589
658
660
627
623
639
658
625
586
561
584
586
574
573
564
586
586
572
573
579
592
581
556
552
532
526
530
534
519
520
529
545
548
522
472
421
433
507
610
678
692
679
656
677
689
679
636
588
558
559
559
557
563
554
526
469
435
433
436
437
450
471
477
485
479
457
467
476
474
502
520
515
506
494
507
513
502
506
541
588
619
625
613
606
615
602
613
598
587
581
612
606
571
512
466
469
500
473
425
419
436
449
434
420
478
565
624
625
597
590
616
617
562
507
465
458
495
487
479
454
466
471
458
450
455
504
566
592
601
583
584
587
592
583
582
578
573
573
580
559
550
548
552
563
551
556
554
551
549
550
543
566
569
540
506
495
488
505
486
495
494
498
496
508
497
492
507
507
494
515
521
526
549
538
534
535
540
546
544
551
544
561
542
556
602
640
635
614
620
620
642
598
538
506
500
495
506
508
500
510
502
534
578
614
612
602
601
609
610
617
605
605
618
615
607
600
617
618
616
586
554
541
531
534
518
525
529
522
512
485
460
452
468
453
450
460
465
468
453
464
473
484
488
491
486
478
488
492
510
520
522
524
539
537
537
524
526
536
532
537
548
530
532
558
595
623
641
625
630
644
642
613
589
575
582
589
573
574
570
576
554
530
551
533
532
534
526
514
545
535
509
445
389
384
411
412
389
396
430
505
550
546
533
531
550
550
541
544
565
567
559
547
555
551
566
562
577
591
593
563
561
602
605
558
485
440
439
430
448
485
545
592
593
582
570
572
579
589
560
559
588
592
583
550
488
468
478
483
484
471
476
460
479
481
484
481
477
472
475
469
473
479
470
484
479
476
471
515
563
573
573
560
572
568
568
568
572
587
550
518
499
488
488
485
489
488
465
435
417
421
426
427
428
421
427
408
386
372
363
377
389
387
376
388
426
516
631
706
702
688
696
705
705
686
631
597
565
554
556
564
570
561
582
601
604
615
598
610
609
626
613
592
552
498
468
474
503
502
465
434
417
420
431
419
431
417
399
374
366
369
363
364
374
386
376
355
358
439
529
602
605
579
577
584
599
578
577
588
592
577
572
586
576
594
584
585
590
592
576
581
597
570
535
510
521
532
533
530
525
535
552
588
585
579
572
576
592
592
579
568
584
617
625
605
594
629
625
594
539
496
508
510
521
513
521
487
443
424
419
431
434
414
421
427
439
426
429
426
423
422
418
421
417
421
418
422
443
425
416
426
424
434
435
424
438
419
423
437
451
481
464
468
491
558
583
592
577
568
572
583
583
570
555
537
549
552
548
548
544
556
547
513
503
503
503
515
508
500
523
545
553
564
553
552
536
551
545
556
560
539
556
555
551
546
520
511
493
502
516
516
509
497
500
534
586
609
624
599
571
532
522
510
532
521
528
533
522
532
538
537
525
525
529
539
527
527
525
524
515
516
534
539
533
520
525
540
531
527
517
530
546
530
522
528
551
535
499
521
559
553
385
153
