648
653
587
573
604
615
580
580
607
625
595
577
590
603
582
523
495
544
587
631
657
642
632
628
646
659
601
516
462
466
479
460
459
500
578
631
634
616
614
629
624
626
622
629
629
620
613
631
615
600
615
630
622
590
521
465
477
479
488
461
470
474
473
459
443
452
470
446
435
454
525
627
695
719
704
695
689
698
690
659
621
589
584
606
593
552
508
477
475
484
486
491
482
472
481
486
490
505
486
504
504
502
503
532
562
575
543
470
448
468
479
457
457
507
615
685
703
676
674
689
687
642
597
557
570
559
569
581
570
581
575
579
573
575
572
571
575
569
580
569
577
579
599
626
624
572
511
466
472
484
467
421
384
401
426
400
383
392
466
584
665
673
650
631
649
664
669
635
598
570
579
586
585
571
573
589
587
574
583
598
584
574
552
551
561
534
495
441
420
444
445
454
473
508
509
499
491
535
595
614
609
588
589
612
604
559
519
489
461
475
488
498
481
484
474
487
487
487
480
493
490
481
485
509
497
502
501
513
506
499
496
515
562
581
575
575
565
564
581
584
616
634
628
627
629
632
635
598
572
562
550
558
563
557
557
550
550
545
549
533
558
575
582
596
588
593
592
584
596
592
597
593
591
580
581
562
534
501
489
500
511
482
475
453
461
477
471
472
463
464
472
494
493
488
480
484
485
486
490
487
476
470
462
447
470
464
459
445
448
442
447
437
434
442
447
441
446
449
438
407
377
387
384
387
374
378
411
470
496
502
488
493
502
485
480
512
583
606
606
590
581
587
596
583
550
523
480
465
477
496
471
477
485
460
437
411
409
427
432
414
425
426
442
431
433
434
445
445
414
421
474
545
599
594
592
611
602
590
544
503
511
530
526
512
508
504
539
596
625
639
644
626
636
653
637
599
531
492
473
468
486
490
489
468
433
417
429
423
414
401
462
527
573
575
552
546
567
566
564
564
565
554
564
560
563
572
570
549
567
574
585
586
589
592
589
584
576
546
527
501
498
513
534
511
501
505
550
560
544
541
561
584
617
611
605
616
604
613
589
578
549
537
551
562
554
540
569
594
609
579
571
601
597
565
517
485
492
487
437
414
408
427
415
404
399
418
420
423
427
431
438
433
425
433
440
439
431
432
430
427
429
427
456
442
417
392
389
386
395
390
386
413
444
477
482
474
474
471
489
479
462
459
491
556
593
591
586
591
598
570
533
495
515
510
513
527
572
603
599
600
591
599
603
586
576
589
585
591
593
581
557
547
547
549
547
537
538
539
559
547
545
547
552
546
537
545
547
558
567
572
582
578
519
456
428
421
421
436
473
544
582
593
575
567
568
595
587
613
660
664
662
626
605
594
584
587
589
566
531
521
511
527
524
505
482
474
494
475
467
470
487
477
469
474
475
480
474
445
427
403
398
396
410
398
404
397
406
390
383
389
398
418
400
369
376
445
535
591
589
573
579
597
588
589
583
572
583
581
585
576
592
581
594
580
579
578
545
523
510
531
525
535
539
551
542
531
535
547
559
547
529
502
476
464
477
482
480
460
465
520
631
688
681
654
662
705
702
631
526
486
498
531
512
497
519
564
573
572
562
593
619
628
625
609
624
644
637
610
601
597
582
592
584
600
599
557
535
513
486
458
439
392
374
390
391
406
387
398
405
415
395
379
384
442
541
599
612
608
595
598
616
605
613
597
605
621
604
571
520
486
470
472
476
494
489
456
430
409
408
378
385
387
436
484
515
520
507
497
500
506
529
560
589
597
582
567
571
583
589
578
594
572
556
537
521
535
539
540
545
552
573
557
550
549
560
570
558
532
517
511
534
523
506
514
533
560
569
581
585
564
565
586
608
590
542
464
425
414
437
437
434
406
418
432
436
441
405
427
486
591
642
650
616
621
635
644
632
627
626
595
541
494
507
509
516
505
498
511
547
562
587
615
575
576
586
604
606
587
530
499
496
513
511
512
506
512
523
515
519
532
530
505
512
484
475
460
468
471
462
467
473
459
438
426
422
424
414
389
392
382
395
392
375
376
413
432
458
459
448
469
471
438
458
487
553
584
595
584
575
571
555
551
541
542
551
547
540
544
528
527
503
508
507
518
528
547
556
563
554
560
559
559
537
522
499
505
509
510
528
591
616
616
604
595
609
615
596
545
520
524
546
539
541
514
541
528
521
527
543
533
522
535
533
535
520
525
532
533
526
515
550
552
532
514
530
537
530
510
516
539
536
514
507
565
550
405
153
