634
660
592
574
618
634
611
591
578
600
603
591
581
546
525
516
529
508
511
542
611
680
661
588
504
455
479
480
475
450
469
516
569
629
630
619
607
625
629
634
611
614
623
619
613
611
634
628
600
544
518
512
535
533
510
471
448
444
443
458
445
448
442
416
395
381
469
602
683
684
664
646
679
673
630
587
533
539
550
576
597
609
608
592
600
595
613
616
606
568
524
505
483
491
497
507
488
457
419
381
355
349
366
400
442
472
485
473
474
469
474
476
471
474
478
483
474
475
475
484
471
482
467
469
475
500
545
568
582
571
577
560
572
556
566
558
539
486
439
431
465
475
445
435
437
500
550
612
610
598
603
610
626
617
605
610
608
614
620
591
542
520
534
532
541
533
515
487
458
452
466
469
463
468
459
455
470
452
461
452
458
458
455
451
454
450
447
458
458
455
436
447
463
489
497
503
512
558
576
566
564
562
569
572
559
547
559
565
568
560
570
561
561
563
568
560
565
567
561
540
490
445
418
446
461
448
426
439
475
535
591
604
597
588
587
605
602
593
579
613
610
617
555
510
468
460
483
488
494
495
481
486
486
476
460
448
454
435
430
421
426
443
442
432
417
476
541
597
610
574
590
593
593
564
490
476
474
500
489
470
471
537
631
689
694
667
669
687
708
656
590
561
598
594
536
488
447
453
466
451
467
456
468
462
463
474
461
459
468
472
470
460
482
536
562
573
550
550
556
550
546
540
543
565
580
575
603
617
605
567
524
497
501
498
513
497
480
467
456
424
412
390
363
391
391
393
368
372
385
405
381
381
391
421
413
388
382
448
546
604
619
602
598
610
620
614
600
599
592
597
607
605
605
603
609
609
581
534
506
494
502
509
505
512
505
497
485
455
462
466
465
480
466
460
471
490
521
533
536
525
514
534
574
636
678
671
624
595
552
560
563
565
567
579
575
548
521
494
508
514
516
499
494
541
592
621
617
605
593
608
585
537
495
491
514
505
496
502
520
529
511
505
497
520
513
503
504
529
587
609
616
602
613
611
624
581
526
511
515
520
530
521
499
458
447
434
440
458
448
442
444
460
451
404
377
372
355
353
362
433
512
581
572
563
560
563
574
576
621
644
639
606
582
571
548
482
443
427
459
462
451
433
413
395
343
341
366
381
355
349
418
511
568
573
562
552
558
552
559
558
574
569
556
554
571
576
580
576
566
583
578
556
485
445
449
458
478
470
442
443
524
607
684
690
671
662
662
667
661
667
680
657
631
588
590
598
602
591
579
590
600
568
540
509
532
534
544
524
514
524
514
488
487
472
458
453
446
462
453
458
443
446
449
459
455
443
427
411
400
411
417
414
392
395
424
470
487
484
476
493
500
477
488
519
573
615
623
596
595
602
604
605
599
597
602
614
584
590
581
574
563
555
561
566
580
605
642
642
639
600
544
529
525
533
533
536
534
499
470
445
452
469
443
437
432
441
437
426
420
437
435
442
424
438
437
425
427
479
555
600
584
588
586
612
623
609
561
518
497
503
509
504
477
490
546
596
621
623
616
630
591
527
469
472
508
495
475
480
493
517
479
420
388
414
425
398
393
407
443
479
502
514
497
519
552
593
616
584
587
595
610
605
552
509
493
489
489
483
485
480
487
474
438
414
415
429
437
420
420
418
433
427
396
368
369
353
349
357
443
544
593
598
579
570
605
606
547
461
418
435
486
544
583
599
588
587
590
576
590
574
572
567
578
573
568
535
511
518
522
527
523
504
542
599
640
631
618
619
644
634
613
556
523
523
522
515
532
515
508
488
466
463
481
474
476
473
478
465
452
427
440
440
446
435
438
431
425
411
399
405
392
381
402
422
441
439
420
431
450
450
428
426
413
405
404
394
393
399
404
382
393
404
394
388
386
442
563
632
637
619
616
635
643
610
566
541
522
503
504
495
509
505
502
501
499
506
525
554
580
606
581
557
568
586
577
547
485
460
452
462
468
460
458
472
461
446
446
472
486
479
467
500
561
603
594
578
568
583
579
557
548
541
542
535
555
548
531
525
493
497
498
513
498
503
495
530
550
558
553
553
548
556
551
547
549
546
546
532
495
494
492
512
509
510
512
505
527
577
622
633
607
605
612
622
584
544
517
523
530
524
502
524
541
527
523
530
530
522
531
530
530
542
520
533
529
522
519
511
536
524
523
528
543
524
497
518
573
552
383
154
