630
650
595
583
624
643
615
605
615
621
600
576
582
590
595
608
602
575
548
504
497
526
539
596
624
655
654
636
620
635
662
643
587
512
467
474
480
478
477
466
478
478
463
467
474
471
464
510
579
647
662
626
613
616
634
617
620
624
627
629
603
622
642
639
595
543
534
526
528
537
545
528
493
477
480
488
479
468
475
488
470
428
395
407
411
401
385
416
459
474
474
464
470
480
471
500
547
584
577
567
563
573
570
566
588
621
628
630
616
624
622
598
607
620
626
582
536
507
508
507
492
494
516
510
503
508
518
521
494
505
556
653
703
704
699
693
693
694
703
694
668
617
588
589
592
599
601
595
599
575
518
475
467
480
483
487
492
495
503
502
512
521
514
514
503
511
509
506
498
518
517
521
518
527
504
506
512
510
521
516
513
519
525
502
520
507
517
520
512
498
513
537
567
609
618
609
604
596
624
609
569
513
492
495
504
500
492
500
490
479
460
454
454
448
463
457
454
442
404
386
377
382
392
396
375
384
452
537
606
604
591
586
604
613
600
605
597
595
593
599
594
608
602
614
610
573
543
487
468
482
500
486
475
442
421
387
421
458
472
464
449
459
506
554
588
596
597
585
581
582
589
580
564
553
549
562
568
554
553
561
556
544
556
561
560
536
527
524
515
520
518
519
526
515
495
499
532
579
604
594
574
593
590
601
586
591
596
595
580
585
598
594
578
577
593
593
568
514
490
498
502
492
474
472
485
465
391
361
367
388
384
355
362
384
388
380
363
387
378
371
370
419
505
559
556
533
553
555
553
540
552
558
566
557
567
564
549
548
579
613
628
635
635
624
611
589
577
573
578
577
595
582
551
517
487
508
501
499
489
502
498
466
417
390
391
388
385
376
391
401
389
411
489
599
693
708
665
620
590
582
556
546
563
586
567
547
515
508
488
495
513
535
551
565
563
549
556
560
571
533
489
458
449
457
463
453
454
447
461
500
541
594
598
579
594
611
600
539
472
435
441
450
433
427
449
459
468
465
476
518
579
605
630
607
580
553
508
510
535
538
516
470
442
455
464
469
469
454
468
463
456
456
469
463
453
457
455
461
461
467
456
458
457
450
462
468
469
464
459
456
453
461
452
450
438
425
438
440
435
425
423
440
438
433
441
438
456
440
443
426
442
435
426
437
448
464
471
471
479
464
460
489
575
639
636
555
481
448
433
406
405
411
399
393
398
469
597
699
701
678
674
686
701
673
660
676
689
690
638
596
579
589
580
585
591
577
579
573
562
582
569
563
566
580
562
565
563
598
635
663
659
642
634
653
648
630
567
516
537
547
550
530
506
478
474
460
451
469
481
475
485
466
476
505
513
543
549
550
549
544
536
541
553
555
536
539
547
538
550
572
610
647
652
649
641
670
673
649
592
564
551
547
542
531
544
536
535
562
554
560
561
541
558
564
563
549
539
569
567
551
538
552
565
547
474
444
453
477
475
455
444
494
574
574
549
516
516
523
529
538
565
586
599
569
574
591
591
576
585
602
624
630
612
615
648
643
588
520
506
496
498
489
498
508
510
512
517
540
560
579
577
573
572
559
579
579
566
542
535
517
526
557
554
555
557
549
573
572
565
540
471
436
467
546
597
604
580
578
574
554
535
520
535
535
528
527
541
554
574
575
577
558
568
574
565
557
542
545
533
548
550
551
540
556
558
574
593
595
592
594
609
599
566
530
495
511
493
501
498
494
516
514
494
507
495
500
506
493
500
488
471
462
464
450
448
436
449
487
492
504
497
494
486
494
509
554
598
601
571
567
582
596
618
615
637
633
577
520
468
455
483
499
490
472
462
507
563
629
633
613
614
602
625
604
611
617
610
619
597
611
622
637
620
565
512
467
464
481
497
493
472
463
432
432
416
407
415
424
423
413
414
425
441
395
408
462
554
622
631
606
616
626
575
509
472
460
491
490
471
463
490
488
488
482
485
467
475
507
559
587
588
572
570
577
581
578
579
552
530
529
528
530
535
541
566
576
564
561
571
578
579
562
549
535
553
540
547
544
542
544
539
537
566
567
565
562
536
537
514
549
562
592
609
603
611
609
611
624
621
607
588
567
565
545
545
554
564
563
524
493
468
450
463
473
468
472
470
485
474
471
467
508
549
586
581
575
568
577
576
571
581
575
567
565
564
559
542
540
552
553
555
550
521
503
506
500
496
516
504
520
511
510
513
538
557
565
535
536
553
547
546
531
519
508
512
507
499
488
536
580
616
626
604
615
589
555
522
525
530
542
520
521
533
520
522
523
522
541
526
533
527
514
524
524
534
537
526
518
525
527
543
537
542
532
530
523
528
532
524
507
520
538
531
524
517
527
529
527
526
525
533
514
513
514
548
520
501
523
553
534
504
520
578
560
384
145
