630
637
567
573
597
618
580
584
599
576
532
507
510
537
531
492
488
559
624
648
648
641
634
643
654
609
530
459
445
476
483
463
452
512
581
625
626
609
629
621
613
617
607
629
628
627
609
610
615
618
617
581
516
456
469
478
482
472
472
470
472
488
483
469
455
438
460
464
454
450
527
628
709
713
673
668
687
707
656
612
585
593
594
577
578
603
592
548
524
499
484
495
486
485
472
477
490
490
484
481
484
492
495
486
489
490
495
479
485
480
489
493
488
478
485
478
481
477
480
489
488
477
496
492
495
493
495
517
507
503
508
496
518
529
552
558
549
543
539
553
565
525
482
465
475
480
462
471
480
479
465
475
534
642
703
679
666
666
692
692
691
695
698
651
592
562
558
572
565
560
572
609
623
623
629
630
617
594
513
466
407
375
401
403
398
403
457
585
664
693
654
622
643
656
619
584
581
575
577
559
569
563
572
571
579
599
594
566
558
547
554
559
544
572
557
525
462
443
441
466
435
434
440
447
436
421
456
485
507
515
505
511
496
501
521
563
612
619
598
591
615
601
552
517
466
483
488
481
491
482
483
488
494
499
493
484
488
475
489
482
484
511
510
495
500
529
543
574
580
575
582
559
566
593
608
628
623
621
620
606
591
564
548
557
548
550
557
550
546
549
541
551
548
545
540
540
534
549
566
590
607
607
594
564
533
517
502
512
510
493
485
504
502
524
504
486
481
459
472
471
451
468
475
478
477
479
470
473
482
482
482
485
481
505
492
481
480
486
489
474
443
431
442
426
427
434
425
406
376
351
352
362
357
347
348
379
435
471
479
448
441
459
456
443
453
477
548
589
586
597
605
640
641
614
607
628
631
588
517
480
464
459
437
425
434
470
453
432
446
505
574
609
606
594
587
584
603
613
573
532
513
558
609
641
649
638
646
629
639
653
649
604
540
492
487
483
492
492
477
474
431
408
408
442
419
429
420
426
420
415
458
521
579
580
567
563
580
577
559
557
569
572
571
560
559
575
577
583
581
578
579
564
563
588
597
573
530
491
492
517
547
550
547
552
564
557
552
561
577
598
616
605
602
597
603
596
555
541
556
547
546
556
551
545
541
553
558
552
536
545
546
552
537
553
559
547
548
535
543
559
578
579
573
603
607
564
520
492
479
487
496
486
461
425
413
405
407
424
415
425
412
428
430
423
414
425
428
425
430
442
421
424
432
433
434
431
428
424
418
419
399
382
394
385
376
371
395
451
489
485
466
467
470
504
558
599
604
584
566
570
601
589
559
529
510
507
500
514
511
510
497
536
578
597
605
599
585
596
595
592
591
592
591
595
571
588
606
587
576
554
558
540
534
561
579
576
528
461
414
425
440
427
413
413
471
536
579
574
571
573
584
571
568
559
578
575
571
587
585
561
564
568
590
578
569
568
562
569
579
571
565
575
568
592
580
569
568
584
617
638
649
648
654
641
626
609
575
592
607
591
587
590
598
584
548
539
524
523
530
525
512
495
478
488
484
485
471
475
476
482
462
414
385
391
402
399
391
403
402
415
406
398
396
379
377
383
396
401
368
379
443
538
603
596
574
564
575
581
564
578
618
644
638
632
621
632
639
624
610
610
586
574
564
584
608
589
560
539
549
531
522
494
492
474
463
470
540
629
692
710
667
615
552
516
506
513
517
533
531
528
521
524
553
586
603
614
606
588
594
610
604
608
586
599
605
593
599
605
611
611
578
546
519
516
526
539
540
521
497
464
454
437
452
458
469
447
425
414
411
419
413
417
416
411
393
416
411
410
399
400
418
407
399
390
457
571
625
626
605
617
623
634
603
599
608
618
562
499
488
479
496
491
487
485
466
419
393
398
403
398
394
418
483
519
502
482
494
515
511
476
493
546
574
584
577
588
586
564
554
535
537
546
534
520
541
551
563
567
554
551
553
540
527
515
520
534
529
510
523
537
560
583
586
578
561
568
584
588
572
539
476
426
418
432
438
426
419
439
503
575
619
636
629
623
614
626
632
623
590
553
508
499
509
515
528
511
505
518
517
510
496
509
530
588
609
605
602
599
612
613
574
516
497
503
527
526
511
525
524
512
480
458
470
469
457
444
419
440
440
441
425
432
414
410
392
386
392
400
382
400
413
435
458
459
447
444
456
484
542
587
582
574
565
580
592
580
571
558
547
545
544
550
544
551
548
533
529
507
506
512
504
495
495
519
537
552
547
552
560
554
530
508
505
502
497
501
507
504
500
516
502
504
504
489
538
595
627
603
600
609
615
594
543
515
530
530
534
519
524
542
541
516
528
528
526
526
526
526
531
524
521
541
524
530
521
533
545
512
516
518
538
513
509
529
546
528
508
522
568
557
394
142
