651
664
588
567
585
605
593
590
576
558
507
498
497
519
550
590
651
651
596
507
469
462
497
492
472
458
462
516
577
622
638
612
606
627
628
620
606
612
618
617
606
601
614
621
615
604
612
615
608
605
614
620
611
583
539
504
495
505
498
487
515
521
492
428
386
403
424
414
398
403
435
452
420
408
490
596
651
620
601
644
650
618
508
454
454
483
466
492
495
502
488
488
470
485
484
483
487
487
476
479
489
488
498
486
501
495
496
475
460
472
487
483
477
476
478
475
485
496
497
482
461
517
604
671
667
645
646
664
661
617
572
553
541
535
544
539
518
490
497
498
506
493
502
521
570
606
613
603
597
613
613
605
603
601
601
616
599
589
558
552
551
560
554
565
558
551
557
543
545
541
529
515
552
571
597
583
579
584
577
587
577
587
615
639
630
620
653
627
591
523
490
487
496
510
501
496
498
511
517
519
531
536
518
522
530
552
579
602
602
601
602
599
598
602
607
607
582
517
470
473
478
481
475
469
479
448
410
409
421
423
406
395
393
439
491
523
516
508
509
519
521
503
509
502
511
507
498
524
559
573
587
576
537
504
475
457
468
487
486
462
468
533
625
684
695
673
675
697
698
645
590
574
587
583
576
584
589
613
634
654
645
600
527
472
468
489
495
488
482
481
493
499
491
485
483
462
454
446
453
459
432
446
518
616
694
722
697
647
620
604
597
595
600
592
589
595
602
568
516
475
473
491
488
486
485
476
462
422
410
392
408
423
418
415
417
412
441
444
442
439
443
445
448
450
423
433
441
439
432
440
452
453
445
449
433
450
450
461
459
460
460
459
455
454
443
434
429
443
440
427
425
420
423
426
430
422
454
435
438
429
431
431
428
431
441
433
431
434
442
436
429
431
487
572
614
628
617
621
608
615
603
621
615
577
501
452
453
459
453
437
441
467
500
556
618
635
604
585
592
593
603
581
587
588
605
594
606
620
603
561
479
428
412
426
436
439
431
445
487
537
577
581
576
577
588
598
574
577
569
594
586
582
580
599
585
544
533
543
528
521
535
544
555
565
560
557
549
567
563
555
549
522
518
524
522
513
518
516
527
510
522
516
527
522
522
507
531
540
568
562
563
578
539
483
430
422
441
447
432
443
462
505
511
502
496
501
499
498
500
510
555
589
575
529
471
460
481
508
482
481
481
516
515
499
482
488
508
500
493
490
524
574
618
597
604
581
572
575
572
581
572
572
567
594
627
635
650
660
655
597
536
475
476
505
501
501
494
487
496
475
440
445
456
453
423
426
507
628
712
707
678
684
704
693
655
593
556
556
581
604
613
599
606
611
620
616
589
562
524
501
520
530
501
452
417
419
434
418
413
437
434
416
399
404
418
421
399
400
451
528
565
573
557
551
568
550
543
526
533
536
538
533
545
536
539
531
534
543
556
575
575
565
549
498
468
458
487
493
477
464
458
524
612
674
690
672
663
675
683
672
643
588
559
551
557
569
577
591
616
619
606
616
614
605
602
582
553
543
557
552
555
553
564
577
588
588
605
604
571
527
484
494
496
507
486
491
488
490
497
506
544
577
572
560
558
563
558
569
563
561
557
554
555
567
565
560
574
569
547
533
515
526
541
516
534
530
537
543
540
558
578
578
560
545
562
553
532
509
521
524
523
512
518
538
562
542
549
570
553
520
476
526
616
683
681
677
666
687
677
688
685
684
665
596
577
562
557
557
564
560
564
580
600
615
624
615
611
612
626
593
531
519
524
536
538
514
510
527
506
519
531
529
502
447
427
425
432
436
419
420
454
477
493
490
483
479
469
477
509
529
569
582
571
562
564
566
564
515
480
433
426
438
432
441
439
455
471
467
461
469
459
463
470
466
466
472
477
473
466
462
514
605
653
641
630
633
651
608
526
469
461
490
488
482
467
479
471
450
440
453
474
469
427
444
528
638
711
722
697
664
612
588
584
611
609
578
499
440
443
452
457
444
417
411
415
409
415
407
417
398
406
415
406
399
405
418
407
389
391
453
594
707
694
642
562
558
557
556
552
557
563
571
555
571
554
557
559
559
558
557
554
550
580
608
616
615
607
568
534
510
508
518
530
523
509
509
513
536
511
513
546
597
611
611
593
604
644
642
598
557
542
534
556
542
539
551
544
543
559
561
578
575
566
564
573
572
579
574
583
568
573
566
577
580
549
486
461
461
467
457
460
466
471
467
468
507
558
579
580
582
569
591
577
575
564
570
576
579
585
595
589
580
572
575
586
593
587
578
584
582
579
578
588
595
576
570
567
580
596
595
571
557
553
535
545
559
554
540
525
510
509
496
512
509
518
545
560
561
544
536
545
548
564
532
522
503
504
509
507
504
501
532
579
609
609
599
607
612
610
585
550
515
506
520
549
550
534
525
541
549
532
512
530
533
533
505
520
536
528
511
526
559
544
387
149
