636
659
599
589
613
626
591
577
590
603
589
576
606
619
588
545
508
506
520
534
588
630
651
627
622
645
653
598
509
467
453
480
480
468
469
465
485
460
477
485
487
471
473
468
477
495
479
483
479
482
486
468
463
513
577
649
648
623
619
627
640
637
618
619
626
617
612
629
630
630
621
616
631
615
615
587
558
540
521
524
539
543
535
521
509
488
464
434
417
406
390
391
425
473
491
505
511
485
485
496
530
587
628
625
604
603
622
618
598
594
608
612
618
600
596
608
615
607
621
612
621
609
612
609
611
579
529
477
459
475
505
478
450
442
451
454
430
433
500
625
694
702
684
670
653
602
558
543
577
574
577
556
577
591
580
566
558
557
549
526
547
538
534
535
540
578
592
582
580
597
611
571
492
467
465
494
479
481
480
489
456
400
354
347
366
362
362
372
367
382
382
381
378
368
372
380
393
404
369
380
438
533
610
609
602
594
598
606
608
603
581
588
616
605
570
520
486
496
523
502
507
494
503
513
506
496
486
500
503
488
487
497
497
494
500
503
506
481
494
506
487
435
402
396
414
421
395
390
401
443
444
442
490
536
557
561
554
569
568
574
561
564
568
575
571
560
556
574
563
566
572
584
574
572
576
579
580
583
574
572
574
560
532
503
490
506
528
517
499
501
535
583
603
598
598
600
608
597
595
600
608
603
603
601
588
590
597
603
607
578
575
599
589
570
526
493
500
521
466
404
349
361
358
363
356
361
369
369
342
344
364
366
366
358
364
374
351
357
359
367
368
354
365
361
364
360
351
380
374
353
364
427
501
564
561
549
548
545
561
567
563
568
566
589
614
633
642
634
643
628
647
636
640
635
630
613
585
582
585
608
596
567
517
497
491
494
511
503
494
446
405
397
399
386
395
400
415
410
398
423
484
605
678
684
666
643
637
604
559
558
567
582
577
552
514
497
489
491
503
505
503
503
539
564
563
553
541
533
563
567
528
468
435
446
463
464
441
450
507
560
598
594
603
587
557
495
429
420
434
441
433
434
455
486
492
478
469
482
514
501
497
484
496
525
582
617
614
596
599
606
585
543
505
514
516
515
478
467
466
481
459
456
461
464
456
463
448
465
464
465
450
441
446
447
427
437
449
455
465
463
475
474
449
458
512
592
627
633
613
604
617
644
628
550
481
436
442
467
443
436
431
440
435
397
392
403
424
395
400
472
616
683
685
606
569
575
591
585
583
579
588
602
585
550
566
575
557
565
564
600
631
647
643
630
661
671
628
566
516
519
522
530
528
531
521
485
465
446
471
488
483
479
478
499
494
470
487
529
568
558
533
526
576
633
662
653
666
645
654
681
656
619
575
561
560
568
568
561
560
568
570
574
570
565
561
557
533
535
528
523
539
539
529
540
537
544
557
560
546
550
568
570
561
535
487
467
454
456
467
466
468
450
459
496
553
601
608
605
586
587
608
611
584
534
513
519
534
528
519
523
542
564
585
592
589
586
587
584
591
592
621
631
640
623
620
630
636
614
575
521
493
483
495
512
519
514
513
539
553
579
590
579
578
549
519
478
494
531
553
561
553
563
558
566
549
558
564
558
565
565
556
545
553
555
555
550
514
495
445
443
467
462
455
461
456
450
440
444
457
500
539
552
542
532
524
532
536
560
572
575
573
556
559
535
543
562
564
577
575
591
595
559
530
499
491
485
495
508
511
495
479
458
441
467
452
465
443
442
442
435
430
457
488
498
498
483
493
514
559
579
587
566
579
587
587
576
569
598
615
630
624
609
631
639
631
632
619
633
645
625
627
624
629
596
531
471
450
532
600
624
632
616
611
604
607
612
625
610
601
612
618
616
614
605
643
630
567
502
474
472
477
463
429
415
421
411
418
461
554
643
647
621
616
615
620
611
620
620
620
622
611
590
601
624
613
587
535
477
492
493
490
491
489
516
517
498
498
499
511
498
497
506
542
567
607
634
613
575
509
465
484
492
496
474
464
473
501
514
519
514
528
519
525
519
516
544
556
586
572
568
554
542
540
532
531
540
536
529
533
539
532
529
518
530
534
537
533
538
544
527
533
532
544
534
522
528
533
542
530
537
536
526
545
554
594
621
609
609
596
613
613
588
573
563
558
549
558
570
550
513
474
458
452
462
465
472
477
471
482
482
463
466
479
502
546
581
601
592
577
582
580
580
559
552
562
551
539
549
549
539
544
525
520
516
508
509
498
504
508
535
543
550
547
549
549
560
535
516
506
497
528
570
617
619
609
595
612
630
622
582
536
524
524
534
530
539
520
525
518
530
514
530
524
524
519
520
516
531
544
537
542
521
525
522
532
532
544
520
521
532
530
534
515
516
533
521
514
504
522
525
525
521
536
539
547
525
541
532
512
515
526
528
518
521
534
555
540
505
510
566
557
384
143
