645
658
593
594
623
632
601
574
599
614
597
587
600
601
591
577
594
601
596
552
536
526
519
508
521
525
531
504
498
545
612
634
651
629
645
651
648
637
641
658
652
628
617
630
637
635
640
633
627
648
643
635
641
628
653
647
595
520
479
463
465
469
472
477
473
461
510
579
641
653
627
604
627
635
623
607
598
616
622
610
614
624
617
577
529
495
470
488
490
496
484
475
483
497
513
521
515
514
508
507
512
524
522
521
538
567
581
561
555
564
577
570
532
499
449
435
443
504
571
600
605
610
626
618
589
532
492
488
491
503
504
500
484
443
411
400
415
440
417
397
412
434
452
435
426
435
446
439
433
425
450
444
424
414
408
394
409
414
413
413
398
400
422
438
466
473
455
467
468
454
443
453
490
537
582
580
575
569
580
574
580
566
565
554
595
621
654
655
645
636
613
565
525
525
542
514
472
463
447
476
472
463
463
467
462
465
464
499
491
483
480
496
491
487
504
563
602
610
570
537
545
547
562
552
546
561
554
545
541
539
511
489
483
505
507
484
494
530
568
564
565
558
568
572
575
561
566
574
580
597
603
596
584
576
582
605
616
587
537
477
438
433
452
455
445
451
437
436
419
408
397
423
420
432
413
383
482
613
709
715
683
677
699
702
664
608
596
607
605
594
596
604
613
596
607
620
628
572
535
517
505
524
521
522
521
521
499
464
468
452
464
452
471
461
464
472
480
483
483
481
467
468
479
515
547
549
576
561
539
512
485
462
473
478
477
490
500
523
542
531
524
528
524
536
571
615
656
655
653
636
642
668
656
622
593
570
561
564
563
571
571
567
551
528
517
532
532
530
540
537
535
527
530
521
525
571
643
692
700
668
685
701
694
640
589
584
581
528
469
436
427
437
459
457
458
421
386
368
381
377
379
374
385
380
371
370
372
361
359
357
362
373
356
365
393
398
362
360
417
533
608
595
563
571
576
594
591
599
601
616
609
622
611
587
533
514
504
530
526
516
526
542
524
499
473
485
492
480
483
491
502
479
442
411
406
419
428
415
413
421
465
466
466
467
473
459
464
454
491
550
587
588
572
574
579
592
583
560
580
577
586
582
574
586
581
584
594
580
575
579
574
586
586
572
588
578
587
586
587
587
582
569
561
551
564
564
553
562
563
580
606
624
630
623
616
621
624
621
592
541
511
507
509
522
509
492
509
547
585
633
640
630
607
621
631
641
641
604
537
475
481
501
507
491
479
503
509
466
397
350
366
355
380
419
454
456
429
444
488
559
609
595
597
590
597
604
594
593
559
546
532
541
554
542
538
534
547
533
518
504
510
514
506
505
512
528
514
506
509
537
579
614
623
605
622
609
610
620
603
556
544
551
547
529
523
521
523
523
504
512
519
521
515
508
513
524
519
538
547
550
538
527
536
565
622
679
685
664
623
572
550
545
573
568
579
573
560
513
476
484
504
510
488
486
513
580
601
601
598
587
599
601
613
610
590
554
538
531
539
536
539
541
566
593
610
612
613
593
564
563
565
563
555
564
564
548
488
451
458
473
459
459
446
463
472
449
431
436
458
450
436
428
482
554
610
620
595
591
627
622
578
509
463
455
481
467
461
463
477
466
451
472
533
598
643
648
653
656
619
531
474
473
488
508
479
456
477
538
617
663
671
658
664
665
655
641
655
667
669
655
603
578
576
595
593
577
561
542
549
551
547
555
560
547
523
506
503
493
499
499
504
538
574
608
602
596
620
611
602
587
618
630
576
509
470
479
495
492
488
477
502
503
503
495
492
491
487
477
476
472
474
465
468
467
462
468
472
465
461
470
482
475
463
458
487
547
570
583
564
571
583
574
577
573
567
557
533
531
542
545
532
517
525
561
590
621
614
607
608
598
610
614
605
610
617
629
606
602
604
606
593
545
522
521
529
513
510
543
575
618
605
600
595
615
597
593
590
599
601
586
589
591
586
593
563
537
507
497
512
534
510
494
506
517
527
501
454
431
434
441
447
424
431
450
454
436
429
434
447
459
437
435
417
420
427
419
427
413
419
416
437
442
447
457
494
511
513
508
512
510
551
610
655
643
633
626
655
648
633
592
574
577
577
558
583
578
586
548
535
538
529
506
511
553
623
648
666
658
658
638
581
548
535
543
556
549
554
542
527
492
483
498
512
506
486
507
504
492
499
511
506
497
499
519
512
502
496
526
579
631
639
619
615
620
620
618
627
622
606
608
590
580
574
581
575
583
553
524
492
498
501
511
510
515
494
456
429
432
450
440
434
439
452
441
409
388
399
409
392
382
403
447
460
453
478
555
592
595
557
550
559
553
541
531
540
554
542
526
514
496
499
513
512
505
498
504
534
561
572
546
560
561
564
541
521
500
502
499
492
506
505
502
494
523
576
609
610
594
607
605
605
613
614
598
619
618
618
590
561
524
525
529
525
535
532
533
535
515
520
530
528
526
511
511
533
528
532
524
528
534
527
535
524
528
522
524
548
556
530
512
533
542
535
505
517
569
558
388
147
