674
682
621
609
649
680
656
635
650
680
663
621
619
656
654
640
594
535
493
483
486
497
500
480
477
486
499
472
478
499
507
499
465
470
541
597
650
656
633
638
627
651
666
648
600
544
476
454
476
496
491
465
467
517
585
628
631
632
623
630
624
622
609
624
624
634
624
628
618
616
590
558
519
514
526
532
523
514
530
522
469
430
460
509
519
505
505
537
578
595
592
605
611
600
586
531
481
471
486
479
474
484
491
491
496
473
488
498
486
491
482
493
500
493
494
491
494
496
506
535
547
546
491
462
464
491
481
464
457
520
626
694
685
666
681
694
702
655
595
571
565
574
576
580
573
601
618
625
629
610
601
614
633
638
587
520
460
451
474
487
482
451
431
412
403
376
400
405
420
403
398
479
590
676
672
645
638
667
674
646
593
569
569
583
582
580
582
577
576
578
574
579
579
576
571
582
575
570
574
562
567
565
560
560
547
557
579
551
551
554
583
596
609
606
613
606
570
513
476
470
490
482
466
479
479
492
492
476
483
498
513
504
504
515
509
496
487
492
528
558
576
579
569
584
613
626
633
609
615
610
632
634
621
601
565
549
547
547
558
556
536
544
543
539
542
538
535
550
574
590
597
589
594
595
587
597
588
586
593
583
532
498
480
504
503
502
485
461
461
455
474
472
464
465
472
487
481
471
478
486
494
482
478
497
491
491
475
442
429
423
441
448
438
415
395
364
358
370
376
365
343
361
386
427
453
456
456
435
455
493
538
586
584
571
571
578
625
630
611
615
637
640
598
538
485
466
453
428
431
437
461
443
435
473
553
605
611
599
600
594
607
591
556
513
509
529
602
654
644
630
625
652
655
599
523
479
471
500
507
489
443
415
399
407
409
389
396
465
527
562
575
561
571
575
578
552
560
572
548
553
552
557
571
565
560
565
563
553
556
563
579
583
570
572
578
579
595
590
603
569
535
493
507
502
506
492
519
542
561
551
556
548
560
556
545
555
567
598
608
618
589
603
596
597
572
547
539
568
589
603
588
579
587
565
518
486
491
500
495
501
503
472
439
411
409
418
432
421
406
415
438
439
428
426
421
438
425
418
416
434
433
430
421
405
397
377
384
389
378
393
389
410
444
471
481
468
474
471
465
465
494
552
584
604
580
569
586
591
586
555
536
508
491
511
546
574
595
601
600
583
587
598
576
579
582
600
599
593
576
560
540
537
551
559
570
577
573
539
472
427
427
455
444
412
425
471
534
576
569
576
583
584
580
565
561
570
583
554
571
595
629
650
643
639
657
639
605
599
584
604
598
605
603
572
540
526
534
530
522
486
480
481
485
458
420
391
382
417
404
396
388
405
409
380
374
382
392
406
363
372
436
530
578
591
568
569
568
592
580
570
575
573
590
618
640
644
632
637
628
644
622
595
581
571
570
579
577
581
572
558
541
543
543
548
532
547
548
541
528
491
480
462
490
488
472
461
483
529
608
680
698
670
632
559
536
524
527
533
522
500
519
556
585
599
604
591
610
594
610
617
608
602
593
606
595
598
600
604
594
578
546
522
529
532
543
542
522
498
468
451
458
455
461
451
453
455
443
428
414
395
405
419
403
403
411
414
410
387
379
457
546
643
634
584
591
625
620
624
596
613
598
588
599
625
614
566
511
485
500
494
488
477
469
462
431
397
387
411
406
413
399
404
394
409
427
487
509
522
494
500
483
502
524
558
587
585
578
573
575
569
567
555
535
543
544
537
538
540
544
530
539
543
540
550
581
596
602
592
590
612
607
579
554
555
542
565
551
540
555
566
547
540
527
514
523
520
528
526
562
601
593
539
457
415
418
432
435
436
429
440
438
430
414
422
434
422
425
425
448
451
416
421
462
576
638
641
610
605
631
640
592
529
476
496
509
496
504
501
519
562
579
604
605
601
594
595
612
616
569
532
519
505
508
515
510
509
499
467
456
459
453
453
415
420
428
423
387
373
386
408
413
388
403
418
447
467
464
436
446
455
486
550
592
595
567
539
535
547
554
538
540
556
549
523
508
502
497
502
501
504
497
502
487
515
539
547
550
551
545
521
506
509
508
505
486
497
536
598
648
624
623
618
627
634
623
613
593
579
573
584
583
586
592
580
556
540
537
527
533
524
524
525
533
550
542
519
525
544
524
530
526
538
531
524
520
533
543
531
515
520
531
528
518
526
533
530
511
519
540
540
507
521
573
575
395
144
