637
659
600
587
619
634
618
584
588
610
595
578
574
559
516
516
525
532
516
504
519
516
513
514
502
518
515
518
506
528
520
502
509
563
612
643
646
627
623
629
628
650
635
591
514
472
443
468
478
471
460
479
479
466
471
503
584
633
629
613
617
629
630
617
592
522
475
482
497
505
490
490
493
482
481
495
511
523
515
518
513
528
515
522
507
508
533
550
574
571
566
569
574
574
549
477
447
438
462
454
445
461
468
461
452
497
574
627
609
581
612
625
640
579
525
501
495
500
505
501
509
503
504
483
441
416
397
414
433
415
399
406
419
435
431
430
432
434
436
434
442
445
418
421
420
416
413
417
411
391
410
419
450
478
482
448
458
494
564
592
586
570
577
590
586
574
570
589
575
574
581
586
588
564
561
571
573
563
565
573
618
659
645
646
648
671
657
616
563
522
532
538
520
482
464
470
464
466
460
455
481
472
485
481
492
477
464
477
522
566
608
614
598
574
586
591
602
592
594
603
623
602
587
563
550
543
535
547
561
539
530
513
501
491
496
516
561
574
559
563
580
575
585
585
609
601
563
478
421
421
439
443
424
433
447
436
406
401
425
417
390
385
484
621
713
717
695
696
693
711
689
683
674
615
589
586
617
625
599
595
594
609
601
597
604
605
610
601
592
608
607
603
594
606
617
601
616
621
607
576
528
512
525
515
509
496
512
521
522
515
514
507
509
501
503
515
503
471
460
452
467
466
455
474
480
487
482
482
491
471
474
496
534
554
573
564
541
500
479
482
479
491
481
468
492
503
532
523
518
524
540
524
525
553
624
671
673
650
650
657
655
625
584
561
567
555
566
563
564
553
549
534
513
514
520
576
631
677
692
675
655
678
695
696
637
575
571
570
573
571
576
599
568
533
466
449
433
412
406
456
540
607
599
573
584
601
608
593
577
600
572
516
471
480
512
510
475
456
456
456
447
452
438
453
452
447
446
467
482
469
456
473
470
458
443
413
395
395
394
406
399
390
397
388
393
391
402
397
411
399
411
407
393
385
406
452
477
473
469
462
479
477
460
454
501
568
602
604
594
590
599
600
586
588
576
564
558
567
592
600
621
614
616
595
610
617
627
575
524
500
525
538
507
500
547
600
632
622
616
622
603
539
492
485
493
511
500
455
414
345
353
369
371
357
365
386
431
462
468
459
463
448
451
493
569
607
595
548
545
549
554
545
543
532
535
506
499
499
519
515
503
495
498
492
498
500
500
492
497
530
577
610
615
589
580
602
602
590
582
579
577
551
555
554
563
543
547
557
556
560
537
530
571
637
686
681
660
659
687
682
645
584
565
550
566
559
567
579
577
544
499
489
497
493
493
490
480
494
524
564
605
601
587
590
608
609
592
546
526
544
537
537
534
529
548
591
613
614
608
597
604
608
604
564
553
570
581
538
490
452
453
466
453
441
431
429
439
423
430
442
429
445
478
562
610
622
607
610
616
610
602
594
593
589
611
611
580
506
460
459
495
494
452
450
469
481
473
447
457
536
593
638
658
648
646
589
524
492
461
461
460
502
602
669
671
655
641
672
660
656
647
650
644
608
592
585
581
588
585
581
593
557
549
537
549
544
546
539
542
525
497
493
497
498
497
541
587
614
610
590
579
591
598
597
597
610
562
516
483
490
504
491
480
475
495
496
501
493
491
499
488
507
499
505
473
466
468
468
477
471
460
486
476
478
472
463
451
472
502
545
587
583
573
570
567
578
578
588
571
546
536
528
531
539
532
526
521
563
586
610
626
607
601
596
618
621
593
542
519
517
525
524
524
524
521
529
519
531
569
592
597
575
578
606
588
566
554
560
560
553
550
554
541
559
553
550
547
559
545
550
544
553
563
595
609
606
583
600
603
608
557
519
486
476
469
442
422
419
424
418
401
409
422
438
468
454
447
456
485
548
607
662
682
666
630
594
575
555
576
569
568
552
533
525
527
543
535
529
539
561
622
666
666
661
653
666
667
634
580
542
537
554
554
555
553
558
556
551
551
533
527
509
487
502
514
502
492
491
529
593
624
644
626
611
602
622
629
631
593
594
575
574
586
578
600
587
571
536
500
501
510
504
517
505
492
464
447
444
446
457
443
452
452
431
414
393
395
396
399
388
385
407
387
386
394
423
445
472
456
452
461
452
462
456
453
447
499
544
588
586
578
575
586
591
584
580
590
584
584
590
578
588
587
577
570
578
593
585
581
590
588
575
573
572
575
575
582
574
591
581
588
583
584
580
581
583
568
547
553
548
552
555
558
563
554
531
523
489
507
502
506
505
499
512
515
496
498
503
539
557
559
540
547
553
562
539
551
546
555
567
542
510
508
526
588
610
612
612
614
624
621
604
587
550
530
515
521
541
547
526
517
528
536
530
516
514
525
527
520
516
532
527
517
512
529
539
528
517
537
548
548
506
532
576
555
391
152
