733
750
670
632
627
625
593
582
607
613
569
495
455
468
477
473
460
475
488
457
428
405
418
431
430
400
404
489
572
655
647
628
625
625
627
608
615
630
602
617
629
631
582
509
466
463
489
504
491
464
469
491
491
488
477
486
471
473
469
463
474
481
472
443
465
521
606
646
639
645
645
641
643
633
654
638
599
535
469
481
500
496
468
466
531
618
653
644
644
652
662
656
609
571
534
546
539
563
542
537
529
547
556
542
512
486
490
507
505
495
501
535
574
608
610
603
596
605
594
599
589
592
564
550
547
544
549
546
525
505
497
502
497
502
515
500
495
499
496
539
564
589
598
586
593
587
621
624
625
615
628
622
570
533
490
489
492
493
492
498
495
494
505
512
535
538
529
519
529
534
550
579
601
610
603
582
600
618
602
557
522
489
464
475
496
501
480
452
412
419
410
409
428
421
402
408
408
436
496
520
524
507
517
533
513
504
530
556
564
577
575
569
552
515
469
465
478
486
463
467
474
477
456
455
524
634
710
693
658
649
670
681
672
637
610
578
576
576
590
584
566
559
584
606
577
557
569
607
636
638
602
525
475
454
481
503
469
433
439
517
627
695
687
682
692
694
703
695
700
670
624
575
577
587
566
508
472
477
506
489
467
471
501
482
462
419
400
422
414
412
423
447
463
440
449
448
450
441
428
429
432
442
428
435
457
458
469
449
447
453
465
474
459
447
438
447
453
457
438
432
434
454
427
425
400
399
402
416
403
401
412
424
438
423
407
449
554
623
620
582
561
586
603
546
502
455
462
452
436
490
560
605
615
583
578
590
609
594
605
610
608
562
481
414
415
482
535
575
574
569
557
577
577
584
567
573
600
600
573
537
534
564
564
559
563
574
557
536
506
526
545
551
570
574
578
530
476
442
438
442
429
435
454
472
510
512
519
495
494
499
530
580
617
608
603
614
611
605
598
593
611
597
594
589
617
626
569
514
471
466
482
482
477
484
503
499
480
478
504
514
528
531
520
521
523
544
582
614
609
609
608
604
613
605
609
621
605
612
604
619
615
583
514
482
481
480
482
476
472
483
465
450
447
460
463
444
428
509
621
705
718
688
673
676
704
696
658
607
567
563
568
582
569
580
580
565
594
609
620
632
615
621
586
568
526
522
537
547
501
452
419
419
434
413
422
430
430
417
425
415
439
425
415
401
401
380
399
458
530
577
564
563
573
572
573
561
555
549
549
527
526
544
546
539
554
545
534
534
539
541
533
554
554
576
542
491
469
516
624
693
697
672
662
685
693
644
588
565
553
565
569
590
607
619
624
610
616
621
618
593
562
554
562
565
577
590
579
581
590
600
588
563
521
492
475
490
484
491
487
492
492
499
517
502
497
481
517
545
568
585
562
565
557
556
553
536
528
518
530
563
568
557
555
570
565
548
528
515
515
514
510
500
514
548
555
549
562
557
559
536
526
508
511
532
531
525
523
516
544
569
588
600
583
577
601
608
584
558
557
558
563
555
547
557
560
569
588
621
626
609
617
638
631
606
545
528
537
540
548
542
532
550
549
562
563
564
564
571
563
536
516
503
511
515
498
516
538
560
584
590
567
564
590
571
583
579
568
567
567
574
575
582
584
586
573
580
574
589
580
560
575
598
591
576
578
586
580
536
465
419
438
444
449
429
442
454
461
450
450
516
609
651
659
636
631
640
633
625
650
642
588
509
452
464
507
504
481
464
485
508
482
442
461
476
464
432
461
537
624
692
697
701
682
680
697
697
698
671
626
580
591
608
592
590
600
591
567
484
433
433
454
460
459
458
458
457
448
448
446
442
440
448
463
453
442
449
452
460
457
452
439
421
396
404
475
581
682
705
664
618
585
556
538
546
561
557
547
544
571
606
619
612
595
604
608
578
528
521
507
512
515
499
508
518
526
522
507
512
540
584
604
628
621
619
611
621
627
623
607
568
535
549
555
556
545
545
547
571
573
539
490
455
446
449
452
441
450
461
481
477
453
475
503
547
575
590
576
578
571
585
583
573
553
542
544
554
541
551
557
553
547
534
540
553
544
547
547
550
542
515
490
509
509
510
512
511
517
537
549
547
541
545
547
556
532
512
503
498
520
516
497
507
535
590
606
616
606
614
613
592
540
518
519
522
523
523
535
536
533
519
514
518
524
533
532
526
525
522
527
533
537
514
518
522
521
528
530
540
521
523
532
542
518
516
519
532
512
512
524
544
535
495
514
564
549
389
145
