658
665
599
596
624
625
594
596
625
633
613
607
621
631
614
591
585
618
605
589
595
600
613
601
570
523
509
518
516
512
520
550
604
633
638
617
631
649
641
585
500
464
463
464
514
580
649
654
625
592
626
636
619
593
605
637
632
612
621
637
643
591
509
473
475
474
480
494
498
472
441
463
481
461
410
428
532
662
691
631
592
579
606
607
590
598
604
574
513
474
470
480
487
486
494
496
494
488
480
504
508
503
491
483
497
501
508
538
561
564
541
541
556
578
568
516
488
467
467
457
468
522
619
685
685
675
672
680
674
677
667
673
685
693
682
672
660
622
562
556
586
632
639
625
610
630
644
631
580
517
470
456
475
486
454
411
380
400
427
424
384
378
472
608
688
645
591
556
573
581
577
562
575
581
588
590
587
601
597
597
581
556
551
542
571
555
527
472
442
433
448
452
442
447
436
430
453
493
502
505
502
500
505
496
529
575
608
613
607
604
615
606
611
609
590
565
514
492
477
490
487
475
482
490
491
477
484
485
491
496
496
501
505
509
491
502
501
501
522
555
579
582
586
565
575
568
575
578
601
638
632
599
579
556
549
549
549
559
560
562
554
569
549
544
537
542
545
549
539
550
567
578
573
593
587
591
557
525
494
508
516
507
507
500
508
509
492
486
498
506
493
470
462
484
464
464
461
467
470
473
467
459
469
471
466
466
459
475
479
484
467
489
466
477
490
481
481
477
492
499
493
468
442
429
435
430
424
434
444
415
382
351
390
422
468
444
449
456
461
444
435
491
544
583
592
588
566
580
582
581
584
586
580
570
580
571
589
577
572
576
575
593
585
575
571
574
588
583
576
570
582
575
579
570
581
578
587
582
575
565
575
591
616
628
625
612
625
633
619
590
522
485
482
502
492
489
503
518
498
452
432
438
438
431
441
451
455
450
446
451
448
451
452
454
448
444
440
445
455
436
426
473
552
614
611
564
531
524
517
502
513
546
613
648
647
633
632
661
660
641
591
539
492
459
432
420
407
428
418
401
402
447
534
574
576
551
546
572
582
559
562
572
568
568
558
562
566
560
569
579
600
583
573
577
592
592
584
566
577
582
588
593
582
588
582
575
581
552
520
498
496
521
529
545
552
554
560
550
555
567
587
616
616
619
625
595
597
588
573
545
541
558
561
556
560
543
551
551
564
587
613
609
567
507
482
469
493
494
475
475
482
487
464
436
411
405
400
414
421
427
410
427
433
420
412
425
429
409
400
372
361
387
421
448
479
484
478
469
459
461
499
564
600
611
579
554
520
515
504
510
524
507
497
503
530
577
591
594
596
595
595
603
582
589
592
592
588
583
589
588
575
589
569
562
533
539
552
558
535
543
553
571
574
567
587
582
524
453
416
436
429
435
468
545
632
657
642
631
641
619
588
575
602
610
586
531
526
522
507
491
465
485
486
490
472
484
483
480
467
480
481
474
487
495
483
485
487
486
478
485
486
491
484
478
468
470
496
482
458
413
395
406
400
394
386
383
367
394
402
389
351
376
427
528
577
587
582
561
568
567
590
618
646
642
635
622
643
648
643
642
644
636
644
642
648
635
607
579
582
559
539
540
536
548
551
535
536
544
548
529
532
559
550
526
489
481
490
469
456
517
613
670
689
678
679
693
647
560
508
514
538
536
538
510
520
528
528
521
519
525
529
516
521
524
519
512
532
569
616
613
593
541
531
540
537
511
470
443
463
461
458
428
409
413
413
412
418
410
409
418
418
402
397
408
459
556
620
640
612
593
609
620
615
604
597
601
618
599
563
512
474
465
486
483
471
426
398
405
419
407
404
396
430
486
506
501
498
508
505
510
503
534
556
592
583
571
581
586
589
571
568
581
592
567
550
517
527
538
540
544
537
533
548
555
559
562
565
562
544
567
569
579
544
519
510
535
555
563
569
603
596
551
468
428
414
422
435
415
426
434
435
414
413
418
433
448
437
436
437
492
584
637
655
630
579
549
516
494
498
499
507
492
495
520
587
596
595
600
614
615
583
534
514
501
518
507
491
499
504
476
457
451
469
478
458
460
467
466
461
460
435
419
431
422
431
406
396
388
396
397
385
383
406
447
472
471
452
497
545
583
582
581
586
579
561
542
551
546
550
538
526
544
566
543
510
506
506
512
514
506
513
536
560
550
546
553
559
542
512
507
495
517
496
487
511
542
592
607
617
608
605
606
623
623
607
584
554
530
519
533
519
532
520
530
521
531
526
523
524
525
526
537
534
532
533
523
519
540
538
523
521
534
526
520
525
534
548
526
516
531
557
535
508
516
563
563
385
149
