663
659
606
600
631
622
580
576
607
602
594
582
606
608
571
531
525
516
510
505
546
607
652
620
626
661
661
607
522
479
482
475
471
495
571
645
629
619
600
629
650
637
622
632
632
633
611
621
630
631
608
554
527
521
514
498
493
493
507
493
457
442
443
455
450
442
430
446
440
462
465
425
387
357
361
367
378
365
367
420
491
566
552
550
542
556
551
553
556
561
576
567
580
561
567
559
557
567
575
583
585
584
592
585
579
552
519
481
492
501
496
486
471
470
471
475
470
468
480
478
484
474
474
460
467
463
469
468
475
470
469
469
478
474
475
478
481
477
462
478
479
479
468
469
478
467
455
472
499
519
554
568
544
547
540
538
546
533
538
539
546
532
516
494
486
493
489
482
472
490
506
535
541
543
533
537
550
574
553
544
550
543
544
545
548
545
554
556
547
552
562
538
535
556
558
588
588
584
587
593
593
587
582
593
587
568
529
514
512
522
516
514
512
519
527
561
589
597
589
574
581
587
586
594
589
579
561
578
583
579
563
579
584
583
553
521
477
467
443
426
419
418
406
427
415
402
380
346
320
359
419
454
459
452
455
456
462
436
462
453
453
452
489
558
589
596
590
583
590
580
577
567
595
590
599
584
583
583
572
575
596
593
577
519
477
496
504
507
487
491
512
539
553
546
545
541
546
566
549
550
536
552
556
537
533
546
557
555
560
542
546
556
543
554
569
597
625
629
616
599
578
565
534
536
552
557
565
541
518
519
513
508
507
513
498
521
537
558
575
591
571
568
572
589
576
529
481
430
412
432
447
434
426
440
476
477
474
478
479
479
459
475
524
545
558
531
530
585
653
670
667
665
659
652
638
595
584
590
583
592
590
579
556
502
480
476
485
491
491
488
469
435
413
400
410
420
417
408
411
404
420
417
415
408
407
431
450
438
445
434
440
431
421
407
406
409
395
409
409
403
385
363
381
393
382
361
376
453
556
633
653
627
603
598
582
560
561
583
591
588
571
567
581
588
585
572
577
578
560
548
521
533
539
528
486
453
434
431
445
445
433
428
438
449
447
440
443
433
451
435
409
428
515
615
694
709
671
665
687
688
676
655
633
606
566
550
559
573
554
510
455
433
429
420
438
438
455
460
471
468
459
463
478
506
527
516
509
513
520
502
514
537
582
598
615
599
593
613
600
611
614
607
613
605
604
603
619
612
611
607
608
602
617
578
518
477
465
472
480
475
446
433
423
426
440
430
407
422
469
559
607
613
603
587
611
612
607
558
512
486
475
472
479
484
489
481
474
466
456
456
461
447
459
486
555
584
589
579
574
572
581
577
585
580
586
572
579
568
571
583
569
569
583
580
548
544
550
560
554
539
508
491
489
502
499
501
494
484
499
492
510
506
511
491
507
506
504
524
534
528
532
529
536
530
527
528
531
538
540
531
550
545
529
519
532
531
545
542
542
543
534
535
535
528
539
523
531
544
555
558
546
567
604
631
624
627
615
635
636
636
624
613
541
496
496
499
513
499
509
545
607
611
613
604
610
622
625
614
603
617
617
611
611
614
627
612
588
555
522
520
526
541
535
503
480
460
450
451
476
484
485
484
494
515
521
515
502
507
508
502
516
526
548
540
542
539
531
535
535
531
542
545
540
547
552
543
541
539
566
582
618
633
619
636
625
622
615
619
632
639
644
636
629
622
607
633
630
619
602
610
623
638
613
613
582
586
560
568
578
588
576
565
539
546
542
494
445
403
402
406
412
403
406
401
416
436
498
553
568
543
529
546
573
569
548
556
558
569
540
562
549
557
549
565
575
560
548
555
574
586
572
560
568
583
581
555
489
461
444
472
470
458
434
451
502
593
660
674
651
643
655
681
670
627
581
546
546
556
552
537
547
560
556
550
547
553
571
586
611
601
596
607
613
597
558
512
465
477
483
482
470
497
493
489
473
466
480
489
487
453
469
502
549
576
579
559
568
559
563
571
578
554
514
484
488
492
506
496
494
484
494
502
505
506
479
436
403
409
425
430
408
420
419
426
402
415
417
413
403
379
373
389
381
389
387
393
382
375
381
383
394
385
383
384
386
389
397
405
442
456
444
406
425
511
623
686
720
696
683
687
694
703
685
660
606
563
552
569
583
567
570
590
616
615
580
520
482
472
484
488
501
496
472
437
414
410
428
412
380
361
365
386
379
354
365
431
535
595
594
583
588
597
594
583
587
596
587
588
560
582
588
590
571
536
508
509
531
535
517
521
543
549
554
551
566
596
602
594
581
596
602
573
504
470
468
482
499
477
463
479
489
484
480
470
465
454
471
478
467
461
449
484
551
598
596
571
579
572
584
586
572
584
585
574
572
579
590
567
551
532
539
541
541
551
549
542
540
549
568
601
621
615
606
599
624
610
587
538
520
516
528
527
534
526
527
530
529
533
522
527
521
523
519
525
528
545
540
528
525
538
534
528
530
532
545
529
517
522
552
539
495
525
569
556
396
150
