663
674
606
585
615
645
596
580
583
603
590
568
585
615
587
521
492
516
517
501
510
552
618
660
648
626
621
621
635
622
641
638
595
526
479
445
453
496
484
466
456
497
576
633
625
598
611
631
640
626
627
630
608
562
526
518
548
539
529
519
546
543
531
506
488
492
502
499
505
496
479
456
447
452
443
449
449
452
433
401
362
360
385
375
360
363
424
501
553
561
529
533
545
547
560
562
560
567
574
565
558
575
572
574
565
572
560
567
555
571
567
573
571
583
589
587
583
577
589
591
546
499
470
478
484
489
481
481
484
471
458
489
522
548
556
554
546
537
510
483
490
501
486
487
503
540
554
560
545
549
556
552
536
544
560
582
586
576
590
599
595
592
574
599
606
595
568
534
511
510
510
530
536
561
585
596
590
581
572
598
584
590
585
596
601
589
578
578
587
585
588
577
579
575
571
573
575
575
570
542
524
489
481
483
496
501
512
490
469
442
420
403
357
347
361
353
344
351
354
356
351
357
362
355
338
330
371
430
464
469
452
452
471
459
444
488
535
594
600
574
574
591
590
566
506
475
501
497
494
507
492
481
505
539
550
559
544
543
557
560
543
546
547
553
551
550
551
563
544
547
567
600
619
625
619
602
628
623
606
581
567
541
551
542
545
541
540
543
535
529
504
507
518
534
552
564
573
562
560
571
570
589
573
535
468
411
420
453
476
471
464
471
470
473
476
467
466
484
504
532
558
534
522
514
567
632
662
651
647
662
665
648
605
570
582
557
509
467
485
494
497
450
415
404
416
409
403
419
438
448
434
430
445
447
444
418
403
408
405
400
408
424
401
396
394
410
412
385
364
372
393
395
369
359
456
557
628
605
565
555
577
588
575
561
580
578
574
581
574
572
583
582
575
548
544
529
522
519
529
531
526
500
457
431
427
443
449
460
449
431
422
447
454
453
429
438
485
592
671
696
662
651
672
675
663
626
571
553
540
547
562
575
550
514
467
444
435
429
435
444
444
467
477
478
475
474
476
489
514
524
502
501
540
576
611
605
594
601
614
617
612
609
601
602
592
600
602
604
586
593
610
618
589
520
500
486
489
489
478
483
466
444
427
437
449
437
416
421
436
442
408
409
455
546
600
613
585
588
599
615
593
611
598
581
598
598
600
614
601
601
604
613
603
588
596
598
601
603
591
603
610
603
593
523
488
476
484
488
482
489
478
469
461
453
470
475
463
469
487
552
586
600
563
584
584
591
571
563
572
577
588
592
575
577
549
546
552
559
560
544
548
559
559
544
510
482
482
492
498
493
485
495
504
495
487
499
499
505
505
496
500
522
513
537
541
534
539
534
525
530
536
531
531
528
549
557
546
554
547
562
600
618
648
622
583
552
499
505
513
523
525
509
514
504
535
572
604
606
609
591
597
625
621
612
616
620
610
602
606
606
609
616
618
626
602
550
527
526
535
535
523
517
523
529
509
469
452
460
442
455
456
464
459
463
467
477
488
485
490
484
485
486
477
495
488
491
492
483
477
484
478
496
500
519
531
534
528
539
543
531
555
536
544
552
550
532
531
546
562
589
622
629
618
619
608
615
617
631
614
611
597
574
557
575
578
584
574
556
549
553
541
521
528
539
537
500
436
384
373
400
410
393
369
381
436
499
544
564
546
530
538
558
537
530
529
552
567
568
579
599
590
580
591
603
593
563
485
435
421
431
429
435
475
541
567
577
576
578
586
592
572
571
576
583
591
593
592
586
589
576
575
585
554
497
469
484
477
488
478
478
489
476
473
466
467
472
480
463
477
510
546
573
583
585
574
585
586
580
562
573
586
577
574
562
570
578
567
539
499
484
481
503
507
466
432
412
407
416
419
419
424
422
423
435
434
437
438
446
440
444
452
472
479
490
470
474
486
488
474
480
514
570
620
616
614
613
611
611
610
608
623
616
619
608
595
593
556
564
566
592
570
539
507
486
478
493
510
501
488
478
507
495
484
466
445
449
442
447
456
462
454
440
409
378
369
388
406
391
375
373
404
433
454
441
448
458
454
440
442
483
550
616
634
618
607
615
630
621
593
549
523
524
513
533
533
533
533
537
531
537
558
590
591
581
575
578
580
584
588
575
588
582
586
603
620
616
620
622
637
648
588
534
507
506
503
463
424
420
432
433
417
424
433
446
458
460
502
545
598
602
585
570
575
577
562
555
541
544
545
544
549
552
539
508
503
511
507
498
516
549
560
561
553
551
561
541
515
493
498
517
504
484
504
545
589
612
626
625
606
585
541
527
516
527
531
528
526
518
526
552
538
524
523
539
532
531
518
536
533
526
522
526
540
527
518
527
554
540
502
517
575
569
393
154
