499
516
478
464
478
477
473
502
590
647
636
606
598
615
648
620
581
549
517
510
522
524
527
524
547
602
653
673
648
634
629
655
661
592
514
453
467
492
479
466
500
593
648
645
603
600
621
634
616
601
595
616
616
607
612
602
616
614
614
608
621
622
618
587
529
488
465
486
497
490
481
489
506
490
471
479
499
493
480
478
491
495
500
486
482
497
515
528
520
521
511
527
558
577
562
564
561
578
581
530
478
443
463
472
443
438
492
584
637
626
600
607
603
613
602
609
608
591
558
508
504
497
511
513
497
499
502
507
511
495
442
413
411
428
430
415
399
424
433
437
435
438
441
455
441
421
419
406
408
406
425
452
471
468
453
459
477
502
548
575
579
583
588
588
594
570
578
572
562
565
548
578
618
642
651
632
655
658
620
565
517
529
529
523
522
535
535
515
482
449
457
470
458
468
465
474
503
561
607
634
585
584
594
613
594
551
531
539
550
528
506
526
585
605
590
584
599
592
588
577
554
556
549
558
555
555
570
584
623
635
605
615
618
614
561
473
410
426
450
449
450
444
445
443
439
453
445
438
433
432
416
393
413
489
631
695
712
691
696
695
681
676
678
679
661
623
606
599
609
618
602
609
599
548
509
489
511
519
514
502
516
492
473
447
470
464
482
482
478
487
474
478
470
474
487
502
535
565
581
561
549
559
554
570
563
546
509
476
459
488
506
507
517
522
528
517
510
540
608
652
658
644
663
659
638
573
551
570
586
573
529
522
527
547
535
519
559
632
683
695
674
643
593
569
571
582
583
580
571
582
582
558
480
432
431
429
427
401
401
416
419
402
424
477
549
603
603
602
592
555
531
493
493
482
498
485
481
481
472
450
444
440
437
450
436
438
445
460
465
472
471
474
480
475
465
453
432
439
458
446
437
446
448
447
445
452
449
440
402
394
412
410
406
394
405
439
461
457
446
440
452
484
522
568
564
556
551
538
561
584
598
598
603
599
599
600
602
575
542
504
507
523
518
499
512
547
596
621
644
619
605
640
640
619
578
519
497
486
483
493
500
508
498
499
500
517
504
458
395
329
332
355
394
418
449
453
459
453
453
460
507
559
599
614
598
594
607
614
603
580
557
545
530
532
510
510
516
520
507
502
532
588
620
615
613
599
608
610
614
591
604
597
564
553
549
571
558
554
549
554
565
558
561
534
552
549
560
557
544
516
519
500
517
514
515
516
500
515
523
528
541
541
544
533
523
532
567
623
671
684
665
625
587
546
546
560
566
584
570
547
516
499
490
499
511
498
492
491
498
499
496
497
494
526
571
626
631
620
597
592
613
618
602
584
553
531
532
536
539
524
530
549
548
563
557
558
599
626
609
569
525
507
489
483
476
478
492
468
447
445
445
446
442
433
448
442
433
424
486
585
619
611
594
608
604
567
496
449
455
473
471
452
470
483
481
471
459
466
467
473
459
463
454
465
484
460
460
460
507
580
665
672
639
640
658
677
652
568
502
476
467
468
475
527
610
661
664
638
644
681
670
641
644
655
641
612
570
573
577
602
588
578
581
592
587
565
553
548
549
550
547
551
548
552
535
512
507
524
510
508
487
490
523
580
628
616
608
599
625
625
622
604
606
613
610
593
599
619
616
572
502
473
479
493
489
485
476
473
453
366
381
470
567
642
643
649
645
619
575
517
524
537
542
530
530
552
583
608
579
588
585
582
581
595
606
596
599
595
594
583
544
515
522
523
525
505
509
539
589
601
594
586
579
594
598
591
573
571
561
557
559
560
557
552
558
560
544
557
555
561
572
540
549
555
568
594
606
604
600
584
592
607
604
574
525
494
473
494
508
495
488
491
500
481
434
419
418
422
434
437
447
441
438
446
445
452
474
480
514
525
507
511
490
486
500
550
610
662
663
651
646
641
649
598
562
564
573
566
569
561
578
552
537
520
530
537
518
522
554
629
675
682
659
657
671
669
630
561
546
554
560
556
551
559
551
523
491
484
496
507
493
495
509
510
508
488
497
535
588
619
630
629
607
594
580
590
579
554
526
501
495
501
507
507
520
510
491
453
442
441
454
453
442
424
402
398
389
395
399
389
404
426
466
462
466
440
451
466
457
444
448
496
556
585
584
575
579
577
567
539
529
556
545
550
544
547
548
523
503
523
522
516
509
532
566
581
578
574
581
547
481
435
442
463
481
472
476
486
485
467
470
509
549
597
605
575
587
591
596
570
542
521
526
526
527
515
526
537
529
519
528
529
526
531
526
534
525
521
526
541
534
527
518
536
549
523
519
540
558
538
501
519
572
545
387
140
