647
659
594
577
621
629
618
597
617
631
609
583
586
593
581
587
561
527
504
499
511
521
503
516
534
600
645
654
633
586
511
459
461
491
497
471
449
505
587
639
632
617
624
636
625
620
616
626
622
606
619
639
632
571
500
480
480
488
483
465
461
468
470
452
451
515
579
643
662
658
599
522
481
484
508
500
471
468
509
596
648
679
646
630
654
658
657
621
584
559
538
535
548
549
535
535
540
545
542
543
543
553
539
547
550
530
498
499
496
509
500
502
495
516
516
475
489
535
582
619
614
599
606
626
613
606
583
566
559
550
535
529
524
535
535
531
536
541
567
576
587
580
589
587
582
587
589
610
627
631
624
619
620
632
624
598
549
487
475
499
511
502
511
523
540
536
525
523
529
529
521
534
590
621
606
553
514
485
468
482
483
497
463
435
412
399
405
400
403
421
478
523
519
516
524
514
511
512
511
508
506
501
495
510
519
558
581
595
553
558
570
578
552
498
470
466
479
470
472
535
619
690
708
680
629
609
591
581
572
575
601
621
620
629
634
637
620
617
630
638
642
620
532
478
470
487
505
488
452
437
450
467
460
440
440
512
613
709
692
609
554
573
604
620
566
515
470
489
482
488
497
464
437
411
403
416
406
400
418
409
430
438
447
441
435
443
444
443
438
438
444
449
467
462
452
446
436
442
429
424
445
433
422
419
423
431
440
418
420
429
419
437
433
441
432
436
430
443
437
424
426
434
437
444
426
425
470
551
614
636
609
590
615
608
582
497
432
432
499
568
598
594
595
588
600
584
582
599
603
564
484
431
430
449
461
434
436
439
483
536
566
581
575
564
572
579
586
570
564
567
568
577
573
576
565
586
573
579
567
572
573
587
591
583
578
577
588
592
572
543
524
532
540
544
536
533
547
561
581
565
554
559
569
580
567
544
529
514
512
510
530
569
564
565
555
560
575
569
563
553
568
580
566
557
546
568
584
582
543
476
429
420
427
436
452
433
426
448
447
432
438
427
432
429
445
433
459
488
520
517
513
486
490
540
589
611
603
625
614
567
530
490
469
501
496
493
487
483
493
510
508
522
519
522
524
507
517
542
587
619
619
617
597
610
611
607
609
623
622
596
613
625
626
570
500
457
455
481
480
469
484
454
462
431
442
513
628
696
709
679
691
721
725
676
603
569
568
587
556
503
475
470
476
471
460
448
451
468
473
468
446
422
411
411
407
436
418
420
403
411
417
416
378
412
458
531
583
575
560
550
541
552
536
537
530
538
526
543
550
581
587
572
564
572
571
581
561
546
528
528
526
537
538
527
541
559
567
576
573
570
566
561
565
562
567
571
567
567
577
601
606
624
615
589
580
571
565
565
557
560
546
560
571
562
558
548
554
572
582
587
585
583
608
593
551
518
478
478
485
487
481
493
502
505
489
481
485
481
511
548
567
552
538
524
538
538
527
536
533
525
535
537
566
552
551
540
561
565
546
524
505
524
521
520
513
513
506
525
553
564
554
543
522
533
526
540
525
521
521
531
520
538
579
605
604
603
588
597
584
555
554
586
572
559
564
594
621
638
631
634
654
611
557
507
504
524
523
507
512
526
525
488
443
417
413
426
450
481
485
491
475
458
474
469
504
555
591
582
555
569
585
578
540
498
468
473
480
468
490
484
484
435
407
403
409
421
419
453
488
492
464
458
473
529
582
628
659
643
641
637
663
660
612
518
479
480
480
478
476
487
492
490
468
470
451
428
448
516
643
714
721
689
680
710
716
682
618
588
578
589
596
587
589
596
601
614
588
580
604
601
551
487
433
443
442
460
452
462
450
444
450
461
462
424
408
468
586
685
686
643
639
666
679
630
573
546
557
566
551
534
576
602
604
612
605
631
631
586
521
511
507
520
524
517
501
506
524
514
506
533
584
624
629
619
619
620
638
597
562
542
544
548
571
569
569
575
551
580
581
544
481
448
448
484
483
456
459
487
476
469
464
494
561
595
589
583
572
599
579
573
558
551
555
548
543
554
550
542
535
548
536
518
501
504
514
515
490
502
524
553
552
551
543
545
565
561
549
524
492
496
534
567
609
624
604
617
606
621
582
557
520
526
528
530
524
521
533
530
520
524
528
537
537
524
521
531
538
514
521
526
546
531
533
527
537
517
511
524
549
531
520
517
550
535
504
529
579
552
400
151
