661
661
599
588
624
631
614
590
616
622
608
596
591
608
615
601
569
501
434
431
461
472
449
453
481
540
571
563
556
573
589
600
591
597
601
589
591
601
599
614
587
592
599
615
610
602
594
564
525
522
534
550
546
552
538
528
504
477
464
485
501
491
457
419
407
400
412
419
418
389
394
417
449
468
470
480
468
460
484
504
541
576
594
615
611
617
608
617
609
617
609
616
622
625
612
605
606
620
623
579
548
502
486
519
568
636
686
725
700
657
624
600
595
594
588
589
600
594
554
518
477
483
500
492
488
467
485
491
518
524
515
512
528
565
598
615
592
586
582
583
598
596
574
526
479
487
512
512
501
486
474
470
453
437
443
453
468
463
432
396
380
373
388
384
389
376
388
386
388
393
387
392
391
394
396
387
399
390
384
388
392
390
394
387
393
388
380
377
390
375
383
388
413
404
377
387
451
546
614
613
602
600
606
607
602
608
622
614
599
596
603
568
526
485
485
501
495
488
498
496
481
434
405
392
421
452
462
469
453
462
497
557
603
614
581
577
553
567
547
545
557
553
560
560
563
534
513
514
523
520
508
517
534
527
504
502
527
574
608
595
585
578
591
597
538
519
495
477
490
508
511
461
394
347
356
370
379
354
366
372
370
365
379
383
389
357
365
417
496
563
569
543
539
546
548
555
566
561
562
552
554
573
607
641
636
633
635
648
639
611
592
582
553
519
499
483
503
498
452
419
380
381
392
407
377
391
398
399
406
412
435
432
425
416
505
610
694
679
657
647
683
690
651
584
558
566
577
549
516
494
493
510
505
496
502
509
546
559
566
561
558
564
568
554
523
494
457
461
468
478
476
435
443
488
544
585
605
586
579
584
600
617
545
467
432
424
440
450
430
439
457
452
446
440
462
472
490
491
487
483
512
508
488
482
477
515
573
614
619
600
591
601
616
591
546
501
502
526
526
509
474
455
460
472
463
467
470
458
462
451
459
453
428
426
438
449
437
436
437
446
460
453
467
478
476
466
452
524
596
601
515
419
412
460
455
433
438
448
449
426
388
408
426
412
401
402
436
430
392
391
491
618
692
708
677
663
688
651
601
579
568
587
580
562
557
563
564
577
622
659
647
637
633
649
673
656
618
559
537
517
524
522
539
537
514
478
452
465
467
472
460
464
464
474
489
485
478
480
504
517
551
567
561
535
549
575
630
658
663
666
650
661
671
654
654
651
656
652
632
601
561
547
568
577
562
546
540
534
537
538
536
540
527
526
519
539
548
547
563
552
554
547
556
579
572
556
549
523
511
502
508
508
509
514
515
526
530
550
574
578
567
562
565
563
541
527
510
518
517
521
569
584
581
582
583
583
582
601
605
621
624
610
617
641
631
625
623
628
628
587
516
485
486
505
503
492
487
515
507
510
503
523
522
515
496
505
528
565
582
588
578
572
583
574
578
571
560
569
589
577
553
523
510
503
512
515
517
505
506
500
504
529
544
561
557
555
570
557
558
566
579
534
490
444
442
449
451
456
464
452
451
438
446
495
550
591
586
589
594
592
603
588
589
590
580
577
578
592
594
598
566
550
543
546
548
544
532
536
550
548
540
536
555
554
570
598
617
591
565
530
481
476
487
493
490
490
484
496
508
524
511
495
517
548
592
605
615
591
602
609
607
576
525
474
459
456
450
457
456
440
447
424
431
444
445
443
431
432
457
485
508
507
484
498
486
484
488
492
490
491
482
512
564
591
583
567
577
575
569
606
626
642
637
609
613
625
636
630
623
625
622
637
634
636
611
532
449
456
477
496
482
467
479
517
590
615
632
626
617
618
621
632
626
611
618
631
614
621
618
635
624
562
516
480
477
482
476
483
484
488
467
443
408
417
426
423
425
406
413
483
561
627
644
626
616
617
614
608
567
538
507
486
484
509
500
485
496
535
577
619
618
590
591
602
606
566
506
478
469
485
484
466
484
481
494
492
478
474
498
508
528
516
515
519
526
520
524
515
529
517
527
525
531
527
520
518
522
526
522
513
513
528
567
576
574
573
580
579
574
553
545
544
535
534
527
526
538
535
533
533
548
582
607
612
599
605
619
596
600
557
548
554
557
550
540
563
559
535
486
452
447
466
470
469
450
456
453
446
459
455
461
448
452
455
467
471
487
482
475
468
462
500
558
609
614
584
562
553
550
537
510
499
507
510
507
501
508
503
506
501
493
504
506
525
533
543
557
554
551
550
512
498
507
518
512
493
487
533
572
608
620
607
600
599
584
552
519
511
542
524
523
522
522
539
515
519
534
540
533
521
526
523
527
523
524
516
535
535
519
510
538
526
523
527
537
524
508
522
544
538
527
512
519
533
533
527
524
530
522
512
541
555
528
501
523
565
565
390
147
