653
669
604
594
614
642
615
597
633
634
600
570
581
604
604
587
582
613
602
578
523
503
510
534
527
493
501
554
604
644
655
648
632
587
513
457
454
492
493
469
462
476
488
464
456
489
596
651
644
616
602
619
616
622
603
611
637
630
591
524
481
466
478
497
482
459
450
484
480
479
475
477
495
480
455
516
601
632
600
519
485
493
512
492
494
497
495
477
452
425
419
435
426
419
415
442
477
490
496
500
503
504
493
486
508
549
556
531
548
546
547
553
544
547
552
545
500
459
456
492
480
455
447
530
622
690
690
675
654
650
607
570
564
566
588
573
558
591
611
613
607
617
635
638
590
512
478
472
491
488
469
472
484
486
487
469
427
392
396
406
418
381
388
475
595
671
648
594
555
575
583
570
559
569
570
596
569
592
591
589
557
550
559
557
563
570
556
522
478
427
441
475
493
493
511
519
510
506
506
540
573
602
617
614
625
577
522
479
475
488
493
483
487
476
493
488
486
470
493
482
487
489
496
509
503
499
506
507
504
507
510
515
550
580
586
567
560
565
558
562
579
573
578
583
579
582
571
570
576
570
574
569
575
575
590
581
574
565
576
566
568
581
617
626
624
611
612
632
635
620
584
557
553
568
562
573
558
562
552
552
545
537
548
542
536
541
548
555
578
591
611
602
572
505
486
481
487
506
490
474
482
503
498
492
500
489
484
482
487
500
485
472
447
458
455
455
457
455
465
493
486
474
486
498
482
488
484
470
440
414
414
449
446
427
435
424
410
379
352
360
366
377
362
361
370
377
342
339
386
437
461
447
457
464
447
439
446
494
545
579
578
578
573
585
581
598
595
604
626
630
627
627
607
631
635
600
530
491
472
499
510
499
490
452
436
456
454
446
432
430
447
440
437
425
449
446
424
425
488
581
617
604
593
610
623
588
522
504
512
521
512
517
514
502
506
550
595
657
646
641
653
657
648
631
639
648
602
523
465
479
489
487
485
480
497
466
440
415
405
420
418
413
408
411
422
444
423
403
395
455
531
578
575
570
565
571
574
573
563
574
562
558
542
577
576
570
577
575
579
573
579
569
578
588
589
595
569
521
501
498
517
513
500
494
510
541
544
546
559
595
609
611
602
611
620
615
592
593
591
564
538
536
561
552
555
547
560
568
590
592
596
600
590
584
594
610
600
567
514
484
488
479
490
498
494
482
446
417
418
422
432
433
431
432
428
430
432
414
401
381
384
402
396
376
374
409
437
468
520
564
581
597
589
590
569
539
514
502
505
524
506
492
503
525
552
593
605
604
599
587
601
605
579
578
590
600
579
584
591
600
592
585
583
586
581
560
539
545
548
547
544
540
549
572
557
562
578
564
524
476
430
426
429
432
434
429
429
431
466
526
586
593
572
558
563
584
596
615
634
654
644
640
639
659
648
644
625
614
588
577
580
578
590
593
598
580
544
495
505
506
530
498
455
439
451
448
438
437
437
450
392
340
351
411
496
566
571
548
556
555
562
552
536
560
579
602
620
623
625
626
611
620
631
628
615
603
578
582
592
585
580
584
578
587
578
578
585
570
566
544
546
534
547
538
534
542
528
494
465
460
492
497
460
460
527
636
688
708
691
688
635
564
514
503
505
526
514
505
516
523
542
578
599
618
610
595
601
613
591
596
610
609
610
599
591
620
606
581
520
484
471
481
474
443
449
450
449
457
438
430
422
461
447
429
437
447
452
428
427
486
571
640
627
611
594
599
609
609
604
609
612
616
635
624
570
534
544
585
616
610
588
601
616
628
602
575
533
493
473
474
492
495
467
470
488
504
466
417
395
407
407
400
407
441
482
504
497
514
557
593
597
577
569
577
578
569
580
593
584
552
541
532
540
538
544
567
574
559
530
521
525
527
511
514
523
517
508
526
544
571
571
582
580
586
532
465
434
423
433
427
430
428
441
437
431
434
414
414
412
470
568
643
646
631
619
605
616
626
627
607
558
501
503
530
522
509
503
535
564
560
556
573
579
568
574
573
605
603
617
614
622
624
591
545
527
522
525
532
537
531
515
480
468
470
472
466
458
450
468
473
464
455
470
474
456
455
436
433
423
424
422
431
446
430
401
378
377
398
398
394
385
386
400
395
387
414
434
478
472
441
443
496
554
583
573
567
557
573
597
577
578
554
539
547
557
546
540
524
506
490
504
503
497
488
521
542
552
552
548
544
551
546
553
558
548
515
499
486
511
503
495
492
519
589
618
630
609
604
611
628
591
542
511
516
529
526
524
518
537
537
527
510
520
527
541
536
526
527
528
522
511
528
534
526
528
520
520
524
537
530
534
518
526
519
524
538
530
519
540
537
515
499
526
543
527
498
512
576
555
394
140
