659
657
611
598
636
641
621
592
607
623
600
585
598
617
611
593
597
616
613
613
607
624
621
599
593
600
626
595
581
588
615
601
543
487
455
454
451
455
484
534
570
574
586
572
568
565
559
582
591
598
602
584
585
598
608
598
587
590
596
607
594
610
627
617
581
510
488
475
482
479
455
477
478
480
470
465
460
456
448
459
461
466
440
442
513
615
704
710
683
680
700
664
618
579
575
597
609
583
540
509
486
464
481
479
487
478
465
483
495
482
498
491
506
497
489
494
515
537
553
554
549
553
558
557
560
532
496
460
462
471
473
462
466
478
478
491
466
472
482
473
478
486
488
475
468
471
485
476
465
466
530
616
680
684
675
662
676
669
631
613
569
566
564
597
613
623
623
618
617
625
630
629
617
576
533
473
464
466
494
487
482
472
497
502
475
430
416
403
390
388
391
468
578
667
677
644
638
650
664
642
604
559
563
576
569
573
572
597
575
569
588
595
596
596
567
566
555
536
548
566
568
521
446
439
426
444
433
444
458
494
508
495
477
513
558
588
587
570
576
572
558
535
522
514
524
521
521
505
522
521
526
517
517
522
529
515
494
495
507
498
505
498
529
567
584
577
565
582
606
627
632
631
623
605
580
546
543
556
564
560
546
544
548
546
538
560
586
613
594
573
519
487
483
505
501
490
503
489
478
453
459
462
457
467
449
473
496
476
485
481
473
468
438
426
428
446
436
434
437
438
419
372
348
365
359
356
346
364
361
356
359
385
428
457
437
436
475
545
584
590
578
576
574
575
579
601
618
621
618
607
612
622
623
632
625
582
537
499
489
495
514
500
499
494
508
476
445
438
458
461
445
430
434
501
559
585
610
597
601
587
585
589
573
583
591
597
596
592
586
592
588
600
600
603
604
581
557
517
516
538
607
649
655
599
539
474
483
482
475
432
402
406
429
427
409
402
461
529
574
574
555
543
560
557
566
570
575
558
558
558
574
572
553
563
559
578
574
561
561
569
565
573
573
569
558
561
556
562
574
569
575
584
584
588
567
526
499
495
502
507
527
541
537
565
559
553
548
540
556
547
546
555
561
550
543
553
563
575
601
609
612
602
603
603
607
611
610
585
564
541
542
545
547
543
557
565
592
607
603
569
512
487
469
481
496
494
496
474
450
414
412
425
422
410
413
430
451
438
413
420
432
437
419
419
424
440
422
404
393
376
365
381
401
460
481
468
466
502
562
600
598
590
589
562
523
491
499
513
516
513
515
511
512
535
566
591
617
597
596
592
596
602
590
596
597
579
585
575
583
586
590
585
587
590
577
571
542
569
543
539
555
574
567
551
561
570
575
527
478
421
399
424
471
532
569
603
576
562
578
598
619
641
649
653
644
637
641
652
651
630
615
591
583
587
593
599
596
566
537
523
514
511
500
482
480
472
466
479
481
464
422
399
396
407
398
391
404
391
397
377
381
382
396
380
379
368
376
376
366
392
386
364
372
422
520
588
600
568
572
577
601
623
626
626
634
613
614
636
654
638
620
586
574
580
591
577
585
591
578
561
536
551
543
531
528
539
541
515
496
484
487
474
463
468
512
608
685
676
664
672
676
699
665
657
671
696
678
630
550
506
521
537
547
526
507
519
543
584
607
596
595
595
589
606
604
590
593
605
610
580
543
525
515
529
540
531
517
530
527
526
507
472
459
453
474
447
425
397
407
434
418
377
390
463
556
625
635
612
597
612
619
619
605
593
610
611
596
594
600
623
624
564
518
471
480
485
482
491
481
467
427
387
409
403
408
391
436
474
514
510
493
491
503
501
503
517
513
514
488
488
508
499
493
518
569
581
583
579
569
591
580
575
569
578
559
524
526
536
542
524
525
542
559
566
555
552
560
538
527
506
521
528
515
508
561
576
579
576
590
588
537
454
415
423
436
429
426
440
452
446
436
444
444
420
421
477
583
646
643
621
635
639
597
523
492
504
526
511
493
503
539
572
599
598
594
587
583
598
592
608
579
602
623
609
586
601
601
574
534
481
495
536
529
499
469
461
466
458
468
478
471
464
471
436
420
428
436
442
444
416
411
400
403
395
388
420
444
456
459
462
461
463
455
467
466
455
448
451
495
563
595
575
575
571
587
572
564
557
555
553
550
551
552
551
552
525
528
506
499
501
514
508
495
499
517
532
544
549
552
553
539
516
505
498
493
506
492
489
541
586
611
619
606
608
623
611
579
548
522
525
537
525
519
514
513
516
511
523
530
532
546
529
526
532
522
516
528
522
520
520
526
538
523
519
540
550
525
512
528
554
539
496
515
551
563
396
148
