650
667
596
587
615
626
600
585
590
600
591
593
598
580
543
515
511
521
526
518
505
538
534
519
522
515
505
528
512
510
525
520
518
509
516
519
507
512
517
523
516
495
510
536
604
641
655
648
651
655
609
534
460
443
483
481
480
472
526
594
634
626
618
630
624
631
620
633
637
619
627
622
614
565
538
524
530
530
539
545
523
520
503
495
494
490
492
497
507
498
463
441
435
446
453
433
444
449
446
447
424
390
368
357
361
401
391
362
354
420
490
563
561
538
534
535
542
544
548
557
568
572
571
568
577
575
577
579
560
500
469
467
491
488
481
464
477
478
469
475
473
475
470
467
481
489
482
454
467
497
526
553
557
534
532
558
551
548
526
507
489
487
487
494
493
491
486
487
512
532
549
546
541
544
558
543
553
574
598
614
585
564
536
523
515
524
519
528
526
497
503
521
567
590
591
579
573
572
589
583
585
582
581
588
593
572
569
573
566
580
591
574
549
514
493
489
507
489
428
407
415
436
414
354
332
356
376
353
336
378
439
463
454
445
479
546
583
588
592
585
575
517
493
475
487
501
477
486
505
533
546
553
551
564
547
536
538
546
547
548
549
562
536
542
548
566
598
628
619
599
604
624
629
597
568
546
531
546
546
543
529
515
505
510
527
515
503
508
546
567
569
573
571
570
578
573
575
580
540
467
419
415
440
448
430
436
450
469
463
473
480
508
531
537
547
541
533
573
637
678
678
636
639
672
686
645
607
592
593
599
589
601
582
559
504
473
478
485
494
479
493
492
484
486
501
493
476
422
401
399
410
410
405
401
409
422
415
427
428
441
430
436
436
436
434
422
415
410
413
395
399
412
403
391
400
404
398
410
402
401
397
394
392
414
401
406
386
405
412
412
400
402
412
411
411
401
412
412
398
379
387
379
379
393
396
397
391
388
370
381
372
377
386
387
391
396
389
389
373
378
382
392
390
377
368
386
391
393
383
384
389
388
386
362
372
394
399
370
385
461
562
642
655
639
630
641
647
622
600
578
581
571
569
585
577
584
579
569
583
587
573
577
585
581
591
585
562
569
581
581
568
587
573
588
560
538
534
534
530
529
532
535
506
463
448
444
440
437
440
461
438
417
419
513
622
681
692
686
664
650
593
548
545
568
558
550
550
553
532
474
431
426
457
458
441
427
452
479
473
465
467
477
490
468
462
476
497
508
511
509
544
570
608
623
612
592
606
611
601
611
590
613
607
592
612
625
607
563
506
465
457
481
495
499
475
478
499
494
478
488
486
490
465
432
425
434
419
414
427
469
554
616
621
595
594
615
622
617
566
509
497
489
501
505
503
499
482
435
392
399
433
472
476
444
444
461
469
450
453
499
565
593
591
583
567
580
586
580
577
588
582
579
578
590
573
559
572
593
583
581
576
582
577
559
549
548
569
568
554
503
501
482
488
489
483
492
502
512
506
507
501
508
504
516
534
529
511
528
524
547
543
518
529
541
555
552
540
552
578
611
627
627
627
612
606
624
626
606
534
493
492
511
516
501
514
539
588
601
612
600
614
608
611
614
600
608
598
605
600
621
632
624
613
584
555
513
516
520
520
521
528
539
514
467
454
468
472
459
459
463
486
486
474
481
479
484
475
494
506
519
517
518
537
545
548
533
534
539
548
535
529
562
599
631
641
634
605
593
577
564
574
565
585
580
573
573
578
577
564
561
549
522
535
525
525
516
524
524
527
519
527
539
548
535
488
448
390
396
389
411
415
400
393
391
393
403
406
397
399
390
403
405
410
423
400
377
394
439
507
566
546
540
534
544
548
531
538
546
553
557
565
557
568
563
545
547
561
577
587
579
574
588
601
592
592
599
584
590
582
601
585
547
468
410
405
431
445
426
427
478
539
582
587
579
568
563
575
577
579
592
580
575
590
582
581
571
585
576
549
495
479
479
489
488
469
476
496
493
486
470
471
476
484
479
474
483
480
480
476
476
496
544
571
579
568
571
585
577
546
503
497
497
502
496
484
449
407
410
417
417
406
390
374
380
378
376
375
395
430
433
440
453
458
436
434
505
622
693
694
672
672
686
675
611
555
564
598
582
568
556
583
587
612
614
590
523
470
472
483
505
487
474
484
499
506
480
449
423
419
404
422
424
424
421
405
381
370
361
367
383
374
358
349
440
526
604
590
585
592
588
586
593
584
589
589
580
582
596
579
546
519
537
578
584
591
578
578
565
571
581
603
624
622
603
624
642
629
571
532
509
506
527
526
512
512
518
533
525
514
524
523
531
515
511
508
522
516
516
526
530
524
506
463
440
431
436
425
420
415
443
466
465
475
457
472
462
470
491
544
593
611
582
564
564
554
548
539
547
563
544
538
509
502
489
504
506
494
503
512
535
549
552
543
540
553
538
539
519
504
516
526
501
497
503
537
585
624
626
591
541
514
523
535
539
532
512
519
534
528
521
530
531
533
544
533
535
531
516
523
524
524
518
528
532
527
511
530
539
547
529
518
528
536
533
521
524
553
541
502
511
556
556
399
148
