656
672
599
582
606
610
589
579
597
603
592
559
527
513
508
502
500
511
516
504
519
513
503
504
535
603
638
630
619
606
629
638
623
590
549
531
501
510
518
506
516
516
499
515
529
587
621
628
612
597
614
614
610
595
598
633
612
565
501
472
482
471
475
469
480
474
458
451
466
455
434
448
523
630
715
716
672
668
722
716
664
624
582
589
587
575
587
599
598
559
518
476
489
480
497
491
485
484
489
501
494
497
507
536
554
546
544
564
562
547
554
535
499
462
460
541
641
695
675
657
668
696
695
650
595
563
557
566
580
567
568
585
603
628
612
607
598
617
615
594
603
633
635
570
505
465
487
492
480
480
489
480
428
401
407
412
395
389
458
587
681
685
647
640
675
673
662
636
605
577
565
574
592
588
585
577
600
587
592
593
580
576
585
583
583
560
547
548
558
568
554
548
555
564
530
478
434
437
439
455
435
442
444
441
439
448
441
445
438
433
434
436
443
434
447
432
459
489
505
510
513
511
509
499
497
497
496
504
531
576
615
635
618
579
512
484
475
484
483
500
496
485
502
515
501
492
501
535
559
588
582
576
616
632
625
617
621
628
630
619
633
644
610
574
541
545
565
554
552
561
561
549
527
539
555
539
533
543
560
579
575
581
601
603
547
499
464
468
488
495
478
495
489
461
423
404
409
435
413
401
398
437
474
491
496
521
577
615
615
593
582
602
606
560
500
461
452
460
488
461
479
447
411
367
370
356
363
359
386
430
462
458
444
445
448
469
450
438
448
485
530
561
562
551
547
543
559
550
556
556
581
565
573
547
569
552
547
564
589
607
612
598
594
612
605
609
616
610
606
592
581
588
598
593
599
599
606
615
610
595
605
599
601
612
592
610
607
617
615
595
597
610
625
606
556
512
490
498
497
496
484
482
483
514
567
588
591
581
575
594
590
556
520
504
507
524
524
500
513
549
598
645
672
646
637
675
665
597
516
484
476
496
478
428
401
419
423
417
406
462
531
574
571
550
546
573
579
561
565
567
562
566
561
576
563
558
562
561
583
582
578
572
589
579
596
581
576
584
585
590
581
571
587
599
582
583
583
582
585
590
588
573
575
576
561
524
483
492
507
516
498
503
511
540
561
545
527
543
568
552
546
557
586
611
618
599
591
590
603
601
587
560
540
542
550
543
532
544
573
592
607
596
573
589
602
588
561
522
496
487
485
489
460
412
400
408
419
431
425
414
421
427
419
445
428
428
420
433
431
416
393
374
380
394
381
380
385
412
445
462
477
487
482
470
484
509
567
587
596
584
583
586
569
583
581
580
583
596
590
564
530
508
497
505
519
535
579
616
603
594
597
599
596
602
588
582
601
592
577
581
589
576
545
529
541
544
550
551
566
566
572
571
569
554
565
573
571
566
530
491
449
429
435
460
445
412
408
464
522
575
586
568
567
579
584
596
620
643
644
642
641
649
640
643
639
629
604
602
594
588
596
576
539
525
529
526
522
521
533
532
535
535
518
523
539
521
515
526
536
536
514
501
476
473
487
497
501
443
416
399
399
392
394
394
394
406
393
397
405
403
398
393
383
368
363
382
396
398
371
377
436
527
589
591
566
561
572
577
585
590
620
642
641
633
615
589
583
583
584
565
553
527
522
530
543
539
544
511
486
484
470
473
480
495
489
469
476
517
626
690
687
669
659
693
697
645
558
508
502
520
519
522
524
520
529
517
505
515
552
589
597
609
611
601
598
608
602
602
589
601
590
605
587
577
553
544
531
521
546
542
521
502
490
466
463
450
429
403
394
403
416
416
404
409
408
405
404
390
410
403
409
380
402
443
528
564
577
577
555
567
563
556
581
582
606
591
591
593
586
604
594
612
606
580
599
616
615
582
514
473
474
494
502
494
492
498
521
521
514
505
523
523
525
511
521
540
562
580
583
575
582
574
563
545
535
536
538
535
530
547
544
554
557
557
555
570
553
539
538
527
518
514
532
521
524
529
548
597
587
548
471
420
411
428
440
433
421
441
442
430
433
487
591
656
601
533
486
512
523
510
484
502
523
517
507
504
538
576
613
603
594
590
608
620
599
575
525
516
512
519
518
504
507
508
522
518
515
512
494
473
464
464
471
457
464
465
450
442
420
414
427
431
424
430
428
412
389
378
397
395
389
398
394
390
385
391
413
439
471
471
444
442
491
546
579
597
586
580
587
579
579
585
585
583
579
577
576
568
551
531
540
549
529
511
497
500
512
490
502
507
508
495
506
538
567
589
601
598
605
601
601
610
600
594
585
580
590
591
580
541
527
513
522
526
532
531
524
526
534
537
527
523
526
534
521
526
527
526
529
533
529
528
526
522
531
536
523
523
526
538
540
525
515
525
531
522
502
514
551
549
499
515
554
552
391
146
