645
654
600
584
621
620
598
587
599
601
587
573
603
612
571
534
502
518
513
515
549
592
643
667
657
587
515
465
451
455
474
514
566
632
647
612
607
615
643
631
617
622
631
641
625
607
629
625
616
625
621
636
628
594
548
525
516
513
538
528
509
529
546
535
494
464
436
463
453
446
464
442
420
391
403
425
428
383
374
472
593
651
596
532
535
555
564
553
552
611
624
622
578
530
500
479
472
495
500
495
449
393
343
343
357
375
355
355
349
385
374
362
353
398
449
464
483
476
473
465
458
498
544
567
568
570
576
548
492
448
424
455
455
437
428
495
569
608
611
600
603
611
602
606
604
607
616
616
617
587
542
524
527
521
535
523
514
513
497
477
460
468
471
467
454
465
454
459
450
453
458
441
445
441
460
476
484
502
493
498
487
509
517
510
495
488
517
564
563
565
571
568
543
465
410
419
441
451
420
424
473
551
602
611
599
593
605
586
569
595
616
609
567
508
476
471
488
492
479
463
452
430
422
413
436
441
421
431
446
441
419
419
463
548
593
597
575
562
564
584
571
547
525
493
465
490
549
627
674
683
690
684
679
680
701
706
654
587
558
555
575
564
552
574
592
551
497
457
456
469
452
459
461
473
463
461
474
471
466
467
495
519
552
551
549
565
589
608
607
602
572
525
487
494
516
511
501
480
455
452
452
452
449
450
447
433
401
377
387
377
381
379
376
385
386
385
383
378
399
400
397
387
405
398
396
394
458
547
617
628
628
598
609
613
608
599
591
596
607
599
586
548
498
498
491
492
504
497
497
487
462
456
465
472
491
494
534
556
546
525
529
570
619
642
651
656
658
613
592
554
543
571
573
559
553
565
579
567
546
550
543
569
560
577
573
570
561
538
513
508
503
506
527
583
617
612
610
606
607
588
532
501
485
517
513
504
514
514
514
505
492
508
526
510
496
529
586
608
621
614
595
615
611
603
607
603
620
619
602
605
595
616
617
578
525
503
512
522
483
456
438
444
442
446
452
454
433
392
354
358
365
372
364
354
373
359
356
356
380
363
340
351
417
526
589
579
549
540
556
561
570
551
573
576
606
629
632
623
616
621
635
628
620
568
565
562
563
557
566
586
562
563
549
581
572
570
565
570
559
554
554
566
584
550
483
424
381
354
357
378
366
347
367
424
504
563
577
561
556
555
559
553
546
577
600
592
558
560
596
586
545
487
447
464
472
472
476
515
615
666
683
648
670
676
680
641
595
574
569
593
586
591
563
518
512
514
504
473
462
450
455
466
449
450
453
457
474
450
416
410
411
414
405
406
428
426
437
412
393
383
388
387
390
384
376
382
419
449
496
538
568
608
614
603
590
585
585
581
560
568
571
566
576
557
560
573
579
613
647
657
642
642
636
638
612
561
529
517
534
544
493
463
453
474
452
464
434
425
428
413
411
433
439
428
418
439
436
423
421
409
434
442
426
431
436
436
416
417
461
544
593
592
582
610
617
592
568
519
492
486
494
548
587
621
618
621
625
635
619
631
639
634
619
623
626
634
591
525
481
438
426
393
398
409
394
398
413
468
516
526
493
493
509
511
498
488
526
585
602
588
583
591
579
523
480
465
492
509
460
436
426
421
418
417
424
441
419
373
353
372
370
344
347
416
508
578
600
571
557
582
613
589
593
590
603
591
586
587
592
578
583
600
596
562
492
412
409
455
457
434
431
485
557
590
583
570
570
579
579
579
574
595
583
567
575
570
567
577
579
589
595
598
575
591
590
580
578
576
583
571
537
502
497
522
530
516
517
542
596
640
649
631
606
630
622
630
596
556
516
489
459
424
425
409
427
419
426
419
397
359
382
443
537
597
610
566
568
581
583
570
536
522
522
540
534
524
517
527
544
565
580
583
578
581
572
580
580
561
506
488
501
508
488
423
402
422
412
406
395
395
414
393
389
403
422
409
376
381
456
572
654
647
635
630
616
587
558
523
548
552
557
552
544
524
495
476
489
498
481
485
494
494
509
486
480
495
499
497
489
498
496
484
478
501
530
559
559
542
534
513
513
492
515
511
518
503
506
498
515
504
487
506
534
589
598
588
561
541
540
556
549
560
537
521
520
516
509
501
524
551
554
553
552
556
556
559
543
559
566
560
547
517
500
507
516
519
513
502
514
525
523
523
515
528
539
530
520
528
540
521
529
517
534
530
526
525
519
522
535
525
524
521
535
529
530
538
532
513
527
540
530
516
518
535
528
499
522
562
550
388
151
