639
658
597
586
622
624
613
597
622
608
593
574
604
615
589
539
514
513
527
525
517
519
516
543
583
602
617
624
608
629
600
551
516
518
537
537
513
540
622
677
656
629
647
642
637
594
568
552
543
528
543
559
544
523
512
489
501
497
479
487
508
494
475
448
441
440
435
436
453
441
442
436
444
449
433
425
433
417
376
397
481
599
665
689
667
646
644
669
667
661
636
581
540
527
561
563
552
558
583
609
593
599
593
616
607
601
562
518
487
494
490
501
481
482
477
494
481
479
467
479
471
476
459
462
476
486
531
557
552
538
536
540
553
542
504
493
484
503
501
481
483
509
516
539
556
549
552
536
547
568
561
589
606
599
581
528
509
516
525
522
516
544
577
589
579
585
577
586
583
563
569
568
577
567
573
578
547
506
502
497
508
511
497
488
479
449
413
410
418
440
402
369
337
370
418
457
460
450
450
485
558
608
595
551
509
498
494
497
497
505
541
557
547
536
533
560
567
559
548
550
555
575
613
614
617
619
623
622
622
589
565
556
562
555
553
554
549
544
538
521
510
503
516
527
501
508
534
543
560
568
572
579
579
529
462
435
415
446
452
461
467
476
484
474
471
459
466
465
472
469
490
509
545
546
527
520
564
628
657
673
660
661
668
652
591
561
592
594
567
515
488
489
502
494
487
478
492
505
480
445
430
417
398
418
405
424
415
410
415
416
408
407
402
410
418
407
417
424
429
421
416
423
421
409
410
415
410
411
404
411
412
406
414
412
406
403
420
408
405
414
425
429
436
437
435
445
436
410
386
406
414
401
365
377
465
569
644
645
625
622
651
638
620
595
586
578
573
571
562
584
581
579
575
582
584
573
570
595
579
563
528
535
513
472
441
433
439
453
437
414
427
460
452
418
446
518
624
671
668
667
680
692
639
573
555
539
525
477
442
435
453
464
436
424
444
458
483
471
471
485
469
452
463
473
486
501
509
515
517
505
508
506
525
574
613
605
610
602
607
606
595
604
600
600
596
606
599
581
514
467
474
506
490
435
418
434
455
433
420
427
436
435
434
414
419
438
421
424
430
435
429
419
400
433
438
426
409
404
463
547
630
618
562
491
488
482
492
484
469
465
467
445
459
494
539
589
582
577
582
585
577
571
572
567
585
580
573
567
573
554
546
553
549
557
547
516
492
497
496
482
490
490
489
513
502
508
496
490
512
500
514
511
506
511
515
525
534
540
535
534
556
560
552
546
542
543
544
539
564
600
640
625
605
569
556
591
617
647
643
634
623
624
648
646
612
578
531
514
531
547
540
533
526
533
534
542
551
554
518
482
451
459
463
464
465
448
464
462
459
463
490
507
485
493
497
496
488
498
503
560
595
617
622
623
614
615
620
611
608
611
623
626
572
510
489
479
487
481
493
523
612
701
712
666
611
585
590
584
584
592
589
594
582
592
589
587
597
597
600
600
601
575
538
527
523
540
548
528
518
534
545
533
507
431
399
387
407
412
398
402
410
408
393
391
430
499
536
550
534
545
542
538
525
561
576
564
559
581
604
587
576
574
608
600
542
465
450
433
438
430
462
539
597
598
586
569
562
573
571
577
586
592
583
579
572
584
588
585
556
509
469
472
477
480
469
480
480
481
472
472
483
478
475
487
535
580
576
567
566
587
576
561
519
497
491
494
486
486
491
504
489
478
446
406
404
429
428
415
390
383
387
367
361
385
431
437
396
413
498
622
711
705
673
680
699
655
587
570
548
567
576
564
582
584
597
610
615
601
614
617
619
571
498
482
478
500
496
480
475
467
445
409
399
413
424
422
423
423
414
391
363
360
374
384
367
345
368
437
516
581
606
593
581
602
582
581
571
576
583
593
592
594
572
563
522
520
534
544
541
515
523
548
565
585
594
587
585
573
579
598
589
601
623
626
616
600
603
618
624
595
529
488
484
501
518
500
508
502
495
487
477
480
487
481
480
482
513
572
599
594
593
586
602
620
604
575
559
544
531
542
552
562
522
504
499
512
510
517
505
511
501
501
514
536
550
556
545
559
547
561
554
563
550
538
505
490
508
504
510
508
511
516
519
522
532
522
539
527
543
544
528
523
537
538
529
519
527
537
536
520
528
525
534
521
528
515
537
520
513
520
532
521
530
523
540
530
525
530
535
526
502
512
574
556
382
150
