588
603
554
554
586
597
573
569
571
580
571
580
609
613
595
579
583
557
514
456
447
487
488
458
446
457
514
590
631
638
625
616
616
631
625
617
613
611
630
620
613
616
639
630
584
513
478
486
492
477
479
473
442
458
515
622
707
719
682
677
701
702
657
601
587
602
592
589
575
600
594
573
513
475
473
486
478
481
486
484
487
495
490
492
515
511
532
546
540
548
541
553
560
539
497
464
462
479
486
465
471
536
613
676
704
702
690
658
598
568
564
586
597
578
551
579
593
614
606
631
635
626
607
602
643
640
597
518
463
475
488
498
499
476
470
436
407
416
412
424
411
397
392
415
424
417
384
392
468
591
672
677
659
633
658
679
659
630
588
576
561
560
576
577
578
578
579
591
597
583
591
589
591
580
550
556
559
571
522
480
437
427
440
436
456
476
509
496
498
499
511
515
504
506
498
500
513
503
506
504
497
501
520
505
508
505
500
492
501
504
510
493
507
508
490
498
514
510
510
514
510
507
503
496
535
582
609
619
602
600
612
607
571
527
496
471
484
491
470
488
488
478
486
503
508
512
505
503
517
513
505
515
516
511
512
518
540
565
562
537
548
559
577
556
556
562
571
571
562
555
568
555
550
570
580
596
576
592
597
574
558
547
550
555
557
537
539
538
554
564
592
603
593
566
535
499
491
507
495
500
500
515
514
479
463
454
473
483
499
483
467
477
490
479
472
483
489
502
492
468
449
442
435
430
427
436
419
410
386
349
348
359
365
357
351
354
390
431
463
457
456
442
468
470
450
442
493
539
575
597
590
597
629
633
624
614
634
638
625
573
515
489
489
491
499
500
499
486
462
432
437
444
437
420
423
470
541
585
611
609
578
545
509
507
527
530
506
517
533
567
599
587
577
585
614
640
631
619
618
635
638
594
519
480
485
484
498
491
502
491
465
424
409
419
422
417
409
406
416
418
419
424
418
412
407
411
422
421
416
416
431
434
417
401
444
522
566
572
557
557
571
574
568
564
562
565
563
557
563
569
565
553
558
565
574
581
596
578
587
590
561
531
507
499
494
513
494
507
493
508
497
496
500
505
506
506
498
510
517
516
524
549
564
563
550
554
568
600
602
611
609
618
600
588
572
564
548
540
548
575
579
593
601
599
583
585
591
591
597
565
508
480
473
479
438
406
421
422
426
419
412
428
424
432
424
437
428
428
428
443
410
410
392
374
391
393
385
365
378
382
376
381
367
388
393
384
390
381
370
361
408
450
478
482
469
469
482
485
454
468
495
559
596
601
586
579
583
584
600
591
561
524
499
486
509
536
570
596
600
599
594
594
590
598
555
569
556
544
552
544
557
544
539
534
556
567
579
538
468
418
407
427
447
433
411
434
465
535
580
598
562
562
573
601
641
644
653
638
646
634
643
616
589
581
588
589
591
585
598
593
593
593
584
555
533
535
529
545
535
497
480
480
485
474
475
488
490
466
424
384
395
407
399
394
405
400
404
394
399
411
412
391
385
404
393
396
398
397
408
394
393
380
405
409
392
397
414
408
409
404
408
407
391
379
362
378
392
362
368
433
537
573
593
577
561
572
577
571
578
584
620
638
627
617
640
647
655
623
604
580
572
582
586
581
585
587
566
546
535
541
538
531
542
536
521
508
494
477
455
464
526
628
695
701
702
687
645
569
517
508
528
548
521
509
538
597
611
599
598
601
604
602
591
609
596
590
577
604
612
580
550
534
514
527
521
528
533
503
478
451
455
456
452
440
455
438
415
410
396
413
403
396
386
399
411
401
400
416
412
379
398
465
584
632
639
605
611
621
631
609
602
611
609
590
604
621
606
580
530
476
459
441
396
376
384
429
464
497
509
508
503
506
519
503
492
499
516
562
576
580
578
577
588
580
573
574
585
593
584
577
559
546
526
528
530
548
548
539
533
544
535
532
532
530
528
529
534
528
542
542
535
540
538
519
528
536
558
571
573
563
559
535
518
511
521
527
520
519
510
521
528
526
538
523
542
587
592
582
576
586
583
540
465
396
413
445
437
432
428
458
455
411
411
488
585
647
641
630
632
606
534
477
477
491
484
469
528
621
685
698
661
653
676
674
654
633
613
597
569
566
590
593
585
557
522
521
492
486
499
515
507
502
489
477
469
451
445
468
465
445
458
460
452
444
424
424
432
418
408
388
392
391
388
379
383
372
397
439
470
462
453
441
489
552
582
590
580
569
594
578
572
584
578
586
591
571
584
579
572
572
581
577
579
579
573
579
580
564
554
556
548
558
539
501
499
494
501
508
502
499
530
538
556
557
553
542
557
568
547
521
506
531
580
616
619
609
607
627
622
588
537
521
538
537
524
530
520
530
528
537
535
516
509
535
523
542
532
520
531
543
521
519
524
531
519
518
534
540
525
520
529
540
533
499
523
574
545
393
150
