648
661
604
597
625
640
632
608
630
636
596
579
594
601
595
594
585
588
543
502
492
517
528
516
498
512
529
512
497
529
566
602
634
646
645
641
637
636
658
654
575
513
478
479
469
456
510
586
637
646
617
602
626
628
625
621
620
635
620
628
628
627
619
619
617
629
599
558
527
522
544
547
534
501
486
495
488
478
494
485
459
414
387
400
415
401
392
393
407
412
401
412
447
482
482
463
463
505
541
568
574
581
566
581
580
592
608
620
612
633
620
578
520
487
494
513
500
485
494
524
511
492
499
548
653
706
707
700
705
705
703
681
663
628
584
578
595
606
580
512
482
482
490
487
486
483
496
490
482
489
504
521
524
513
506
524
516
508
510
503
528
568
599
605
590
586
616
611
577
512
482
479
484
491
507
504
500
476
459
453
463
462
450
461
442
419
374
380
388
392
383
382
391
395
392
390
399
393
400
392
402
418
398
383
384
401
400
372
384
447
548
617
626
599
590
601
613
601
590
606
617
595
593
610
611
577
531
493
489
506
511
484
424
405
409
415
395
400
416
449
463
453
455
472
463
441
443
485
547
598
593
583
595
587
593
593
578
559
555
553
544
540
518
512
528
536
525
511
499
509
504
508
512
517
521
503
498
532
579
604
599
590
596
606
590
582
584
584
601
584
584
583
577
597
602
587
556
534
495
478
485
504
513
491
453
403
362
371
376
375
384
380
378
386
391
376
370
372
435
501
553
571
552
539
553
552
558
564
576
571
561
554
551
578
610
636
625
606
567
505
496
478
498
497
501
498
498
471
430
387
393
396
401
383
381
391
407
393
377
403
422
422
396
404
493
615
684
685
663
639
664
685
685
644
581
563
559
563
577
570
578
576
581
544
523
503
489
490
497
505
498
493
493
508
564
565
537
482
451
452
466
444
488
560
604
605
578
583
603
607
547
477
426
435
449
444
432
440
472
488
490
483
504
487
486
484
508
533
569
616
629
613
572
536
518
508
523
528
521
523
516
497
482
457
464
465
454
459
450
475
466
451
464
464
457
459
457
454
457
460
456
459
455
460
446
447
457
467
461
456
451
454
453
447
454
457
463
441
446
430
448
440
446
439
443
432
442
467
475
461
466
500
587
647
645
623
613
640
620
586
490
434
434
452
438
434
434
438
423
410
406
431
405
371
386
482
632
705
689
671
648
671
672
671
674
648
615
574
577
581
594
583
555
560
571
563
579
628
663
663
628
632
661
678
615
565
533
535
531
516
513
520
537
519
470
458
457
475
482
453
460
472
466
473
491
499
480
482
494
489
485
472
483
501
527
542
547
552
552
533
550
569
638
661
664
657
658
657
634
585
567
557
555
578
564
567
582
576
573
565
570
555
536
533
528
541
533
525
526
535
562
563
559
553
551
570
550
499
473
474
480
478
470
510
564
605
608
564
514
494
494
492
485
486
496
486
489
473
470
490
552
598
613
618
625
644
633
592
519
492
493
499
516
501
492
489
481
478
489
506
507
508
494
508
522
501
532
544
580
575
568
571
589
560
537
505
506
532
513
504
508
522
541
551
557
580
555
545
562
570
547
477
444
481
546
579
581
569
595
588
596
591
592
574
555
535
534
535
539
530
534
540
538
530
525
543
534
541
534
536
537
544
540
535
546
574
604
596
590
594
599
587
567
537
513
515
514
497
471
449
452
456
442
438
426
422
429
420
430
430
422
426
440
440
426
427
434
455
439
433
430
456
481
495
498
495
499
488
486
505
493
494
475
514
555
579
588
586
588
606
603
615
632
643
624
621
632
636
576
520
524
562
618
631
603
606
617
617
624
611
605
606
616
613
599
605
630
609
559
514
501
488
479
488
462
442
398
394
473
565
627
633
626
610
627
601
530
484
491
514
514
489
485
523
589
600
605
593
595
607
604
598
606
610
609
596
589
595
597
598
597
609
598
596
612
622
619
595
585
619
613
561
519
477
480
481
483
475
479
489
477
495
515
528
524
524
516
513
519
523
532
555
579
568
564
573
569
541
528
512
539
537
537
520
520
547
534
520
525
553
591
613
612
605
599
607
595
586
599
595
578
580
599
595
584
572
585
601
587
556
565
558
553
565
578
582
547
491
449
446
469
467
445
452
449
454
447
454
470
493
479
478
479
472
477
463
496
561
587
583
586
575
590
602
583
558
537
547
555
554
555
557
535
525
495
508
512
513
515
501
514
512
497
501
517
549
556
561
555
543
515
500
499
503
505
486
495
532
580
626
620
601
597
607
626
587
550
522
519
528
519
533
537
532
528
516
532
547
529
529
533
530
532
517
517
530
525
521
522
535
539
521
509
521
531
526
525
532
541
522
513
539
558
541
502
520
572
569
401
148
