620
644
582
555
604
613
589
575
601
626
634
629
640
648
650
637
608
585
558
551
553
550
556
542
541
521
505
506
494
505
530
566
596
624
606
608
605
566
519
499
493
526
514
501
487
502
545
583
624
647
642
609
551
544
589
621
627
613
607
625
612
580
510
464
458
479
490
467
449
450
522
582
642
655
633
619
628
663
669
645
592
520
471
471
481
484
483
480
462
472
529
611
658
637
579
523
525
562
540
534
526
544
544
547
493
499
495
513
492
484
503
530
581
610
617
606
588
597
607
609
615
592
570
568
547
567
571
558
531
521
525
527
526
528
539
563
584
592
592
599
590
594
589
612
632
649
654
639
633
654
651
610
559
524
530
535
516
471
464
481
498
523
525
510
500
509
533
581
596
594
590
609
606
611
598
596
610
606
608
605
607
607
603
595
606
619
612
612
606
590
519
476
460
481
478
468
466
485
492
477
416
412
412
418
415
404
407
430
487
501
513
505
511
497
498
501
516
574
586
581
556
550
570
574
545
495
477
488
497
467
468
533
605
671
692
677
657
652
671
681
654
606
569
568
571
577
568
566
584
602
576
571
576
608
640
636
637
642
647
607
520
474
472
480
488
490
460
488
490
480
480
488
485
464
444
448
468
456
434
448
516
619
687
706
707
692
682
634
579
576
593
608
566
506
478
468
480
485
481
499
491
463
434
413
405
402
412
423
413
421
436
439
444
444
447
446
432
440
442
445
439
444
435
464
478
463
458
458
470
476
465
442
447
429
431
422
431
431
430
425
423
439
418
435
436
436
422
420
429
442
441
427
434
451
453
428
425
484
587
636
634
614
620
584
501
437
443
466
471
435
431
508
580
614
603
600
599
601
576
602
617
594
576
591
622
629
555
470
465
520
586
583
550
571
588
578
563
556
575
579
549
513
537
545
530
535
548
575
576
544
515
522
509
510
521
524
515
519
531
545
559
577
569
581
580
576
562
561
579
574
531
480
422
436
438
447
439
433
450
450
450
436
435
458
443
431
429
426
450
483
503
513
498
492
497
505
495
499
484
530
584
616
623
615
600
603
618
574
519
488
472
487
494
485
473
478
482
494
478
484
483
481
471
475
505
507
522
522
518
530
516
505
543
582
610
617
605
606
609
603
609
616
611
614
602
613
620
594
527
482
460
480
483
492
471
474
482
465
453
437
445
465
469
431
450
536
620
689
700
673
660
681
705
684
633
573
552
558
560
541
559
578
639
689
686
679
649
656
663
670
649
623
597
594
592
588
587
595
601
581
522
491
483
503
516
500
462
438
417
428
412
425
434
415
429
431
417
412
398
414
418
422
402
411
462
533
579
574
553
552
577
576
573
567
572
564
547
530
538
535
523
541
545
553
550
558
553
543
498
470
464
478
501
475
445
484
559
636
680
686
669
674
661
674
681
673
655
611
559
550
549
552
539
551
553
574
579
590
601
611
603
600
618
618
607
573
544
567
558
547
549
560
582
592
588
584
585
599
599
569
509
489
472
486
487
492
501
483
488
499
492
487
489
504
503
495
505
555
565
568
549
555
563
575
575
563
563
532
533
532
529
521
528
530
535
528
557
554
558
567
553
566
564
571
536
519
528
517
516
522
505
522
523
522
511
527
514
524
520
527
533
545
555
561
568
559
548
547
567
555
519
493
462
473
467
475
518
607
700
714
681
674
678
691
642
590
569
566
571
576
560
550
573
582
590
581
579
575
564
570
583
570
567
566
580
575
560
570
565
599
610
618
624
621
621
626
630
629
593
542
508
492
507
522
526
531
502
456
420
421
426
440
422
428
442
463
492
490
483
489
495
491
478
470
498
539
568
573
550
541
547
570
557
527
473
427
425
436
439
428
424
427
448
437
451
449
467
477
461
436
442
491
597
658
656
642
622
644
656
646
625
638
644
595
521
474
459
483
484
491
476
470
462
449
455
461
453
430
433
513
609
692
720
671
665
682
705
692
648
627
596
591
578
581
598
584
547
480
449
450
461
461
448
459
448
454
414
379
396
411
399
403
393
414
424
407
391
395
481
595
661
681
649
657
663
679
642
581
557
556
563
582
585
608
615
617
592
604
610
602
586
579
616
635
623
575
525
511
516
508
514
547
580
616
621
621
612
609
629
621
592
556
548
542
550
556
549
542
552
577
595
606
594
571
521
481
466
479
491
474
471
467
513
568
607
602
592
590
588
598
595
614
587
568
538
538
538
546
539
542
542
541
526
495
507
506
514
497
521
531
554
552
532
555
549
541
520
505
497
514
501
497
507
512
511
489
511
501
515
498
506
503
511
505
489
515
514
505
500
542
600
623
615
598
606
618
615
578
543
524
523
530
537
529
535
532
523
528
518
524
527
533
533
536
521
536
516
522
534
528
535
524
542
526
530
523
529
543
534
525
521
525
540
532
518
525
534
522
511
528
554
529
506
526
569
560
377
149
