648
663
591
566
590
606
586
578
593
589
536
495
511
531
531
510
506
529
519
486
504
546
615
649
651
649
647
631
635
646
624
584
503
469
444
462
482
484
488
464
460
503
585
634
641
626
612
619
623
615
609
616
625
598
604
618
623
595
554
530
517
530
535
540
542
537
502
490
489
487
487
493
493
464
417
416
408
411
397
396
411
451
476
491
467
478
478
478
493
543
581
580
571
564
582
590
582
592
620
629
608
586
597
632
615
562
539
520
503
491
504
557
644
696
703
694
682
648
618
585
591
598
596
597
587
605
584
521
481
474
486
491
473
464
474
504
508
498
517
516
504
501
517
544
582
594
603
602
591
568
513
484
489
489
481
461
449
459
460
448
396
379
388
382
389
377
384
391
407
385
383
404
387
391
360
381
401
403
392
392
397
403
381
387
453
548
601
617
588
589
596
597
596
589
590
602
599
589
602
605
594
596
579
539
488
422
395
423
455
459
457
454
495
559
586
593
578
585
593
603
603
589
586
570
555
546
550
560
547
557
549
524
528
518
522
522
522
507
509
542
551
556
575
600
610
613
613
601
631
627
585
532
510
513
506
487
490
521
526
472
400
348
359
363
375
364
368
375
372
378
380
386
373
370
422
506
562
569
542
533
545
543
540
541
548
552
550
557
558
559
570
576
612
635
623
625
631
650
648
614
584
587
583
562
577
577
590
577
552
529
511
496
508
526
499
456
418
421
438
454
441
424
389
363
342
343
354
369
353
362
380
412
413
411
407
420
417
392
391
464
601
684
697
649
650
672
692
674
653
651
656
662
653
619
586
561
545
546
570
566
548
517
503
511
547
553
566
549
531
543
560
567
563
517
498
458
448
466
480
457
439
436
500
570
596
595
579
585
597
579
576
597
599
559
486
433
436
444
439
422
424
459
492
490
492
514
583
600
605
597
597
611
623
589
530
509
513
527
505
476
462
461
469
453
449
464
479
451
460
462
452
452
451
459
466
461
446
454
461
466
451
457
445
439
433
431
433
432
426
435
437
441
445
459
472
493
481
465
463
507
576
624
619
619
602
594
610
624
623
575
476
430
442
462
463
447
437
448
456
448
427
404
382
393
467
604
703
703
644
606
590
592
577
564
564
586
580
572
570
566
573
594
627
655
651
646
653
676
667
628
563
532
515
536
545
546
527
484
458
459
458
469
457
445
473
470
467
475
475
476
467
472
491
515
543
536
536
540
542
527
529
571
636
694
674
654
655
683
667
636
596
588
585
600
595
589
588
586
570
566
550
551
561
555
545
554
554
546
549
535
531
539
544
541
548
539
551
541
548
550
553
565
569
577
522
486
452
491
553
596
596
585
597
597
605
598
579
563
541
511
501
520
527
512
516
542
567
593
583
586
592
579
577
590
600
636
624
617
628
648
641
601
530
487
494
512
507
502
478
488
495
515
534
509
498
510
520
508
496
505
531
556
589
573
564
581
583
582
588
572
569
533
512
505
497
525
538
555
563
571
551
554
558
550
561
560
549
554
559
552
565
561
561
575
556
532
493
478
445
462
491
549
589
609
582
581
597
587
588
537
526
527
536
535
529
537
550
559
561
576
572
567
576
562
570
574
565
560
578
573
577
575
561
565
554
574
572
575
567
580
575
578
567
572
573
580
588
576
573
575
579
568
586
573
567
565
573
560
551
539
548
561
561
566
550
557
563
584
608
592
582
593
611
611
564
521
499
498
512
501
495
497
493
498
484
486
512
511
498
478
458
454
465
463
458
459
464
473
461
463
452
456
456
445
423
437
442
440
446
440
437
440
438
438
428
432
466
480
498
505
492
491
484
492
488
497
479
510
559
598
585
570
577
602
630
615
619
621
610
572
513
496
482
468
465
504
572
629
640
609
598
622
636
611
606
615
609
617
593
609
624
608
563
516
488
481
486
483
478
483
492
472
444
418
415
413
436
418
403
403
462
574
639
627
612
601
620
612
581
536
489
475
503
492
508
502
519
564
592
602
612
603
614
620
599
573
515
464
471
476
462
474
466
477
473
458
485
512
539
526
513
517
566
572
584
562
552
534
538
533
529
525
554
594
617
611
589
562
545
564
554
564
561
563
531
485
465
456
451
458
448
466
465
471
473
469
479
472
473
466
473
469
468
494
558
603
592
574
575
577
582
582
574
573
580
578
548
548
552
545
538
555
532
544
534
528
549
545
535
514
498
505
500
506
497
508
508
507
508
523
540
541
553
543
559
564
558
544
523
506
497
517
513
509
482
486
511
556
578
608
627
607
606
618
635
625
581
546
519
532
525
528
533
536
525
525
527
538
535
508
513
532
529
513
528
544
545
528
521
541
543
531
517
515
546
543
516
517
574
559
397
146
