640
660
609
596
626
649
621
578
591
585
592
601
589
580
541
507
507
505
525
550
599
642
654
638
620
620
650
648
579
519
462
445
476
486
477
461
455
463
458
474
487
474
464
441
501
595
631
643
611
613
635
631
611
607
617
616
621
623
622
615
619
613
629
629
629
632
622
590
550
521
534
542
530
537
533
526
489
448
442
465
462
454
449
466
454
447
450
475
477
455
464
510
593
651
649
638
624
632
636
638
650
657
658
660
659
622
521
475
477
498
478
451
522
611
633
587
533
527
555
545
532
532
556
557
490
476
529
585
617
601
606
622
617
614
593
579
566
562
556
565
550
543
528
525
538
523
525
521
520
546
575
585
591
604
610
634
643
621
616
649
662
623
538
516
527
544
525
470
444
462
470
451
458
497
522
508
503
523
583
603
579
511
460
489
497
488
462
431
411
397
416
418
405
411
400
436
484
508
519
505
499
494
495
518
560
575
576
563
570
576
557
505
453
467
543
644
691
685
656
653
660
682
674
661
669
680
687
651
616
569
554
573
590
577
573
575
582
600
630
633
628
648
646
642
597
517
473
462
487
491
484
495
502
497
478
496
496
468
437
444
465
472
445
438
508
615
690
711
698
656
611
595
589
593
611
610
590
581
595
599
555
503
475
480
484
479
493
488
467
439
408
405
426
427
413
402
407
442
441
447
450
458
454
437
431
450
436
452
454
462
470
464
455
458
432
437
425
431
436
435
415
436
433
444
429
426
427
442
426
420
423
430
424
428
421
434
435
433
425
442
419
417
415
435
436
421
416
435
453
429
423
426
441
443
405
440
500
585
635
619
623
617
618
607
616
620
608
569
494
441
427
498
549
601
603
591
594
607
597
580
587
595
621
557
487
437
433
441
440
441
437
448
443
429
471
534
589
592
562
551
585
587
573
559
586
583
573
543
536
525
538
531
525
539
541
530
532
561
565
571
563
549
567
566
565
530
519
512
524
520
524
522
534
561
595
578
525
459
423
422
437
432
446
446
445
489
508
529
504
479
488
529
583
597
599
602
609
607
573
507
482
482
496
484
479
489
490
484
480
490
489
499
502
519
524
506
513
535
594
620
627
600
601
605
594
599
596
610
605
592
604
633
622
567
504
469
484
486
487
483
474
475
473
472
466
480
479
490
472
458
462
473
469
432
427
500
633
714
697
677
678
692
675
604
562
562
585
579
562
573
588
611
615
606
629
624
593
556
510
512
522
515
530
539
506
448
408
420
430
428
385
379
446
540
594
602
572
571
587
588
560
526
525
525
519
527
518
518
531
547
548
549
546
526
527
494
459
460
471
462
459
471
530
632
692
683
669
665
681
687
631
592
568
564
572
602
618
637
615
612
617
606
609
584
572
552
555
550
562
561
556
547
567
565
557
569
585
602
599
556
524
484
474
506
494
493
502
485
500
499
489
493
494
513
544
571
572
566
566
565
574
567
544
532
525
521
520
514
523
525
560
566
575
555
568
566
565
570
565
553
543
522
509
513
528
509
497
509
533
547
555
543
568
543
561
571
554
537
526
515
529
527
522
527
540
577
585
575
585
597
601
587
580
568
568
568
554
568
619
653
642
630
624
639
628
597
546
494
513
516
524
511
482
452
440
432
423
434
437
438
438
416
432
439
440
426
430
450
474
474
493
500
493
469
476
504
546
589
588
561
525
489
477
493
504
487
470
455
451
463
447
464
472
463
436
422
435
433
437
426
429
466
464
425
429
518
625
704
715
698
690
694
697
690
700
674
626
580
589
598
599
581
582
597
596
584
588
603
556
491
445
431
462
449
428
420
418
423
392
384
405
412
377
393
469
585
685
699
656
612
586
559
549
557
552
573
553
544
549
576
599
619
621
633
624
591
549
509
511
542
579
615
628
622
589
570
549
550
552
544
551
555
553
568
575
566
527
485
450
457
467
477
468
475
461
475
473
476
462
462
525
559
562
588
568
575
582
585
578
555
535
540
545
552
551
539
517
521
505
504
500
496
508
523
506
508
521
531
555
562
559
547
558
544
545
530
497
496
535
587
604
593
548
513
514
516
530
538
527
532
534
537
525
525
529
535
532
531
529
522
527
515
518
537
530
527
523
532
525
514
510
543
544
532
519
539
553
529
490
520
561
549
384
152
