650
659
609
578
620
629
607
587
614
619
603
588
589
606
585
578
588
562
520
486
479
497
514
497
486
511
517
503
478
494
549
598
641
653
623
627
632
645
669
595
499
438
485
574
610
588
587
601
611
596
570
577
604
619
613
601
608
616
607
586
597
608
613
585
555
540
530
516
530
527
529
522
542
538
540
519
492
489
487
474
475
489
495
457
423
394
390
406
407
420
448
475
482
467
446
475
504
547
578
584
569
568
584
616
604
616
619
635
604
526
496
543
638
702
702
683
681
696
683
701
693
671
619
585
587
600
571
511
466
473
492
505
477
475
494
499
501
522
507
527
521
521
511
507
524
567
606
616
593
579
590
605
604
590
563
520
499
496
503
511
495
498
491
501
498
499
483
481
471
462
448
461
458
469
462
444
418
386
374
389
398
379
377
386
435
440
432
429
475
573
625
649
625
626
651
637
581
523
481
469
462
433
389
386
410
410
387
378
451
537
596
597
563
560
573
590
593
571
542
517
508
503
513
519
507
504
531
581
601
595
600
592
609
610
586
558
566
556
554
559
557
562
555
553
555
560
559
538
525
528
522
533
520
513
519
522
512
495
494
527
579
603
600
597
583
601
595
579
591
604
593
583
583
597
604
590
569
573
602
601
564
503
472
488
494
498
496
499
458
398
352
350
377
371
356
349
373
379
373
379
385
385
361
358
420
507
550
571
539
534
546
553
548
535
547
549
541
535
550
555
556
557
558
573
571
563
568
567
574
555
559
559
562
564
554
554
568
559
555
578
569
563
553
549
566
565
561
559
563
561
557
557
564
561
554
562
568
564
561
544
550
586
608
633
622
628
623
605
587
593
600
592
558
523
497
467
484
499
504
497
446
408
380
379
394
398
394
397
396
397
406
417
408
432
437
406
394
405
484
583
681
687
662
660
676
680
664
628
596
566
555
557
544
561
567
578
571
550
519
492
498
509
501
492
496
530
564
557
547
544
549
581
570
534
477
465
455
454
480
531
580
593
582
574
585
600
580
540
478
450
486
501
501
482
473
476
491
516
558
604
617
577
519
506
522
537
506
482
459
462
469
461
465
469
461
457
445
449
454
444
461
468
467
450
443
439
424
449
426
428
429
444
446
466
476
476
476
458
477
506
570
614
639
631
620
618
615
631
628
571
493
431
430
442
458
453
438
412
403
400
404
410
422
408
405
396
410
418
381
386
400
427
436
388
384
468
588
691
705
684
664
678
701
684
646
597
586
578
581
583
581
594
586
583
599
589
588
585
583
587
583
580
566
580
591
580
588
585
584
583
574
563
567
561
565
560
551
562
586
629
658
655
663
655
645
662
646
620
590
540
515
528
528
532
510
474
469
458
466
457
478
482
486
485
477
482
481
479
476
503
532
555
571
557
540
543
582
617
648
661
665
650
629
583
567
564
564
580
562
572
556
542
510
511
520
527
520
522
526
559
563
567
575
593
621
641
614
606
621
618
622
590
551
532
532
545
542
531
533
550
588
584
593
575
585
580
591
584
591
583
588
582
590
596
592
582
592
594
575
575
594
588
591
587
582
584
587
577
590
584
601
584
572
586
594
609
620
617
637
631
586
532
482
496
514
506
497
498
509
503
514
514
517
520
519
517
538
563
588
584
563
567
582
595
569
531
503
508
514
504
496
490
527
532
493
452
435
464
461
431
447
493
564
602
609
586
589
602
590
579
559
535
525
528
539
558
564
577
575
562
576
574
578
579
578
572
576
573
578
581
557
542
539
559
555
540
551
550
575
583
582
595
590
599
594
581
550
529
501
507
502
501
483
466
448
440
443
433
441
440
439
434
427
454
474
502
488
491
517
563
581
580
572
577
569
584
591
618
640
648
622
626
644
642
601
523
475
474
486
495
488
453
478
526
592
627
625
628
616
609
619
607
606
614
608
614
607
607
610
607
629
623
588
515
484
468
494
501
500
473
460
450
427
403
420
473
553
634
642
630
601
616
624
579
509
479
466
483
481
461
470
511
560
606
599
594
584
617
618
607
579
515
480
467
473
474
481
450
423
387
405
420
415
405
441
473
500
515
506
508
500
500
497
528
558
593
578
575
568
556
550
540
529
528
538
536
525
531
567
600
629
622
613
610
621
611
600
575
564
570
571
576
578
574
548
507
484
469
479
478
472
458
450
439
432
425
432
438
426
425
425
439
470
474
474
467
471
486
481
477
469
509
559
621
624
598
592
604
622
595
582
593
600
596
573
542
526
518
530
527
530
530
536
522
513
466
445
428
439
462
449
424
440
471
547
615
609
597
581
614
624
573
530
514
524
529
515
513
541
584
603
573
536
527
521
532
534
520
529
525
538
522
517
499
524
535
537
535
529
524
532
522
529
539
534
530
524
524
528
522
510
515
540
532
517
527
539
540
524
521
522
534
515
521
531
527
528
520
524
539
531
492
520
571
566
398
148
