655
656
604
574
600
610
596
578
605
618
581
522
492
520
537
519
500
505
562
590
635
653
661
643
594
529
479
465
466
482
464
468
483
472
473
473
468
472
473
467
510
575
646
634
615
622
621
631
626
607
613
620
621
612
610
616
632
619
614
632
633
624
595
561
529
514
522
527
538
504
496
471
457
450
440
452
460
452
434
422
420
403
378
395
480
604
681
681
656
655
666
660
668
673
672
636
583
540
541
542
554
556
539
560
580
632
626
579
525
489
504
500
501
488
473
495
502
504
504
489
491
495
505
505
456
396
349
366
384
361
355
359
397
434
464
502
547
571
571
567
564
557
572
576
575
527
474
444
445
455
457
435
420
484
566
625
613
596
597
595
614
609
609
609
603
609
612
622
611
594
558
528
508
529
548
529
527
506
490
455
464
458
470
445
439
444
438
448
446
442
456
454
452
449
453
457
452
457
454
448
463
496
518
502
503
516
540
584
562
551
553
565
571
543
516
497
492
478
474
477
509
505
492
505
532
582
612
644
641
589
531
484
478
482
503
485
479
492
509
494
494
490
507
512
478
487
469
486
502
476
443
431
436
431
412
420
470
560
605
612
575
573
588
605
545
513
489
478
479
489
489
493
482
477
527
616
704
712
680
666
689
708
672
588
570
571
578
533
480
446
447
467
475
466
472
459
455
459
472
458
459
487
521
561
560
558
548
553
559
547
550
556
588
598
598
596
609
601
611
613
608
613
614
606
601
607
592
605
623
621
577
515
493
506
500
485
445
440
437
463
455
427
407
380
385
380
368
385
384
375
381
405
406
387
385
381
402
400
381
385
446
552
621
633
597
595
616
606
609
601
597
619
615
618
613
616
623
617
599
599
607
616
597
610
613
606
573
523
508
499
487
507
499
500
507
492
474
463
468
464
463
456
481
511
546
531
521
532
534
534
528
568
630
664
680
653
655
660
628
586
550
565
590
572
558
549
566
571
578
559
579
567
559
534
511
505
516
502
506
532
586
617
613
609
592
607
612
579
524
515
509
522
503
494
507
517
513
505
517
514
505
507
526
579
618
615
584
598
633
631
586
524
499
515
504
513
519
515
494
459
437
455
448
441
426
441
448
450
419
388
355
367
358
366
375
341
324
335
435
520
568
576
565
547
578
577
569
597
632
635
622
630
631
631
612
564
549
560
583
563
533
473
448
429
450
443
451
444
439
392
361
357
384
398
380
343
348
421
519
562
559
551
547
566
569
556
572
565
573
576
601
575
536
509
491
474
441
452
526
614
681
688
670
655
625
605
576
572
555
530
496
499
509
507
465
440
440
462
446
422
401
409
423
413
384
378
390
398
368
363
387
422
468
485
500
502
474
475
506
532
578
611
616
617
596
617
610
614
598
601
603
596
586
598
583
610
606
587
608
603
603
596
609
604
610
573
566
577
566
564
563
579
613
640
634
638
625
628
620
634
661
661
607
547
510
512
529
541
534
537
533
513
486
448
450
454
458
447
439
462
459
443
415
415
438
436
419
415
430
448
439
439
429
439
430
424
430
494
569
598
596
581
583
574
586
611
610
583
519
530
579
624
639
621
624
644
594
537
480
480
511
499
479
479
490
499
462
426
385
404
405
399
392
393
431
470
511
509
490
499
536
575
621
622
597
584
600
592
602
579
507
479
479
482
500
485
489
469
480
485
490
485
466
445
416
426
423
425
411
426
437
436
423
422
421
390
357
353
374
385
350
356
420
536
603
607
576
567
582
598
580
580
585
600
603
577
548
491
436
416
437
469
558
588
587
587
573
583
589
588
585
595
583
596
594
595
574
575
562
568
585
590
560
550
599
639
633
605
620
641
648
606
546
520
525
521
525
518
530
503
461
422
426
440
434
438
425
438
464
467
496
503
487
479
516
550
581
580
585
576
562
522
495
485
496
517
495
466
433
420
397
398
408
390
388
374
382
396
381
362
369
455
567
638
664
633
594
570
556
551
558
544
552
542
530
509
509
499
498
491
496
518
557
579
582
571
568
573
593
577
541
490
454
447
472
455
448
452
468
457
463
479
482
481
464
465
516
549
588
580
570
580
572
575
553
536
547
554
549
544
545
530
508
505
518
538
556
560
545
547
561
553
553
548
535
533
499
502
509
511
498
489
526
585
615
620
618
602
604
607
603
601
612
608
608
617
610
584
544
513
508
532
526
524
520
533
537
537
531
525
541
526
524
515
521
508
524
521
531
539
524
523
546
534
522
505
535
526
521
521
536
545
531
514
526
546
533
505
515
573
547
382
159
