650
654
601
588
615
632
606
600
604
611
612
590
603
597
598
596
598
557
533
520
508
515
528
507
509
509
528
548
602
629
635
633
630
643
663
637
582
526
483
445
475
519
595
616
634
612
619
616
620
624
628
629
615
626
625
615
620
613
636
622
595
549
505
504
518
533
528
499
473
459
450
448
445
445
449
453
446
439
460
464
453
399
380
465
602
681
684
653
646
665
672
678
620
579
547
531
541
547
556
542
543
553
562
555
554
597
625
629
603
613
632
639
585
526
493
499
501
505
492
491
455
407
352
362
351
373
369
374
386
371
368
366
362
370
369
363
371
403
453
474
490
480
456
460
497
546
573
577
571
566
569
565
579
579
554
478
419
436
467
471
446
430
482
571
627
609
602
604
607
607
600
606
610
620
611
610
625
620
599
601
606
612
580
539
515
501
513
537
524
517
530
526
532
528
521
507
529
543
539
525
529
536
546
543
526
526
536
510
477
453
454
470
467
458
449
449
442
448
448
450
459
452
446
458
475
505
506
512
503
501
505
503
515
528
556
572
580
533
476
440
433
442
442
424
432
481
549
603
604
597
577
585
596
592
597
599
610
603
596
592
598
588
587
597
597
594
599
594
619
600
551
488
467
456
477
481
479
480
441
395
368
373
380
371
364
363
366
356
357
396
468
519
530
505
495
524
548
546
560
558
560
550
549
576
601
633
624
623
628
642
634
614
625
628
631
597
565
551
555
561
544
542
567
567
531
481
445
455
467
478
468
458
455
462
468
456
450
464
496
538
557
563
544
545
553
590
599
612
597
588
602
612
594
580
529
506
508
507
505
512
517
496
468
444
444
448
461
452
451
431
406
385
360
372
368
373
375
394
397
390
383
372
389
397
399
389
398
408
405
377
403
468
563
615
638
616
614
621
613
610
606
608
620
601
589
586
616
608
575
533
494
476
469
466
461
461
457
456
470
489
516
541
535
521
532
577
636
660
670
675
672
666
637
577
562
560
564
569
558
563
586
560
551
519
514
513
512
502
505
510
535
560
617
624
606
579
591
613
611
568
530
505
500
508
518
506
508
506
509
523
505
508
504
547
588
612
615
610
611
599
608
590
558
519
484
503
520
527
507
509
516
538
502
470
452
458
457
433
425
443
447
417
383
355
353
350
375
384
371
343
350
431
527
574
568
556
568
562
561
571
577
588
563
560
554
566
562
549
557
558
534
467
434
453
459
439
396
375
383
366
362
410
500
562
566
552
541
550
556
557
558
563
566
555
559
570
576
578
583
586
573
549
502
457
443
479
530
619
690
677
662
642
663
669
635
590
591
580
601
590
572
580
600
582
570
569
595
591
579
529
513
507
502
467
455
446
453
458
469
471
434
426
419
416
396
372
369
377
385
384
378
382
385
386
387
381
417
450
497
492
487
481
482
484
482
474
493
492
498
473
480
485
483
485
495
489
499
514
571
601
607
601
588
599
607
602
594
586
568
579
578
565
565
570
583
629
641
633
631
632
647
648
621
572
526
518
529
539
529
521
508
480
452
441
445
434
424
430
435
428
430
425
433
442
445
423
417
468
561
625
622
593
578
590
598
593
573
553
540
498
493
514
523
502
482
487
537
582
617
627
636
590
522
481
493
513
500
456
419
400
400
383
387
422
483
507
521
515
504
499
507
521
565
596
621
603
560
506
484
485
483
476
473
466
474
485
484
449
422
422
430
439
434
422
410
389
348
354
377
385
362
367
426
540
597
589
571
562
577
581
559
577
595
602
592
585
601
593
542
492
444
445
449
445
434
438
444
441
437
438
434
419
425
440
458
439
436
483
562
601
598
582
575
573
566
574
583
598
571
536
515
511
503
512
504
523
522
504
521
549
602
635
638
638
637
597
546
509
518
525
527
516
518
536
531
485
437
406
405
427
429
414
414
418
405
382
391
400
399
382
367
385
468
577
653
686
639
631
646
663
639
593
574
586
583
576
578
579
569
569
528
497
497
488
505
512
493
464
427
416
405
402
409
409
395
374
399
454
571
641
670
618
563
544
548
550
556
550
519
506
495
514
521
506
494
491
501
507
512
504
500
524
565
562
571
558
563
586
584
538
487
452
450
462
468
462
476
475
474
461
488
561
609
599
566
554
579
588
581
586
583
578
546
542
537
549
560
524
522
511
509
493
514
528
540
541
531
511
498
498
508
543
577
618
613
608
607
588
556
529
525
532
532
538
533
533
526
528
518
532
532
529
534
525
537
526
530
535
521
539
524
522
519
537
542
534
526
514
527
518
534
529
526
543
516
524
539
541
534
518
524
557
532
502
526
570
560
387
145
