559
579
534
526
542
555
534
537
562
576
579
584
592
613
589
592
576
592
614
606
597
605
587
593
585
591
591
607
592
550
490
444
454
468
467
442
466
484
480
462
466
478
471
446
443
500
584
648
638
616
617
625
631
637
632
621
606
617
628
626
597
551
509
525
533
546
543
528
531
511
499
485
480
485
499
494
482
471
490
497
469
430
393
396
402
389
387
423
458
461
476
480
472
454
458
487
540
573
585
579
570
567
576
575
605
617
612
593
613
638
590
509
478
554
650
686
638
582
575
598
610
596
587
603
607
602
605
576
534
482
462
471
488
483
484
497
507
480
465
483
514
516
523
520
528
531
507
505
531
588
606
599
585
598
609
596
592
594
614
598
564
526
495
498
496
500
483
497
494
494
464
466
446
454
465
454
448
451
419
381
378
386
401
391
383
382
391
403
394
373
382
453
539
614
621
598
583
595
599
599
586
593
599
610
604
582
524
471
416
407
418
424
409
401
413
439
441
446
454
443
433
437
436
470
491
518
531
516
513
521
540
524
514
503
554
625
645
645
630
645
651
618
583
545
549
579
569
558
546
564
570
574
573
559
536
513
511
514
520
506
502
529
506
495
494
507
526
559
589
610
594
585
591
612
594
556
516
492
487
483
483
509
490
460
403
356
354
367
367
368
363
385
379
383
370
365
375
431
496
551
552
547
535
544
551
548
535
544
540
559
540
536
546
569
556
560
549
550
548
552
547
552
550
548
554
560
552
562
571
566
561
553
561
569
568
570
561
583
622
637
627
627
628
640
643
621
623
594
590
587
594
593
586
550
518
482
480
482
495
490
494
487
475
444
382
381
398
398
393
371
387
418
416
397
409
483
591
676
692
675
658
669
669
678
658
624
584
549
554
570
566
540
552
564
575
548
501
491
488
498
497
485
482
483
517
538
551
547
550
546
547
556
562
572
531
495
459
446
457
463
458
481
543
591
590
580
580
593
603
590
529
476
426
423
437
456
455
443
442
459
473
491
494
502
486
489
499
523
572
602
615
608
581
542
500
516
521
513
509
506
512
499
474
454
462
474
464
458
450
459
464
471
457
459
465
462
464
464
457
462
448
468
462
458
446
450
449
442
421
453
477
483
464
474
504
593
630
652
620
595
605
635
628
568
486
447
446
444
425
392
389
416
414
397
392
407
419
409
415
403
403
405
407
413
405
390
408
489
586
687
699
669
645
664
691
682
644
596
583
580
595
576
578
587
572
574
567
570
572
562
556
555
595
624
655
656
647
648
645
650
640
644
647
669
661
670
612
575
535
537
524
517
529
530
537
524
482
474
462
466
471
470
463
469
460
459
444
464
466
473
493
501
496
494
512
555
580
571
571
569
595
610
616
589
574
552
541
543
545
553
544
542
542
546
554
547
552
565
564
563
560
554
573
576
534
498
461
440
446
464
471
465
450
446
504
565
609
594
541
514
507
520
532
520
537
571
588
582
569
588
586
589
583
586
594
597
584
571
583
608
624
624
612
622
633
634
593
532
484
486
493
510
513
515
510
510
514
515
510
515
500
513
512
524
517
517
529
551
578
577
578
575
556
519
494
491
505
521
509
506
505
535
546
552
554
570
552
558
569
551
527
507
511
515
519
524
507
518
509
508
523
555
560
570
562
559
569
575
571
560
564
564
545
528
540
546
571
568
578
582
571
546
530
530
522
529
526
548
581
587
597
579
584
593
596
594
582
584
582
584
567
586
579
579
591
623
641
651
634
635
639
649
613
585
537
527
534
540
544
553
520
480
459
461
455
462
453
473
500
510
488
490
520
554
590
596
566
570
580
585
576
584
575
586
601
617
631
639
628
620
604
611
642
636
586
516
473
469
485
485
471
503
581
632
646
622
616
624
642
617
610
610
614
607
596
604
632
612
565
503
483
479
495
488
486
478
464
433
421
424
416
409
411
467
571
627
626
602
599
618
621
629
611
583
526
493
484
509
512
493
481
518
592
615
604
587
603
618
608
597
602
604
595
562
510
473
469
493
490
469
474
483
473
489
490
478
477
467
480
501
513
520
527
519
515
530
508
518
516
506
528
556
575
566
579
568
569
565
544
534
528
536
535
531
518
552
594
600
615
601
575
548
545
561
551
564
561
555
534
484
455
440
447
469
452
461
464
476
479
485
487
495
470
484
520
569
580
581
580
575
592
597
565
549
547
531
545
552
561
553
539
523
511
495
510
516
517
512
503
523
537
567
566
549
546
540
533
531
502
496
506
548
585
621
639
619
609
603
552
517
514
548
536
521
522
529
526
512
525
522
541
534
517
510
533
537
527
528
527
520
514
514
530
525
517
509
532
537
528
533
534
547
524
511
524
546
532
506
513
547
542
504
519
571
556
392
136
