620
634
566
549
596
610
604
592
601
619
587
586
587
567
544
499
506
529
517
494
492
545
614
624
589
501
457
463
505
498
466
465
512
589
637
632
624
620
627
635
622
622
605
614
610
606
618
627
619
575
510
464
472
486
505
483
470
472
449
438
438
514
626
703
705
673
670
686
702
674
656
614
605
572
581
613
605
555
493
474
498
494
500
494
496
502
506
500
499
500
500
517
528
562
555
540
545
559
550
496
474
474
477
466
453
517
610
703
696
649
576
583
594
621
637
626
585
522
476
470
488
482
455
413
399
401
411
402
406
415
416
408
387
386
474
582
672
673
666
654
657
646
638
653
641
648
650
654
650
655
650
654
658
671
657
670
667
655
662
661
661
668
656
663
667
660
653
663
667
653
653
642
655
661
632
596
575
561
570
571
574
575
584
592
606
589
607
596
580
561
560
553
546
544
546
549
531
474
432
416
448
444
426
425
449
462
487
506
518
513
502
498
513
541
581
599
608
604
595
607
629
610
573
528
485
480
491
491
476
481
492
497
487
484
491
495
488
490
498
502
496
514
513
501
502
515
552
571
579
564
577
574
575
587
592
612
629
630
613
647
636
605
576
555
560
567
551
540
553
563
571
545
540
553
558
541
544
566
589
599
582
572
579
589
595
562
510
487
493
508
488
461
451
464
478
462
449
458
475
476
470
460
483
469
471
472
480
483
484
481
481
488
486
482
490
486
461
440
419
424
433
434
417
375
360
360
371
378
368
371
387
435
468
460
451
479
560
593
584
574
564
588
565
558
558
598
621
631
644
636
626
604
616
632
627
618
610
633
636
588
514
472
479
500
469
434
425
460
454
424
427
499
572
603
605
599
605
615
628
608
598
569
535
502
496
528
522
506
485
497
552
607
639
639
621
640
650
642
593
520
476
477
490
513
484
446
399
362
358
368
385
388
384
365
375
432
493
552
566
540
529
548
544
554
542
556
564
564
556
555
556
558
550
543
568
575
588
576
549
522
498
496
510
514
514
505
488
494
495
513
515
504
504
504
501
509
518
506
504
509
517
536
545
539
567
593
613
611
607
611
613
598
600
599
603
595
592
586
608
616
599
561
540
538
570
577
585
585
588
592
591
592
586
594
578
590
595
600
561
515
479
470
489
504
504
476
441
422
413
422
423
421
426
435
430
425
428
429
420
428
426
423
424
422
432
424
428
429
442
412
391
380
388
387
387
372
397
443
485
483
462
468
507
554
596
598
595
578
528
498
492
526
573
598
598
602
592
603
599
579
550
534
539
544
538
542
550
566
565
567
568
565
562
548
557
564
546
470
409
422
478
542
568
567
570
582
580
586
580
622
651
655
624
593
571
584
585
597
584
599
589
574
583
588
582
584
583
581
589
593
594
599
598
599
581
544
528
517
520
531
528
516
483
474
479
475
485
476
478
477
478
479
472
490
486
481
472
476
477
473
472
474
485
469
469
457
432
402
393
401
420
406
369
379
428
528
575
583
574
574
578
572
574
569
564
578
588
620
642
646
630
617
591
582
575
582
590
578
562
567
573
556
524
530
554
542
507
482
525
606
690
701
666
627
566
521
518
524
538
514
513
538
594
624
609
589
615
612
595
590
607
605
609
604
603
603
601
598
594
602
599
589
601
611
617
584
542
532
532
536
520
469
449
446
468
469
454
458
464
478
448
420
412
410
426
419
411
416
413
403
406
415
404
394
389
469
557
620
626
588
591
607
610
610
602
621
617
613
591
600
594
613
600
604
610
616
618
605
607
611
601
604
612
612
594
605
621
616
577
528
485
476
472
470
474
478
482
451
412
395
385
396
398
398
393
401
435
489
516
517
503
506
515
522
514
511
513
505
494
519
562
588
585
591
590
588
579
585
576
591
588
562
551
527
533
537
539
543
549
549
528
525
541
548
533
542
553
561
556
557
549
560
568
556
552
553
545
530
510
507
535
545
517
515
535
577
582
577
573
584
571
591
587
578
535
483
427
413
427
428
414
417
428
429
426
428
428
450
441
436
431
440
489
571
626
671
647
606
611
631
634
583
542
504
501
499
511
513
507
502
499
517
545
570
598
614
597
564
532
504
502
522
508
527
519
525
509
480
462
449
461
462
476
474
453
438
438
428
423
422
439
443
420
402
381
385
390
406
395
399
386
373
402
452
478
444
448
492
552
595
582
585
581
576
550
532
532
543
540
535
542
534
515
500
513
577
602
612
588
597
604
600
603
595
591
583
584
578
585
591
587
589
575
543
524
522
532
528
533
527
531
529
530
523
526
524
533
529
527
519
517
528
531
523
515
522
526
540
536
520
521
527
523
504
512
535
524
523
522
542
523
492
512
573
562
382
155
