664
669
608
585
622
639
609
600
603
605
598
582
583
574
527
492
530
608
666
652
619
619
654
643
570
521
470
453
464
467
473
458
452
518
590
630
629
624
610
617
629
628
611
613
627
628
633
614
573
538
522
531
552
543
527
512
493
501
503
495
501
503
500
496
490
461
438
447
448
454
445
433
456
441
431
390
358
354
361
365
374
365
360
374
350
353
355
416
501
550
540
533
543
565
578
568
554
547
573
571
583
570
577
586
582
553
508
477
462
475
506
496
469
475
479
473
465
467
470
478
465
478
482
525
547
553
549
548
564
548
522
491
485
488
483
479
494
504
530
545
545
554
562
582
587
589
586
591
597
580
525
522
509
511
533
509
514
521
520
512
503
513
518
506
514
518
509
517
527
510
505
512
537
585
592
587
588
601
601
580
592
576
580
585
583
580
576
578
566
568
569
582
571
567
566
569
568
573
583
552
511
478
487
503
508
501
488
482
459
461
446
446
450
459
459
449
413
409
417
415
396
364
379
422
471
474
452
438
455
505
552
573
598
595
558
523
491
489
494
498
488
488
509
540
559
558
554
552
535
558
556
554
534
546
568
601
611
627
630
619
597
561
549
537
550
558
556
536
538
509
514
507
512
515
517
497
509
536
548
575
576
554
553
563
563
564
557
568
572
578
542
483
430
434
430
440
451
456
467
458
476
509
536
553
526
519
545
555
557
525
527
591
648
668
656
661
662
665
649
658
670
665
667
676
679
664
610
582
580
592
582
565
582
581
567
516
483
485
502
487
488
486
468
427
416
399
411
412
403
410
432
428
434
435
437
430
428
435
435
424
411
404
415
406
387
373
385
394
367
375
447
552
639
633
613
620
636
639
622
629
633
617
575
562
565
583
565
561
568
592
575
581
585
588
579
573
582
596
560
540
517
546
535
509
466
440
441
434
446
447
455
439
442
493
603
682
682
653
660
682
688
633
569
543
556
551
554
545
538
551
553
561
564
548
554
559
569
564
553
546
538
545
560
552
541
546
571
564
561
557
557
565
556
557
551
568
563
543
532
552
571
521
463
433
428
448
447
445
439
461
479
471
470
462
466
470
460
466
481
500
504
523
509
503
507
513
506
502
518
518
533
494
502
535
576
600
610
600
609
608
604
610
619
613
611
592
597
604
609
623
619
605
606
603
608
613
596
594
604
553
508
479
469
456
424
411
470
571
611
594
578
594
618
588
515
466
465
485
485
473
474
471
467
470
460
462
465
462
468
466
456
456
488
549
581
587
581
565
580
576
566
571
576
574
570
573
593
581
571
569
572
567
528
501
492
496
504
503
487
492
487
497
499
504
506
498
511
494
503
495
507
533
533
538
520
524
534
537
525
534
555
551
554
565
545
544
567
605
633
641
616
627
633
631
579
526
503
502
516
510
519
576
613
608
606
610
626
608
604
604
607
620
613
609
626
635
584
538
519
508
513
482
456
450
455
482
465
451
451
460
474
483
489
504
507
518
513
516
518
496
503
511
516
526
536
539
539
536
528
537
550
554
541
539
538
549
552
537
531
559
607
625
627
621
619
611
591
555
572
579
558
536
524
514
537
552
537
523
520
538
533
493
440
401
383
408
413
396
378
396
436
507
550
558
539
544
550
554
569
560
552
555
561
565
572
604
597
583
583
596
613
563
480
425
424
448
449
423
429
448
449
428
423
473
553
598
591
576
573
572
575
589
582
577
580
574
583
553
518
480
477
483
484
467
471
473
478
469
461
464
495
544
576
583
581
551
564
582
572
550
528
498
492
491
477
492
500
497
476
444
417
411
424
430
421
421
417
416
407
378
359
397
413
433
419
449
457
443
403
415
503
627
712
699
665
685
710
714
640
587
565
566
563
562
570
581
580
567
556
577
602
619
607
604
612
617
605
565
529
490
485
499
507
499
477
458
444
401
413
415
415
431
412
402
395
381
367
354
363
389
377
363
353
429
526
610
624
591
562
587
603
593
590
593
588
580
559
532
533
525
532
526
529
529
539
516
521
523
523
538
567
582
593
586
556
571
593
618
613
604
614
619
605
603
628
633
593
542
525
514
519
518
517
525
513
491
451
425
420
436
428
422
433
447
459
494
546
577
590
582
571
582
593
601
571
566
560
540
553
549
563
567
534
500
510
518
544
581
563
547
542
546
556
557
533
515
515
515
504
510
504
496
506
531
587
622
614
602
596
623
622
580
544
522
518
527
533
543
536
529
536
526
534
539
532
524
524
525
535
543
537
535
536
521
535
525
528
516
521
522
522
528
535
538
532
511
522
545
524
520
534
529
534
531
542
545
543
525
533
525
525
529
530
536
517
512
529
540
541
530
515
531
520
519
507
534
554
534
497
519
562
559
403
154
