391
418
391
360
389
406
364
365
381
400
391
380
382
398
399
369
362
371
383
385
366
383
402
387
355
371
451
527
596
609
590
596
587
603
604
597
593
577
581
594
584
587
581
591
584
557
526
518
505
514
509
543
596
624
609
603
616
629
612
621
618
634
577
557
559
604
660
671
631
648
656
619
559
507
512
541
545
526
521
528
537
531
526
536
554
554
512
485
462
458
458
462
476
485
458
473
491
511
508
496
504
508
509
496
509
552
594
586
564
560
578
578
539
501
475
486
472
457
459
511
572
615
637
599
562
531
520
516
525
509
512
518
527
499
478
458
447
457
459
464
461
458
453
440
449
460
461
443
422
412
410
407
410
410
416
401
414
404
400
404
409
411
407
409
417
414
408
411
414
422
415
402
410
434
454
459
458
498
547
574
598
572
569
572
591
580
560
574
581
564
565
550
554
558
589
610
649
662
642
603
566
537
526
508
486
454
460
471
476
457
453
474
493
483
473
475
484
492
485
478
501
488
481
478
484
488
475
479
506
565
605
595
602
605
589
554
540
534
545
551
540
531
533
522
514
519
515
521
506
522
567
588
577
579
601
592
565
490
475
474
484
489
477
495
453
379
345
339
373
374
376
399
422
417
379
382
489
628
701
717
686
681
672
689
690
693
664
622
605
600
606
594
538
502
511
518
508
515
522
506
473
451
448
461
460
456
467
483
486
477
473
492
487
468
483
541
571
546
498
460
480
493
493
474
477
505
512
520
528
543
536
514
515
549
620
647
655
650
646
650
646
663
653
632
587
573
570
571
573
554
559
558
539
543
540
544
529
528
542
526
509
520
535
531
518
512
557
649
691
691
669
681
675
688
676
688
683
646
594
577
562
583
578
586
554
496
424
404
420
441
417
409
453
557
601
610
580
583
620
619
569
508
497
494
487
496
492
496
476
457
446
452
442
453
452
447
476
473
471
478
481
470
442
429
422
410
426
444
452
464
468
468
456
444
454
495
551
590
590
586
584
585
590
580
570
545
561
563
562
565
559
549
566
606
630
624
619
621
617
587
546
503
493
504
510
547
601
647
636
616
605
625
650
616
564
531
488
473
493
512
524
509
465
400
352
337
367
366
366
352
374
386
368
349
347
392
434
459
460
470
457
454
443
495
560
610
608
581
583
624
618
586
551
540
541
541
506
501
514
513
507
491
501
537
578
614
624
610
597
606
622
623
602
581
557
547
551
556
557
548
561
548
540
533
515
513
522
518
505
515
536
554
540
513
519
573
640
682
675
649
657
664
681
673
667
629
598
548
553
557
567
557
552
566
558
552
540
518
494
474
483
505
501
487
495
522
585
614
615
592
593
599
593
581
590
596
605
571
552
533
544
543
535
535
531
540
553
591
588
604
602
601
598
606
620
589
544
486
458
450
450
439
460
458
462
440
425
430
457
449
432
439
491
569
603
625
601
559
505
467
466
474
481
472
466
463
472
470
467
476
475
467
461
478
484
459
458
507
592
648
658
651
634
589
509
452
452
484
496
461
466
533
643
688
652
587
561
578
579
588
590
578
579
585
575
558
549
532
537
545
559
551
550
527
484
485
521
565
597
586
600
590
565
518
491
475
492
494
481
474
485
502
475
476
477
481
456
455
490
538
571
584
563
563
574
590
579
562
543
521
522
525
548
546
520
533
539
553
582
619
629
616
594
546
520
503
510
539
580
593
603
600
588
595
591
581
579
551
563
550
553
559
559
554
553
561
560
544
542
549
547
551
550
556
548
544
569
588
617
603
599
594
597
615
588
590
600
608
563
518
498
468
492
487
499
495
475
445
418
418
426
419
417
435
433
444
459
445
447
460
442
454
471
496
515
515
517
507
508
504
510
513
501
498
550
630
665
672
634
641
655
661
629
586
557
557
560
569
574
566
574
570
528
515
519
545
531
509
521
562
627
671
673
670
652
628
580
561
564
555
566
568
556
540
508
488
502
509
499
498
531
566
615
623
616
614
623
618
615
627
630
628
600
592
588
560
532
500
490
507
513
494
460
438
437
447
439
434
407
387
395
393
398
396
386
402
395
379
380
406
453
468
450
447
485
554
581
578
588
575
583
586
589
576
567
563
569
589
578
550
528
547
563
534
519
503
511
520
522
498
496
515
508
504
507
535
571
545
554
540
564
551
539
529
507
492
508
524
567
615
620
598
589
609
619
605
593
552
509
509
531
537
524
526
530
542
527
522
517
529
528
512
522
533
534
538
523
536
535
523
529
522
533
519
528
537
532
523
509
529
548
543
509
527
585
551
407
142
