652
651
586
565
607
611
561
508
525
557
599
649
665
661
579
489
450
466
486
486
461
463
468
519
574
630
644
626
609
621
630
618
630
637
637
587
510
471
477
493
480
460
454
454
466
473
457
436
443
512
625
713
711
671
659
700
711
670
613
590
617
602
560
505
465
470
477
474
481
498
504
509
495
493
497
516
541
562
558
534
552
551
559
559
545
548
557
548
545
507
458
453
532
638
695
689
674
664
669
655
602
563
572
601
619
607
630
636
633
585
516
469
479
477
487
484
493
490
487
472
463
472
473
481
479
458
428
416
413
412
426
423
387
391
460
589
674
670
641
645
670
690
639
575
569
579
581
567
572
572
576
579
578
590
585
583
596
590
596
578
562
561
566
532
467
438
433
455
456
452
445
459
488
508
501
518
498
504
512
512
498
495
524
587
612
583
517
463
468
484
489
484
491
502
490
482
479
492
492
483
478
491
484
485
479
489
496
498
483
486
492
483
492
484
486
487
509
509
495
493
505
504
506
509
497
502
528
566
578
585
610
627
632
608
570
536
547
546
563
560
562
562
551
543
536
540
557
541
533
526
550
591
600
594
592
595
588
587
527
476
496
499
497
498
503
505
488
475
452
475
475
465
456
463
481
483
470
477
470
482
477
475
485
487
472
486
488
493
479
447
423
424
439
438
388
376
356
354
357
362
368
364
356
359
392
436
469
476
463
446
435
450
487
536
588
596
581
567
584
593
591
608
613
630
626
576
530
487
477
503
503
494
497
484
487
502
502
499
495
480
449
426
427
447
456
448
427
431
486
564
582
594
584
603
625
588
546
519
501
524
521
512
498
524
593
654
648
641
631
639
639
594
517
481
466
487
510
494
487
489
493
480
468
469
491
488
457
432
413
415
403
409
458
522
582
586
573
551
566
567
585
560
567
560
566
555
580
577
571
576
568
561
574
576
562
532
507
494
504
522
566
592
594
574
580
583
585
572
590
573
567
554
539
546
562
551
556
550
579
593
614
615
625
625
603
581
546
543
559
560
571
547
528
559
590
599
588
583
587
591
565
503
476
490
503
484
485
480
494
477
438
414
396
421
416
415
419
417
436
435
420
424
433
440
430
419
389
366
375
393
370
369
397
452
475
473
460
500
556
592
597
575
580
597
598
585
570
541
520
503
494
541
571
601
613
613
598
593
594
586
590
583
585
588
582
581
582
585
595
578
559
541
554
549
535
547
567
574
565
553
571
577
579
539
459
422
408
439
450
437
424
426
477
531
578
583
579
561
578
592
631
652
655
633
632
644
655
650
641
656
659
628
589
569
588
596
573
534
523
527
532
538
551
535
517
488
465
486
475
463
472
488
481
468
414
410
401
403
404
419
406
393
397
403
395
384
381
375
387
390
378
375
435
516
587
599
598
617
644
631
638
633
634
642
651
637
633
593
579
583
583
597
594
588
565
559
535
530
533
547
544
541
545
525
494
465
464
472
488
479
464
471
520
613
691
689
667
664
681
683
617
540
499
491
502
511
495
496
514
520
538
569
584
579
571
565
578
595
630
622
634
634
620
593
587
570
582
581
597
593
594
558
527
497
501
517
511
475
463
443
447
445
444
448
447
453
440
446
440
454
453
454
444
461
462
433
412
377
378
382
384
384
369
380
399
402
399
393
407
393
361
384
453
551
605
619
619
604
599
589
612
628
608
572
510
501
480
469
420
389
383
408
406
395
401
400
398
405
398
404
396
428
463
519
512
502
497
507
511
499
512
558
587
596
570
565
596
591
572
542
531
540
542
533
544
573
573
547
526
526
516
511
517
527
521
524
530
557
586
576
582
586
594
569
569
582
589
545
459
421
414
449
441
413
424
438
432
426
426
456
439
413
421
505
577
641
637
635
634
595
534
505
493
521
509
486
494
538
580
587
604
591
597
615
588
589
609
605
578
534
517
511
520
510
512
519
522
512
508
510
524
532
518
510
501
514
515
497
506
520
533
505
469
462
462
475
466
441
431
435
439
433
427
426
428
414
406
385
384
395
390
401
388
392
406
435
460
473
467
462
444
456
494
559
598
605
574
565
574
589
591
574
542
537
549
557
559
544
513
504
515
554
570
560
546
550
559
543
530
506
510
505
508
490
493
503
512
520
513
504
529
578
624
619
599
616
639
616
593
546
523
523
534
528
526
531
534
530
532
532
526
513
525
529
541
540
537
530
527
527
519
530
551
532
517
527
530
534
513
526
554
529
515
523
570
560
393
153
