646
659
593
578
618
637
626
604
612
614
599
592
597
611
577
520
497
512
520
521
505
507
541
598
642
658
657
639
652
645
602
521
468
460
489
480
461
464
520
585
628
635
625
617
625
630
624
623
612
611
615
614
635
620
624
632
628
604
561
547
536
530
536
528
529
541
513
489
478
491
482
475
483
486
467
429
399
399
407
413
406
411
406
406
415
425
456
470
482
480
465
461
478
502
547
573
570
566
577
586
570
561
573
607
634
622
603
613
637
587
533
490
480
514
499
471
482
549
637
686
707
667
688
687
698
695
669
621
597
595
598
600
601
603
600
609
591
587
582
585
588
581
589
589
567
528
491
483
491
473
474
494
495
496
488
524
585
617
606
582
585
616
609
565
512
502
491
502
505
503
490
480
459
451
455
459
431
405
379
380
381
381
374
378
389
397
389
388
378
391
384
401
395
401
385
396
395
402
387
398
388
388
388
393
392
393
378
384
393
402
393
374
398
391
395
383
388
381
395
368
390
449
542
605
611
611
578
606
590
593
589
594
605
600
580
535
503
483
490
488
504
477
441
412
392
414
410
412
413
414
447
456
455
463
471
466
454
453
491
545
590
603
593
591
600
592
577
565
549
561
560
546
564
552
554
543
531
527
527
516
530
514
496
503
499
504
506
501
518
533
582
589
590
583
573
596
602
581
579
595
590
590
573
574
584
597
582
564
513
486
481
512
493
456
377
358
353
359
369
368
361
369
372
381
383
370
369
425
482
562
570
543
541
557
564
550
528
534
549
562
543
540
538
563
576
569
565
568
565
567
562
578
606
637
648
645
611
596
582
586
581
587
593
593
565
517
481
479
499
508
484
462
423
407
394
400
387
393
379
385
423
437
434
402
401
476
603
673
690
662
649
669
683
656
640
586
562
552
554
557
561
550
564
557
576
572
560
570
578
572
557
516
495
498
505
494
505
496
494
489
489
514
549
553
551
549
552
526
476
449
447
466
463
440
435
486
557
610
582
576
579
590
547
477
426
434
449
453
424
449
510
584
626
615
602
617
618
609
588
557
537
520
531
527
552
533
517
528
531
518
504
512
512
493
497
501
509
504
489
475
476
468
463
474
483
483
467
468
454
482
462
456
461
461
466
452
439
440
432
451
429
452
461
479
462
467
476
475
463
468
519
578
628
653
615
561
487
449
430
453
453
437
427
442
451
410
389
401
431
437
392
378
483
626
693
680
658
681
697
665
604
579
566
583
582
577
564
562
572
564
572
566
558
572
625
655
655
644
649
665
651
607
550
531
526
533
528
534
511
488
452
444
458
461
444
453
445
455
472
491
486
478
479
465
500
522
547
560
551
550
529
534
566
626
669
662
660
647
662
667
654
633
598
566
557
551
534
542
529
541
537
543
555
557
541
559
585
562
546
469
441
452
473
467
454
461
505
549
580
595
602
581
548
527
516
522
524
523
509
518
524
525
533
515
517
522
523
519
517
521
518
513
511
531
552
584
583
581
588
587
568
584
594
619
620
625
617
617
611
613
616
629
625
593
517
492
478
502
501
480
478
495
518
517
507
501
512
523
561
580
574
580
561
580
595
565
530
504
508
523
521
508
495
523
549
568
568
541
546
550
560
562
555
562
572
543
483
428
433
449
470
449
456
502
558
590
592
579
586
592
595
589
565
544
525
525
537
547
527
517
541
562
572
588
569
579
580
580
571
568
565
560
545
551
550
557
557
553
566
581
603
601
566
519
494
491
512
505
500
487
475
453
464
471
451
459
460
454
443
440
436
435
435
454
474
484
497
501
485
488
505
522
548
595
587
585
577
575
589
587
563
564
604
625
624
626
622
630
625
590
536
476
469
486
505
483
476
467
481
517
579
609
631
612
592
605
614
624
612
599
620
636
606
602
610
645
626
562
505
472
490
488
487
476
469
444
422
411
425
421
403
404
477
562
615
617
614
606
576
539
497
487
503
507
490
504
487
489
481
517
574
610
623
609
600
600
581
510
484
481
497
504
524
529
524
528
525
514
507
529
554
582
569
570
571
573
584
567
535
537
530
539
542
524
537
550
589
607
622
605
592
560
553
545
569
553
527
477
459
451
464
464
456
452
464
458
462
464
473
471
480
467
471
510
554
575
577
570
568
578
574
573
578
575
577
568
589
588
586
598
585
589
588
582
599
586
561
543
546
546
550
552
548
537
530
519
505
511
511
523
514
498
498
545
592
603
604
604
605
606
612
613
592
587
547
515
509
516
538
527
514
520
532
530
516
527
526
537
525
531
530
522
516
521
545
537
527
517
531
549
531
501
522
551
537
502
512
570
552
392
145
