635
651
592
588
624
635
593
581
577
593
604
604
578
538
501
501
509
513
500
507
553
612
623
632
639
640
601
510
457
452
479
483
477
462
469
460
481
484
469
481
521
564
630
635
632
606
626
627
610
597
613
653
637
597
545
510
516
473
442
438
467
452
417
396
392
408
408
388
394
481
588
675
707
634
572
541
543
540
550
559
566
551
557
580
631
633
576
515
476
475
490
503
491
490
489
501
504
518
508
499
487
499
495
443
379
341
384
448
500
475
472
498
549
589
577
554
554
585
582
547
468
437
456
443
442
437
485
567
611
610
593
601
617
625
612
616
618
615
603
616
626
608
606
555
534
527
537
518
537
533
525
491
452
466
469
471
451
463
469
482
458
438
460
446
463
451
446
463
455
457
449
441
450
440
463
461
450
448
454
455
456
442
428
457
500
502
494
490
490
498
504
496
490
510
508
492
495
515
532
571
565
531
473
434
436
452
448
431
417
472
543
597
609
586
589
593
606
589
606
596
608
596
600
616
615
581
510
471
465
477
477
471
509
502
487
446
422
423
451
455
427
426
469
537
606
614
583
568
557
569
597
592
555
517
471
474
476
492
480
474
474
498
486
477
473
479
488
490
471
483
556
655
702
703
682
650
682
703
697
634
588
569
568
549
502
457
451
467
467
465
462
466
466
463
498
529
565
564
548
540
550
563
552
552
539
551
552
547
534
553
563
591
597
621
606
591
583
602
610
576
520
508
496
502
518
507
490
480
490
495
487
495
479
438
440
451
450
444
435
407
389
388
388
390
397
388
382
391
391
404
396
392
401
402
372
374
452
561
627
622
608
595
617
623
626
615
622
605
619
607
615
609
604
590
611
625
605
596
592
593
600
589
588
603
601
583
532
505
494
522
498
498
488
505
495
510
506
494
505
495
501
500
512
500
504
491
502
494
493
496
516
504
486
461
463
471
471
468
464
479
502
541
536
521
531
535
547
530
530
569
622
654
657
642
649
655
633
595
554
555
577
581
552
515
503
531
581
614
634
599
574
526
501
508
506
519
519
512
517
515
507
521
581
620
634
582
522
488
501
512
512
502
512
521
511
467
428
428
438
454
440
427
392
358
345
355
417
508
571
580
570
551
560
572
586
610
632
630
629
619
629
638
632
607
628
646
643
622
579
563
565
566
572
584
576
536
478
422
420
461
464
420
371
359
374
377
355
350
423
523
572
572
553
551
558
549
567
579
591
586
586
594
551
484
447
465
483
492
460
465
489
486
456
440
484
487
468
459
521
621
685
671
636
641
667
675
666
659
636
614
582
574
592
602
573
531
508
515
508
497
522
516
513
486
454
455
464
465
460
449
459
466
467
456
449
452
457
452
438
433
434
443
441
435
446
472
490
497
493
494
504
497
518
575
622
614
591
592
604
597
599
594
602
613
584
568
570
584
586
558
573
597
628
642
665
653
621
556
524
528
541
517
470
434
443
454
450
445
446
468
452
430
430
418
424
438
434
422
438
441
439
441
425
428
436
436
399
418
486
565
614
603
573
580
601
562
523
494
498
528
502
487
497
554
597
628
634
621
593
605
642
629
595
534
491
479
485
487
489
498
514
512
476
415
389
405
418
410
390
381
430
482
503
504
493
507
549
590
584
575
537
504
484
461
472
479
470
456
463
517
598
632
638
619
585
600
623
630
573
513
466
469
489
483
463
470
494
487
451
405
381
380
392
399
393
364
367
422
528
585
603
571
585
604
608
595
573
594
599
551
480
424
428
458
457
434
436
479
548
582
586
584
577
595
596
576
565
580
595
553
530
510
520
534
519
506
534
599
635
633
608
617
638
648
628
627
647
637
600
540
511
514
531
527
525
513
507
452
403
401
419
425
438
415
398
391
384
379
393
410
398
382
384
410
405
379
378
457
576
680
680
638
620
643
654
621
572
582
591
583
569
572
580
566
556
550
567
555
525
474
434
428
429
432
437
446
444
441
446
429
414
385
403
429
412
392
377
451
561
647
651
626
613
635
650
649
609
567
552
540
545
560
557
518
504
499
507
516
494
505
531
553
592
579
564
564
587
572
552
487
464
445
453
442
459
464
471
467
473
470
484
467
462
492
551
593
601
574
577
594
594
565
546
545
552
549
547
535
532
508
507
515
515
514
503
498
509
550
557
544
555
554
554
552
547
538
528
506
478
504
514
505
506
511
523
575
611
626
633
606
581
557
530
522
534
529
526
528
524
527
535
525
512
521
538
527
523
519
527
531
508
509
539
536
526
500
526
547
537
496
509
560
559
392
147
