638
666
606
577
627
645
604
591
609
621
615
587
596
591
594
591
592
578
601
614
597
577
541
504
503
515
530
505
495
513
559
605
632
650
629
623
620
641
642
644
605
529
480
461
473
471
466
466
479
474
453
455
464
519
578
630
640
622
611
617
632
634
624
628
631
621
610
603
626
643
602
559
534
536
538
528
533
523
536
522
532
539
527
531
538
539
538
512
503
493
496
491
497
509
507
489
461
449
446
444
446
455
429
394
358
362
388
381
362
356
405
502
544
555
529
536
549
563
543
573
570
558
559
561
582
586
572
551
567
576
557
509
468
476
481
480
485
480
473
469
465
475
472
469
468
465
462
462
473
494
526
561
564
547
539
525
506
499
505
502
493
506
521
539
558
565
556
542
548
549
562
585
590
582
589
589
570
534
495
501
541
575
583
582
577
577
587
580
581
591
581
586
573
578
576
587
588
583
561
555
576
578
573
575
572
578
573
519
478
470
505
507
468
438
403
400
415
424
412
386
341
346
360
358
338
338
383
439
467
455
451
461
459
450
443
486
547
602
597
577
581
596
562
511
486
482
495
503
487
483
504
505
493
493
504
544
569
570
559
550
545
548
547
540
547
552
555
545
545
550
577
614
631
634
611
611
618
627
629
627
619
622
627
618
610
624
623
612
577
556
555
561
551
545
539
543
547
550
522
504
505
521
522
508
508
514
521
546
574
580
571
556
563
575
560
566
562
574
577
575
550
555
574
581
531
459
433
424
451
442
449
447
454
475
499
515
542
540
540
540
533
549
538
561
637
674
682
658
650
673
691
656
596
574
602
598
559
507
489
498
492
472
428
410
417
421
413
403
411
432
448
442
432
420
447
449
429
410
401
412
400
406
410
416
399
392
390
399
392
339
360
449
572
655
659
618
587
587
585
572
576
583
596
568
552
540
517
514
527
544
528
496
462
450
443
413
419
493
605
704
700
675
665
686
693
633
579
555
553
553
565
563
554
528
450
426
438
447
456
435
448
481
476
459
458
486
506
511
512
509
515
503
512
529
513
524
506
496
536
572
601
614
598
605
589
596
600
602
609
598
600
595
608
613
577
532
475
461
476
476
435
415
418
444
427
412
430
487
563
608
607
607
609
606
605
600
606
570
520
470
465
488
490
491
471
456
469
472
470
476
458
505
552
590
589
592
588
571
589
584
585
581
560
561
553
554
580
556
555
557
555
568
552
549
549
541
539
542
543
535
536
541
556
559
564
557
567
558
538
504
476
486
495
509
506
507
502
506
502
524
537
543
551
535
534
536
526
523
532
522
534
518
511
531
531
518
520
528
543
541
546
543
549
553
537
549
569
616
620
638
632
628
583
527
489
478
481
501
523
558
582
594
576
578
577
586
570
569
569
587
622
647
655
617
603
592
605
594
569
525
519
508
524
523
525
519
503
462
441
441
446
451
441
447
461
481
481
476
485
496
488
483
486
512
513
501
515
511
516
501
492
515
509
508
495
513
529
540
531
528
558
613
632
628
623
622
635
630
619
594
582
576
554
573
575
555
530
524
531
543
538
537
533
529
545
508
440
382
394
409
403
382
387
451
513
546
552
532
528
539
546
543
531
550
545
540
547
560
566
543
544
554
551
565
565
581
593
601
593
601
587
596
595
600
544
466
416
405
426
448
417
437
456
533
582
573
581
582
584
579
558
568
582
583
579
599
594
558
523
484
470
477
478
490
491
483
471
470
467
475
477
472
473
477
484
465
474
500
557
579
579
566
569
583
567
531
516
507
483
483
500
515
509
475
426
409
410
425
428
414
400
379
388
382
387
365
376
405
421
422
436
444
431
416
433
513
631
710
693
685
699
699
674
592
563
562
585
587
574
562
614
635
617
605
601
625
606
591
601
622
609
589
606
619
625
570
522
493
482
492
477
484
478
476
441
416
408
420
409
423
416
418
384
362
362
383
382
359
359
432
537
615
605
567
570
581
596
577
578
595
602
584
583
590
580
591
592
581
575
578
591
578
563
534
525
534
540
528
514
519
539
564
580
578
566
588
603
631
624
626
606
609
627
622
598
545
503
509
527
523
524
535
525
507
446
406
423
440
436
421
418
426
445
437
461
511
555
598
582
579
571
573
575
579
559
545
548
539
533
544
551
543
551
551
540
545
565
558
533
509
505
509
518
522
495
515
543
548
555
545
551
553
552
549
545
548
511
497
500
499
506
495
528
588
617
607
607
605
619
615
583
541
525
526
525
532
530
540
522
522
519
530
517
523
517
543
532
535
525
530
543
530
538
546
539
538
546
528
522
525
523
524
535
538
510
522
523
526
517
512
530
527
533
523
548
540
525
510
538
544
525
492
513
564
570
391
143
