643
656
597
573
627
638
600
576
585
598
596
591
607
606
605
593
579
596
592
580
569
531
509
498
512
520
518
506
528
531
526
514
521
599
660
660
591
509
474
471
474
458
466
466
452
467
491
577
633
627
623
624
632
639
628
614
621
630
616
605
612
644
616
582
519
477
472
473
480
481
467
474
451
466
456
442
449
448
443
434
437
513
625
694
715
683
645
605
590
574
602
607
604
573
580
589
572
514
476
464
472
504
469
480
497
511
484
464
484
497
497
480
472
499
544
561
535
471
419
417
432
444
440
408
434
509
604
659
664
658
667
665
675
662
655
652
655
661
662
666
640
660
671
690
656
596
555
549
555
576
568
563
558
570
569
567
572
561
560
563
577
609
610
616
622
626
622
636
624
570
512
465
472
482
480
472
471
484
470
413
384
396
419
424
376
388
471
576
662
669
669
660
679
663
632
596
565
569
576
579
575
572
584
577
586
588
590
594
597
578
591
583
569
551
546
562
569
528
480
433
444
439
453
431
443
459
477
497
511
503
497
479
497
507
497
478
491
522
569
610
608
610
604
590
593
608
620
570
519
479
477
485
492
491
481
496
506
486
475
498
508
494
499
498
502
505
494
517
558
572
597
573
567
574
574
579
573
575
583
577
576
596
615
633
637
629
629
634
637
618
582
544
549
547
548
551
549
538
550
542
559
565
580
577
598
581
592
594
584
594
592
604
567
530
499
511
502
485
490
493
492
476
464
474
482
484
480
483
488
487
481
470
477
483
479
484
484
501
499
480
455
432
426
433
437
417
372
346
341
370
383
352
351
389
425
448
457
455
455
466
453
455
488
543
602
624
637
625
621
614
637
629
594
542
481
484
496
494
498
489
481
466
447
450
440
435
440
440
437
446
443
485
559
616
616
587
579
605
625
601
566
536
521
503
504
533
526
507
489
550
596
644
637
648
651
650
597
528
479
490
492
503
492
490
473
429
405
401
426
425
409
406
456
537
571
563
550
570
570
558
562
565
565
579
573
579
574
584
580
574
575
582
588
562
526
500
500
502
514
508
515
515
530
544
552
558
560
550
549
549
539
559
573
605
612
612
611
610
612
606
593
556
543
535
548
566
552
537
553
564
581
594
576
587
596
592
569
523
489
491
495
500
468
435
410
408
416
408
420
418
408
423
421
432
433
438
433
433
431
414
392
370
369
373
377
361
373
407
451
473
468
479
472
474
467
471
477
486
467
467
499
555
595
599
581
586
573
592
589
589
566
519
500
514
521
509
497
489
527
569
600
610
593
589
579
595
590
577
557
543
548
552
548
532
535
556
570
584
583
560
542
558
561
577
540
453
413
456
548
605
598
555
561
595
636
643
655
645
640
631
605
607
601
592
593
590
595
578
554
529
521
534
531
519
521
528
532
524
524
519
510
529
531
529
535
509
506
493
482
477
478
495
479
459
417
401
397
403
389
399
390
389
364
367
383
380
368
372
416
519
594
597
563
565
559
594
618
627
640
638
629
617
616
612
590
581
579
576
591
581
585
566
535
523
536
550
545
528
493
477
476
473
489
491
484
479
479
485
499
492
454
479
538
630
678
691
679
675
674
689
671
627
578
529
529
530
526
515
508
518
527
521
524
531
531
522
523
547
589
618
616
597
589
607
612
592
581
605
604
610
585
552
530
520
528
527
505
480
462
448
463
458
463
441
405
393
415
421
412
409
403
409
412
412
405
419
412
408
403
417
406
390
400
461
559
633
636
610
602
620
622
615
621
609
620
596
605
618
602
600
581
617
613
577
493
465
455
468
430
404
396
416
417
384
396
441
485
511
505
498
491
506
500
507
509
495
510
507
508
518
550
586
589
591
567
583
594
576
540
523
534
537
524
525
548
561
581
567
553
550
550
547
526
522
519
535
527
521
514
517
538
545
558
586
589
576
565
573
580
570
527
464
425
417
429
436
432
430
445
460
416
417
485
590
640
640
612
611
637
650
621
535
510
501
517
512
492
493
504
534
570
605
618
608
584
529
487
514
520
523
517
507
515
495
479
453
472
464
474
451
449
461
474
470
452
444
427
427
439
433
431
401
387
388
393
386
382
399
386
380
381
417
427
455
449
488
555
590
597
583
576
586
584
593
583
563
552
548
548
551
540
531
502
508
511
511
502
515
532
548
570
542
540
550
566
559
544
504
504
498
512
512
509
504
512
512
496
508
512
495
501
509
535
596
608
606
612
616
584
540
507
508
515
538
519
529
526
533
523
528
541
545
540
516
515
534
543
534
523
508
527
543
524
518
525
538
519
512
535
544
534
515
519
541
528
500
513
556
543
386
162
