641
644
572
565
592
623
613
567
532
523
513
510
532
518
505
490
508
503
503
522
591
613
620
608
613
615
606
615
627
637
593
536
499
489
493
500
524
573
624
632
608
592
625
635
631
600
566
551
548
545
547
547
548
542
555
553
550
536
548
589
613
577
497
455
478
480
470
458
460
478
479
467
454
471
462
430
449
510
610
668
644
633
632
626
647
655
646
599
513
464
475
503
510
475
472
523
619
663
662
652
651
624
570
522
527
545
542
522
534
571
580
597
577
583
603
605
604
579
558
519
507
511
553
566
604
605
594
587
568
549
554
559
565
556
557
551
550
528
513
531
541
578
586
605
587
585
594
578
588
594
614
639
634
621
618
634
635
589
534
482
495
504
507
489
488
493
515
496
492
499
504
518
520
513
507
522
518
524
545
557
559
572
572
565
553
573
583
572
550
479
444
447
461
471
462
453
476
511
540
590
594
597
593
568
555
555
534
541
541
535
525
543
570
552
555
563
559
541
502
471
472
498
500
476
479
543
629
681
700
679
657
680
689
661
625
578
569
584
585
573
590
608
632
632
628
639
662
639
598
509
469
470
479
486
485
476
493
501
485
467
459
453
460
461
448
421
445
508
632
715
711
697
669
694
712
692
679
670
695
709
705
672
628
594
579
592
594
593
604
594
599
583
553
509
486
478
493
493
487
468
431
425
403
422
409
411
406
416
445
449
442
437
438
459
448
441
440
451
468
468
462
442
441
429
430
424
433
439
427
434
427
432
435
431
438
438
431
425
427
424
423
418
426
440
446
431
433
441
436
416
406
423
470
559
616
642
625
596
603
634
618
572
492
441
452
461
468
456
459
447
446
446
496
573
613
602
585
594
603
597
599
592
591
601
598
605
603
591
588
606
601
558
463
423
461
540
575
571
566
569
583
581
567
574
587
595
578
570
565
550
534
531
539
534
541
559
572
565
577
560
551
562
567
557
555
551
568
575
582
558
523
513
520
526
526
516
516
526
523
519
514
516
521
514
518
525
518
522
504
519
537
527
515
513
517
530
519
504
512
521
508
522
538
561
568
565
556
573
582
537
455
426
428
448
445
437
433
460
483
506
499
502
520
576
622
623
569
501
467
477
484
476
483
469
478
483
493
489
499
531
534
530
518
521
523
525
519
525
526
509
537
518
502
541
587
633
622
602
614
619
621
616
607
612
631
619
568
508
471
466
486
487
489
479
474
475
466
439
446
463
458
428
442
527
647
718
718
679
693
693
662
601
569
554
577
574
583
593
634
650
640
598
561
538
516
522
533
525
507
452
426
424
437
434
412
404
457
530
575
582
556
570
562
571
539
536
544
543
540
548
531
522
538
549
560
557
550
544
552
572
576
550
503
462
483
488
484
466
452
461
487
470
464
464
541
634
704
697
676
673
688
680
671
677
687
682
682
673
679
644
598
548
552
576
574
570
566
569
563
554
564
561
564
563
557
595
613
632
593
563
557
556
557
566
548
558
566
577
580
580
590
595
588
565
514
477
474
481
491
489
487
491
518
500
488
491
505
538
567
574
571
563
559
560
553
565
556
556
567
567
558
559
573
561
582
554
536
532
526
520
538
534
551
555
576
562
548
547
571
567
556
532
507
510
514
505
525
540
554
570
555
550
572
553
551
537
528
527
523
526
528
571
593
597
594
587
592
590
592
583
570
572
565
568
567
577
582
578
604
641
648
626
625
645
644
593
537
508
505
498
521
517
519
498
454
418
421
445
432
439
431
434
437
440
473
492
483
479
492
542
570
587
556
559
569
570
526
443
437
417
430
435
456
445
458
462
465
479
456
446
518
602
656
651
637
635
662
652
647
650
653
614
527
471
472
481
473
467
469
485
495
465
466
483
486
460
449
466
469
438
424
510
634
712
667
601
580
601
600
588
602
596
559
471
430
436
453
450
433
460
444
416
395
399
426
424
390
389
472
586
665
688
658
661
663
630
580
540
549
551
559
560
557
566
559
550
565
592
622
633
597
614
632
624
575
531
506
498
498
510
514
513
535
517
514
534
577
615
609
610
594
606
612
613
608
615
610
622
616
627
622
632
615
614
604
606
618
609
594
565
530
535
535
550
534
541
537
538
537
561
567
578
579
563
571
549
497
467
452
483
470
473
461
459
463
463
480
478
471
474
474
483
474
486
508
565
591
586
552
540
564
572
560
550
557
550
569
535
541
543
545
535
541
546
537
536
539
545
566
560
551
531
495
495
531
585
604
607
607
603
597
563
513
505
536
543
525
529
529
532
530
503
522
538
541
522
524
530
525
524
528
528
535
527
516
531
544
527
516
529
548
531
499
517
574
553
386
152
