636
656
593
583
595
607
577
569
602
610
608
598
572
548
510
516
526
534
522
508
540
607
660
653
591
524
485
479
494
492
484
447
412
418
434
418
396
426
492
582
635
640
623
617
627
643
618
588
546
529
531
543
544
535
513
494
482
483
493
496
468
423
393
397
416
411
401
397
428
442
476
473
477
470
463
469
494
540
569
583
576
574
569
574
586
605
616
613
607
615
606
621
623
619
636
626
620
580
522
495
497
532
526
476
497
564
646
725
712
691
704
706
701
657
608
577
586
612
600
563
511
481
478
479
483
502
509
518
503
505
509
513
499
498
529
580
620
604
592
614
615
576
496
465
474
465
492
492
476
469
412
368
355
357
354
372
352
352
349
361
357
379
368
363
383
394
395
368
366
437
542
600
628
600
598
595
602
590
595
607
611
598
555
531
488
481
491
498
496
499
509
513
502
503
504
483
428
395
393
410
422
407
411
410
456
469
443
449
465
457
449
451
497
550
583
591
585
579
588
602
585
574
564
553
555
559
551
548
519
522
531
512
521
521
520
513
521
512
505
514
511
511
508
506
538
561
581
586
574
570
575
578
570
577
570
570
582
583
581
574
574
576
575
584
571
574
576
577
579
581
587
581
553
502
482
470
488
485
503
546
613
606
532
472
421
427
433
436
430
421
398
409
385
375
377
383
389
367
346
370
434
506
555
558
545
558
564
572
576
573
565
575
558
577
615
647
632
613
620
639
654
636
615
588
586
581
583
585
590
603
567
519
483
474
497
494
474
473
484
490
484
476
498
498
479
405
380
388
393
389
378
386
405
411
399
417
443
432
386
389
485
607
676
678
661
650
652
667
674
672
640
599
558
559
562
572
565
553
558
573
539
518
497
486
505
506
494
498
502
518
520
561
563
554
542
541
577
559
533
473
456
471
480
454
468
506
521
492
461
440
443
442
444
442
437
459
445
447
444
435
420
421
447
468
488
482
480
490
501
486
474
468
497
481
493
485
482
488
488
490
530
581
619
622
600
599
608
612
598
574
544
512
513
522
521
525
520
505
468
462
456
471
470
459
458
454
449
440
428
452
452
466
469
478
471
472
467
511
574
638
647
611
617
628
623
570
472
428
429
455
462
444
448
452
430
416
391
410
443
428
390
394
482
600
695
698
689
669
687
682
678
668
643
616
571
564
592
602
588
560
561
566
573
561
575
575
566
560
589
626
657
643
634
657
659
659
652
651
666
648
609
569
541
526
494
463
455
473
469
466
466
477
477
473
467
488
491
492
490
521
545
547
548
545
557
537
534
538
582
626
658
668
658
665
660
667
661
631
600
569
562
574
581
557
545
530
515
533
531
532
525
533
550
557
556
555
569
567
548
494
456
457
463
481
430
450
503
557
597
595
590
601
569
549
506
520
521
529
520
511
518
508
509
529
573
591
592
592
584
592
592
575
574
589
585
586
585
578
600
596
582
583
575
580
576
580
588
578
590
592
634
637
645
640
643
656
647
602
567
514
519
530
538
529
532
533
522
544
508
483
477
490
489
483
472
447
425
423
430
429
430
446
479
471
486
471
476
462
471
491
521
535
542
564
543
548
533
537
546
555
554
536
534
544
560
541
541
535
554
536
527
534
546
560
528
483
460
459
459
456
450
467
475
446
456
489
560
600
602
580
583
578
578
584
576
594
598
565
551
529
525
526
546
531
537
529
536
557
572
579
572
572
579
579
574
554
551
552
538
558
541
543
552
543
538
554
558
562
594
587
587
598
586
565
522
486
494
504
516
501
493
506
507
504
500
512
505
497
471
454
451
458
461
454
452
461
452
432
438
438
433
426
434
450
481
485
495
497
506
505
484
483
513
562
584
594
570
570
575
576
578
586
596
611
618
639
614
611
632
641
633
600
526
481
456
467
493
533
570
611
632
614
605
603
621
616
625
612
624
627
616
606
628
634
592
525
470
470
488
469
429
420
422
436
406
416
476
567
620
610
598
615
618
606
614
633
631
584
514
458
470
485
471
466
486
545
591
590
573
565
580
590
589
571
550
527
529
528
537
531
530
541
542
562
566
569
554
565
562
549
544
543
528
529
535
551
579
626
615
612
607
614
606
587
584
567
564
548
552
573
570
538
479
451
447
459
468
470
494
482
465
465
503
561
586
587
574
571
591
584
538
539
544
543
547
554
537
545
524
501
495
511
528
551
558
545
529
502
504
504
506
504
498
510
545
584
597
612
620
606
606
610
602
617
595
551
535
507
531
539
542
522
531
538
528
515
518
530
522
528
522
530
525
514
510
531
523
517
523
530
542
537
505
516
544
550
507
514
575
562
402
151
