642
662
600
580
626
630
611
584
607
617
611
586
582
593
590
604
598
580
536
499
502
528
528
508
505
537
586
637
647
638
638
663
662
595
515
459
453
488
492
460
456
517
594
647
644
602
619
632
625
614
615
625
618
604
619
644
642
578
509
476
476
470
475
485
488
480
456
471
486
458
429
433
517
634
700
691
672
690
711
688
620
581
585
599
591
590
584
578
516
483
464
481
500
477
465
477
496
494
469
465
473
503
480
488
496
512
538
548
557
547
539
539
558
574
533
488
468
483
479
470
459
532
624
685
680
663
673
684
659
594
555
569
588
570
570
588
606
618
617
626
631
629
624
628
617
577
515
456
474
488
490
474
460
482
487
501
458
418
391
385
412
418
390
396
461
570
651
665
632
626
676
684
636
588
560
564
582
564
567
571
571
589
582
599
601
573
584
584
577
569
557
547
566
557
541
547
571
575
527
466
442
438
457
438
438
445
460
485
504
499
498
503
498
525
549
567
574
571
561
568
579
571
560
558
561
559
578
572
566
564
569
561
568
566
588
576
542
473
450
443
462
469
465
477
478
469
471
477
484
498
492
501
496
488
494
517
546
579
579
576
566
569
577
584
616
642
615
626
616
620
645
629
604
569
549
546
550
574
577
558
563
557
571
566
559
557
562
566
559
556
563
576
572
568
553
549
558
550
553
535
534
537
548
536
539
546
565
572
587
592
588
599
595
571
515
498
497
510
502
503
501
502
476
453
447
451
472
467
475
481
475
490
482
490
474
478
473
465
449
421
420
451
458
417
378
347
353
361
360
361
365
386
425
436
449
451
458
453
461
446
430
453
497
547
584
578
569
592
635
631
615
615
623
631
616
624
626
634
603
618
638
637
592
522
482
480
485
494
481
493
492
496
483
456
445
437
452
447
425
426
470
569
616
609
589
573
587
595
557
535
505
515
534
623
664
655
627
625
645
660
608
523
477
487
496
493
488
489
469
435
401
413
442
431
386
387
453
527
567
572
550
565
559
560
574
559
561
555
557
564
570
589
590
587
583
571
578
581
593
564
526
494
499
500
510
503
517
534
562
562
548
550
546
558
552
545
553
552
558
532
552
569
592
610
616
606
600
602
576
547
551
552
574
612
603
582
586
596
611
568
513
479
482
499
462
439
405
408
422
420
413
421
408
418
418
429
435
434
428
431
416
426
434
428
428
430
436
434
423
420
390
383
378
398
384
378
377
408
453
460
475
476
474
465
471
510
558
593
593
585
589
590
587
580
580
593
592
564
523
486
491
514
517
508
508
527
581
621
606
598
590
595
611
605
587
582
574
575
582
601
588
591
589
586
564
538
541
548
545
545
559
555
557
564
566
563
560
561
556
578
574
523
465
419
408
420
432
435
427
421
434
447
436
413
427
463
526
577
575
569
570
570
575
584
579
576
573
567
573
572
592
585
587
559
564
563
560
569
579
573
576
562
576
583
585
619
657
661
650
629
604
597
588
585
578
586
584
585
561
536
521
500
522
529
534
522
489
473
475
492
492
456
422
391
387
391
392
401
403
409
407
394
399
399
392
374
372
385
389
387
383
439
512
583
595
571
556
567
571
575
619
638
643
640
628
615
622
630
610
608
601
582
567
581
584
584
576
565
554
540
532
546
552
536
523
542
546
539
501
471
480
470
481
466
462
496
495
482
471
530
632
695
694
671
678
696
684
629
539
519
515
533
535
506
527
542
576
602
604
614
601
599
617
610
611
596
581
587
596
607
600
596
580
559
526
529
534
533
521
503
478
465
448
435
412
402
408
406
416
400
402
421
404
407
412
425
419
391
392
470
557
630
629
612
612
625
626
628
617
621
601
577
580
566
577
578
580
585
584
584
595
591
550
490
443
439
451
456
447
445
473
479
485
476
494
478
488
477
472
477
496
514
545
577
569
566
558
579
579
572
573
573
579
570
567
572
572
559
547
523
536
549
539
526
538
561
570
557
534
519
517
519
507
510
513
544
572
583
582
582
570
532
475
425
406
431
438
432
420
440
443
428
412
425
506
591
648
655
629
626
624
638
633
626
590
550
501
488
506
498
537
564
617
622
602
594
614
611
582
518
503
499
535
522
522
509
512
517
496
476
459
464
454
452
448
461
468
461
442
420
438
440
434
418
399
392
394
390
395
396
400
391
396
410
446
463
455
450
478
553
594
584
571
581
582
579
569
549
544
545
548
537
523
500
505
503
514
508
499
499
504
527
542
561
548
549
546
551
549
538
510
496
509
525
520
485
493
524
586
623
616
623
618
609
615
592
556
532
518
535
527
534
519
532
535
531
513
525
525
536
532
516
528
543
527
511
531
536
541
511
520
532
527
502
509
552
556
392
143
