637
648
610
582
620
634
616
590
613
627
613
595
588
606
605
604
613
576
530
507
505
522
526
509
502
501
545
608
644
656
624
618
626
640
629
635
647
659
591
523
468
472
470
482
502
557
623
647
627
612
635
638
629
611
631
629
625
594
603
617
617
605
613
635
621
567
512
469
472
493
492
494
498
505
507
499
506
515
516
507
524
527
523
522
518
547
564
563
570
566
569
555
565
573
582
574
528
490
454
431
454
484
568
613
651
620
584
537
489
508
514
514
480
428
414
415
425
413
406
417
424
437
431
435
411
411
392
419
453
479
459
465
450
470
465
453
444
496
558
590
580
576
568
583
601
577
561
595
629
664
660
600
565
522
521
534
529
531
509
483
466
458
470
461
451
459
463
486
478
478
526
572
609
609
602
598
603
619
599
599
607
584
547
537
508
510
499
499
495
492
492
497
512
547
563
572
569
574
584
557
564
577
606
610
597
594
577
591
603
599
563
491
443
434
447
469
434
431
442
459
436
391
402
495
621
702
710
684
672
681
687
673
682
672
635
586
587
615
628
598
534
497
504
521
526
507
505
511
513
517
523
524
516
495
470
458
449
468
467
458
464
471
485
516
538
569
573
559
556
557
578
565
533
499
479
484
471
483
480
474
477
473
497
513
580
624
646
648
646
658
653
665
658
631
591
570
558
554
538
518
507
518
538
525
520
504
518
563
633
685
700
666
659
671
674
693
649
609
574
579
589
578
587
582
583
595
594
582
584
597
588
594
596
593
593
582
580
568
550
565
564
575
560
533
471
441
426
431
452
447
453
439
466
462
460
442
410
421
420
424
415
414
459
536
602
594
568
564
596
611
569
519
495
492
490
489
483
495
492
455
432
436
436
449
441
439
466
466
462
465
467
471
463
455
440
422
425
407
414
414
425
427
422
411
418
421
413
414
429
425
427
433
425
413
415
423
426
433
419
411
413
425
427
423
423
426
423
422
433
433
426
408
421
443
465
476
473
463
454
459
479
473
450
457
488
537
572
588
576
579
583
582
570
571
575
567
545
560
573
565
557
550
567
622
626
595
554
496
489
538
598
648
631
625
625
642
630
579
525
484
477
486
500
502
464
407
350
341
354
379
365
362
365
366
383
418
450
468
472
452
452
459
448
442
450
474
466
453
453
481
552
593
612
585
591
604
601
609
582
555
553
540
545
533
520
501
518
509
518
516
510
506
510
511
504
538
590
623
623
597
605
612
623
611
597
570
553
542
556
559
557
539
529
527
527
521
519
537
542
545
546
549
542
521
530
560
628
667
687
662
652
657
664
629
598
558
553
562
565
574
568
556
520
501
482
484
495
532
569
610
606
607
609
594
593
585
573
553
536
533
530
541
536
542
548
543
537
547
549
541
529
538
547
561
541
533
538
543
539
542
533
559
603
612
616
602
606
607
616
619
583
565
560
574
581
541
485
452
444
446
453
464
455
447
467
460
447
429
445
436
448
433
432
482
563
630
624
605
598
617
607
566
490
476
460
461
462
477
475
470
467
469
469
454
460
515
597
656
658
632
641
647
633
637
636
658
643
632
626
634
643
622
637
660
650
594
519
477
468
473
490
468
457
460
511
611
663
667
658
629
648
656
648
658
659
631
599
562
571
590
597
568
550
547
539
537
530
548
536
540
551
557
558
560
539
547
559
556
527
503
503
489
489
502
519
514
501
485
499
530
577
615
621
600
592
596
602
596
558
511
491
477
495
500
486
484
484
481
488
470
468
474
471
484
470
451
458
500
552
579
591
575
569
568
556
531
535
529
529
526
531
528
543
529
537
536
541
535
537
535
530
530
538
528
538
532
534
531
535
534
537
544
533
543
527
545
533
538
533
536
549
586
627
631
617
595
619
619
626
598
549
505
510
536
535
525
513
546
580
599
598
587
585
588
585
577
555
563
544
559
563
559
563
557
555
563
561
570
559
553
570
593
603
612
592
605
597
596
583
579
611
603
579
535
492
487
503
519
505
504
498
505
498
488
472
475
491
493
461
423
403
422
430
422
423
424
432
438
430
424
422
439
434
421
414
425
429
436
431
422
429
431
442
451
442
449
459
447
433
458
479
501
503
498
525
610
650
655
644
658
663
658
590
553
552
580
580
549
528
540
541
502
507
564
639
673
656
649
669
669
634
571
548
548
570
563
551
555
562
541
516
492
494
505
509
498
499
492
530
592
620
620
614
620
622
614
576
570
581
582
595
578
594
595
570
526
505
502
515
507
504
480
456
445
427
440
450
443
433
407
387
383
402
401
391
399
415
447
460
458
462
461
447
463
501
548
578
589
580
583
591
572
560
541
551
559
553
562
553
533
527
490
497
507
504
486
505
512
530
554
552
551
541
553
574
554
534
520
497
506
495
509
542
574
604
615
609
602
611
626
617
588
542
525
522
524
533
525
530
525
532
532
518
514
532
533
531
537
523
519
523
531
537
538
528
529
538
535
504
524
539
532
529
521
537
542
533
529
536
537
525
495
513
551
528
496
516
562
544
388
153
