652
671
592
587
630
641
602
584
585
599
577
588
587
603
579
534
505
515
508
513
555
611
639
640
644
643
594
519
457
460
489
494
449
450
504
577
625
622
622
618
622
623
617
613
625
640
631
617
617
624
618
613
616
621
628
625
594
530
475
466
480
493
465
416
435
513
616
684
690
699
683
657
621
592
591
561
504
469
468
487
491
484
471
496
511
503
502
500
509
498
491
522
547
565
546
543
552
555
562
528
497
482
463
472
523
623
674
676
665
669
674
692
666
661
680
699
695
661
604
564
567
568
579
577
572
566
589
567
568
554
583
616
627
631
616
617
611
627
618
589
525
480
463
488
503
478
442
421
405
397
376
391
492
602
668
677
640
633
641
668
652
631
591
578
560
571
571
567
578
589
590
596
576
586
589
595
593
582
568
553
546
545
555
560
557
550
551
571
550
505
461
425
422
443
443
437
446
454
504
508
515
510
547
573
614
621
597
593
610
616
578
511
477
474
483
492
482
475
479
497
491
484
495
501
493
478
478
489
497
492
513
511
503
489
502
525
562
590
585
555
581
607
618
614
613
619
621
603
574
563
546
571
574
568
565
555
547
541
558
582
607
596
581
599
602
579
527
488
482
511
510
503
511
489
479
459
455
466
464
447
444
446
449
439
420
443
440
444
428
432
464
492
500
519
516
509
497
510
542
575
601
605
610
614
575
504
462
456
481
474
462
472
473
451
391
354
353
364
371
360
351
355
391
429
472
469
467
453
480
468
465
480
494
568
609
605
561
520
484
472
471
482
476
484
458
460
442
431
431
473
552
597
610
603
597
584
583
600
583
582
588
598
594
606
623
613
603
612
592
588
598
582
571
538
508
503
524
511
515
514
542
580
632
673
643
594
519
482
480
489
492
502
493
483
497
481
488
486
497
489
488
483
505
494
487
469
464
444
416
406
412
429
420
408
416
457
512
567
567
561
559
562
567
572
552
563
555
551
556
583
584
599
588
565
522
502
506
542
558
555
557
542
539
551
555
597
613
592
586
592
608
605
591
585
605
617
591
563
549
557
549
553
561
550
539
565
581
607
600
599
591
580
570
520
494
476
503
503
501
479
443
414
407
413
428
429
422
418
425
432
416
404
410
423
413
412
418
430
423
404
401
409
419
407
409
408
427
418
386
370
395
389
371
373
392
395
381
368
404
448
490
463
457
514
562
586
584
591
592
564
522
509
505
511
510
511
539
579
600
602
595
583
594
590
585
593
583
588
585
590
572
555
532
566
560
566
555
550
589
579
539
478
441
419
415
426
448
433
415
425
491
541
574
577
573
572
584
563
572
592
616
659
658
622
592
593
598
583
573
547
518
524
538
539
527
508
489
489
483
476
476
485
472
473
479
491
458
422
401
405
414
414
406
388
396
407
417
405
416
411
407
388
404
415
411
382
367
430
518
575
582
573
578
621
634
635
617
631
629
617
633
628
624
635
633
612
602
580
572
592
585
580
572
572
565
535
527
538
543
546
511
493
487
483
455
468
539
631
686
682
660
649
680
686
677
644
558
509
501
520
531
512
506
545
573
608
603
601
590
591
595
615
615
596
543
524
523
538
520
487
451
455
468
459
458
464
462
438
420
406
393
415
412
420
405
413
406
412
399
386
408
413
415
398
393
460
559
621
631
607
592
599
606
613
615
608
563
518
479
481
482
485
490
482
451
429
390
384
394
438
489
521
569
593
593
565
566
552
536
538
539
537
549
534
533
543
546
558
562
564
578
556
545
530
513
510
513
523
531
531
533
559
588
587
562
565
583
603
542
471
411
428
436
443
425
415
437
441
427
435
447
446
409
433
500
578
632
638
617
631
604
553
486
472
516
510
502
490
534
589
605
595
578
582
598
596
591
542
518
505
515
528
531
513
485
465
472
467
471
456
451
453
448
428
432
429
428
433
421
432
397
374
374
392
413
387
391
415
442
468
468
498
541
592
603
588
590
591
594
592
585
581
586
587
579
571
562
539
534
554
558
549
531
519
507
502
500
517
532
552
551
554
545
552
560
560
552
530
511
492
511
512
524
481
489
538
589
602
601
614
627
599
557
513
516
534
541
531
528
538
536
533
523
523
542
523
515
537
534
528
529
518
529
524
516
526
533
524
534
528
526
523
523
516
536
540
537
523
518
521
516
508
527
540
534
516
517
525
530
510
529
557
547
514
529
571
547
383
149
