639
647
590
585
618
632
608
608
612
624
621
611
599
597
596
588
594
599
593
587
566
544
512
510
512
529
524
499
539
617
662
641
620
638
674
680
594
499
461
481
479
472
480
515
582
617
644
616
613
633
629
626
621
623
635
611
604
625
624
636
616
613
627
635
627
606
622
634
630
593
544
513
520
521
524
522
519
505
470
454
443
441
457
457
446
443
412
396
406
399
426
427
413
383
394
480
608
678
686
656
651
668
675
670
669
680
680
632
576
535
534
563
567
549
534
542
563
602
602
617
624
635
586
519
469
467
495
465
411
345
363
386
362
349
356
402
450
469
452
465
496
534
574
568
574
549
564
564
564
572
556
581
564
568
557
566
575
568
545
565
591
571
527
487
452
449
446
461
457
454
432
436
501
567
612
614
587
595
605
624
612
615
616
611
621
622
617
609
618
618
629
591
554
524
524
538
540
523
524
534
533
532
520
522
537
538
528
526
507
472
449
451
464
481
461
459
467
461
474
468
471
473
466
484
473
464
465
460
470
476
477
459
468
462
471
467
469
465
466
459
459
466
464
460
457
464
485
475
469
449
450
438
449
438
444
455
455
453
449
443
451
448
468
466
446
444
451
449
454
444
468
483
491
499
493
504
498
501
502
513
543
576
567
556
561
546
562
563
558
532
487
445
427
440
435
422
429
448
501
554
594
600
597
596
600
609
601
597
584
598
624
613
575
518
475
459
492
486
467
440
416
412
429
430
416
416
464
544
601
601
584
590
592
569
511
476
498
508
474
463
528
642
717
707
674
670
704
712
641
588
553
562
555
565
585
586
573
572
573
576
547
487
434
451
476
465
449
447
467
471
472
468
477
473
458
457
493
525
551
558
558
550
562
547
547
544
556
572
594
611
610
603
614
605
573
528
501
499
511
492
502
490
488
477
470
460
474
482
466
451
465
461
443
440
431
425
439
425
439
445
437
422
424
432
424
432
422
431
435
426
427
425
443
425
430
424
439
435
412
427
487
558
625
599
562
508
496
482
484
482
459
456
488
522
536
542
539
531
529
537
571
637
666
667
633
579
555
551
564
566
568
574
558
541
545
504
507
512
515
509
512
509
501
501
501
516
518
573
608
636
615
604
595
620
610
581
606
616
616
583
522
497
514
517
506
514
506
499
494
502
508
519
507
502
506
505
493
503
549
598
627
598
596
599
610
588
531
497
504
498
514
515
507
485
457
432
447
447
433
390
356
348
363
359
377
367
360
355
347
351
369
369
361
356
353
355
356
358
361
370
361
361
354
369
371
372
359
356
359
353
356
341
357
413
508
574
584
563
559
573
608
624
627
634
629
602
585
556
565
567
562
532
464
419
425
457
466
443
398
392
414
405
406
386
462
536
612
616
585
586
608
600
557
483
462
471
480
460
459
501
611
679
673
651
664
671
644
594
558
571
580
585
575
590
585
567
531
494
500
511
515
504
487
464
460
449
444
470
464
455
428
418
404
412
399
417
408
416
418
407
399
371
371
373
380
386
389
384
374
380
375
393
389
380
381
386
418
452
484
537
572
607
615
600
583
576
562
562
563
549
573
580
575
569
567
573
565
556
550
593
621
654
649
639
627
628
644
661
655
610
549
523
531
543
521
465
452
450
456
453
452
442
457
447
442
428
431
423
427
430
431
424
419
485
571
617
621
591
568
595
611
597
582
529
505
495
497
508
494
510
546
601
633
631
614
605
612
619
585
555
509
496
505
512
477
425
400
395
405
406
406
432
475
501
507
503
495
511
524
523
550
604
604
549
477
439
443
463
456
445
453
436
437
439
444
467
452
427
399
384
366
352
365
442
502
558
580
571
561
547
560
567
576
588
584
609
595
541
459
431
459
557
591
597
575
559
580
589
588
579
569
581
579
575
554
535
516
509
521
532
518
513
550
608
630
627
628
628
603
560
512
524
529
547
531
492
449
409
392
416
402
409
406
406
428
426
415
417
420
412
419
401
407
409
392
368
377
447
582
666
663
647
629
662
664
638
594
578
575
571
582
592
599
558
510
481
489
503
509
506
499
511
501
493
477
498
498
463
417
389
385
405
417
423
413
401
402
401
397
381
399
375
390
393
399
404
379
390
383
389
381
379
388
398
384
394
385
406
372
355
370
456
576
643
661
631
620
631
632
641
635
632
640
637
646
625
610
571
546
542
549
567
566
540
528
501
500
506
517
505
502
501
523
551
574
581
581
554
563
582
579
549
491
455
452
463
474
471
462
469
476
474
484
491
486
481
474
499
487
472
486
490
496
470
479
510
540
570
576
581
569
537
498
461
449
486
475
466
460
464
468
464
457
475
467
463
444
462
474
470
469
458
457
459
465
469
479
483
475
481
486
480
485
522
538
548
539
539
532
539
526
513
515
526
513
509
524
588
625
617
606
612
622
616
589
549
516
528
536
525
526
513
515
529
523
527
528
533
534
532
517
522
523
522
513
528
520
524
528
542
537
531
513
525
548
546
522
528
532
537
527
515
524
535
535
524
525
536
521
500
507
567
549
387
151
