640
671
590
578
621
642
607
565
582
612
614
563
538
511
508
503
507
526
512
504
501
522
555
598
625
647
639
631
637
658
653
586
504
462
466
484
478
462
449
508
574
615
630
620
631
637
635
630
617
593
554
534
527
541
524
491
483
506
508
492
479
494
499
481
453
438
455
450
454
445
447
449
422
386
370
365
361
367
362
376
376
369
370
376
376
364
371
372
379
373
368
375
365
380
370
377
381
373
373
359
370
381
360
372
369
379
351
358
405
488
544
556
550
539
539
544
550
558
569
569
566
572
570
578
576
576
576
566
573
592
585
575
588
602
594
549
512
468
482
489
488
483
477
496
477
464
480
468
467
499
521
557
557
523
492
492
495
489
485
506
535
551
547
539
555
559
549
541
558
583
607
589
600
587
600
593
574
539
510
499
509
509
505
507
508
515
521
502
523
553
577
589
579
592
584
585
588
588
580
581
583
582
586
578
580
588
584
582
567
570
574
581
575
559
566
584
581
568
566
591
582
558
528
494
491
477
511
528
506
476
438
407
422
423
430
426
417
398
372
376
415
458
466
450
445
452
461
453
443
437
479
547
580
597
591
588
557
519
493
493
508
511
485
499
505
550
544
539
545
544
554
561
550
559
550
547
556
550
538
544
553
557
546
532
558
606
620
631
611
612
622
601
582
547
540
542
551
548
529
511
513
506
496
510
518
513
510
513
509
525
546
578
584
566
562
572
583
569
521
470
437
434
440
438
428
418
432
448
454
475
474
469
457
459
491
520
541
536
536
546
534
534
564
609
670
696
670
653
671
683
661
627
601
587
561
574
576
585
587
563
519
484
495
479
494
484
489
466
440
404
400
410
417
420
412
430
461
449
435
426
431
441
426
433
415
413
402
386
403
409
420
408
398
401
407
379
363
389
400
401
368
373
458
568
639
657
643
636
636
610
568
562
577
590
584
567
572
590
574
570
575
579
587
580
580
584
583
575
585
569
542
533
532
527
527
530
538
524
489
430
420
444
455
418
420
505
596
682
688
676
653
680
668
665
679
683
669
659
655
682
677
646
572
545
544
566
563
562
558
574
568
544
477
433
428
438
433
435
447
483
486
479
457
455
466
481
505
518
524
510
513
514
508
501
539
574
618
626
596
602
610
613
577
514
470
480
487
488
476
484
483
471
453
449
431
405
425
478
562
613
626
581
581
616
617
558
504
481
473
491
479
480
478
475
464
452
457
470
465
463
460
476
482
466
464
465
459
464
460
463
456
448
451
476
469
445
453
492
548
571
588
566
579
586
594
598
579
574
566
556
556
547
554
555
560
562
539
510
492
496
502
510
514
497
512
508
498
489
487
498
527
537
536
529
532
528
553
546
549
549
552
554
548
557
556
539
550
537
559
616
636
639
627
616
620
632
643
626
583
531
513
494
498
504
537
583
601
614
612
594
599
612
608
608
613
615
610
610
616
609
613
623
617
585
563
525
500
519
532
528
530
529
515
472
455
449
484
499
475
469
490
502
515
521
508
513
526
537
536
542
540
534
537
541
548
528
531
545
538
542
543
559
595
632
638
623
627
630
627
605
594
580
563
533
510
516
516
531
527
519
529
499
421
386
371
403
403
399
387
443
492
538
564
546
558
561
558
557
564
550
552
575
580
541
461
415
420
448
439
418
485
539
592
599
570
581
593
593
573
568
584
596
585
581
588
591
569
517
501
522
532
493
465
449
442
446
447
453
466
460
450
468
458
457
444
438
441
436
427
417
414
401
397
409
405
395
372
371
400
430
441
440
447
448
415
423
509
618
708
705
683
674
673
685
678
684
692
675
681
688
688
690
686
688
686
709
658
596
566
555
572
562
549
555
561
597
618
616
561
522
475
475
499
497
506
479
467
436
406
390
428
422
414
374
360
374
387
370
346
356
451
542
592
603
582
568
579
584
570
579
597
597
604
581
565
546
538
526
528
529
553
567
578
581
571
576
572
607
610
610
611
623
619
621
629
622
627
632
619
620
625
625
627
626
629
646
625
582
532
529
516
492
463
421
413
427
445
431
410
415
435
452
466
458
459
492
555
586
590
588
566
566
574
589
579
594
580
580
573
581
584
584
584
589
595
589
584
576
564
578
576
586
582
581
588
581
579
575
584
578
584
577
554
553
543
532
508
496
509
506
502
508
516
540
557
551
539
543
551
557
558
531
507
505
491
497
500
540
583
614
608
608
599
594
556
521
516
532
545
542
527
536
529
524
519
530
539
525
527
525
537
539
518
509
530
529
520
515
519
530
521
506
529
548
529
509
521
573
563
393
147
