651
673
593
583
620
611
559
515
510
523
516
529
519
523
516
555
615
646
625
607
651
643
594
488
460
461
472
476
499
582
633
646
616
614
627
631
617
617
621
627
609
600
619
624
633
619
606
585
578
537
499
493
479
485
489
486
471
471
485
493
504
484
482
492
485
487
486
484
490
490
482
487
469
492
498
487
486
483
491
489
465
418
397
396
405
405
389
391
409
409
392
392
413
463
483
489
473
457
456
495
533
576
576
569
576
572
584
593
597
621
617
623
597
620
643
596
525
492
499
516
501
501
553
652
710
714
705
684
704
696
688
672
676
690
707
697
655
618
591
584
605
612
605
608
601
616
609
599
597
592
600
611
601
577
512
485
492
495
482
468
484
506
529
494
500
511
513
491
507
539
591
612
601
598
596
611
576
532
499
500
499
506
499
492
482
454
415
408
431
443
439
430
428
431
438
436
417
377
366
359
332
349
357
341
336
353
403
433
392
385
464
606
701
692
661
664
667
659
608
583
595
613
623
613
622
623
601
520
497
501
525
509
518
517
488
437
381
381
408
418
402
396
423
462
463
462
463
445
458
446
452
501
562
592
602
590
580
597
589
575
591
597
581
563
551
548
553
549
537
522
533
519
509
519
522
523
513
511
504
519
511
508
509
511
495
500
520
511
500
504
524
566
578
593
581
580
578
580
592
612
587
561
509
476
479
495
508
496
481
487
499
480
453
397
360
354
362
379
371
350
350
379
382
368
365
370
388
384
391
386
364
369
427
504
574
577
568
559
567
567
555
570
558
560
560
561
550
560
558
581
604
653
641
633
616
633
639
639
637
640
637
624
612
601
593
587
580
576
588
593
596
572
539
493
472
505
516
469
401
387
385
412
378
374
401
430
430
416
398
477
595
667
681
664
654
688
691
637
577
547
552
558
565
563
567
570
556
527
485
479
510
502
493
493
525
544
568
561
553
526
483
445
440
463
469
457
461
495
561
595
604
609
573
548
451
417
430
460
481
494
491
491
485
486
517
574
621
618
600
579
597
618
598
570
538
514
509
520
521
516
503
528
527
523
501
473
452
452
464
459
463
469
450
446
456
448
463
453
445
435
421
441
443
440
444
438
461
463
469
469
475
470
449
469
525
588
638
636
614
614
657
644
559
489
433
416
412
419
404
401
414
426
419
395
410
487
608
698
707
640
643
675
690
652
604
580
576
597
579
594
594
588
591
574
596
592
575
571
571
584
575
556
563
579
562
550
560
584
630
644
650
657
648
655
658
660
651
614
553
517
525
540
548
532
521
538
515
484
451
446
464
463
467
478
488
472
466
512
537
535
541
567
613
653
662
657
665
662
655
641
660
670
649
593
548
564
574
575
550
550
563
560
552
539
541
550
533
529
534
536
532
532
546
565
551
554
560
563
525
487
451
454
464
472
460
464
497
550
589
595
590
583
592
591
558
533
522
512
519
528
518
516
526
524
535
565
583
595
582
578
585
603
616
619
619
615
625
636
625
621
586
515
486
487
499
497
491
484
504
520
515
513
517
506
506
534
596
615
615
599
603
620
617
595
555
529
538
542
534
541
554
552
527
495
456
450
456
466
467
464
462
465
457
460
457
473
460
468
459
459
494
546
584
587
571
583
588
607
586
578
579
588
567
554
540
534
541
530
538
535
545
556
578
584
573
576
582
565
559
559
536
563
558
541
547
554
576
598
593
574
581
579
588
573
514
501
494
496
509
499
495
467
462
454
467
461
467
458
460
462
444
450
443
445
437
425
421
442
448
482
502
494
489
490
489
521
553
592
600
585
571
577
598
614
635
621
619
620
639
644
607
614
634
624
614
615
646
643
602
537
483
477
476
476
475
478
478
524
576
629
640
614
611
629
625
608
606
603
604
604
603
617
630
578
515
474
476
480
467
456
449
425
393
405
484
569
599
538
466
462
476
484
504
551
582
609
592
579
572
562
533
522
534
536
540
528
533
555
571
554
534
534
538
541
536
534
539
557
577
615
614
592
606
611
615
599
604
616
600
561
545
553
589
576
537
488
453
465
461
457
449
461
464
460
447
450
468
482
468
466
472
480
473
472
478
501
544
586
600
580
578
570
578
583
593
589
580
559
543
535
538
533
549
540
543
509
495
497
509
513
496
501
517
556
552
550
552
557
565
553
536
529
494
509
531
576
616
610
586
612
620
624
580
535
527
519
515
514
529
523
542
515
535
535
522
520
520
523
523
524
526
540
543
523
516
519
521
521
529
540
549
514
513
531
553
533
500
522
573
559
398
149
