644
656
608
581
617
632
608
591
590
603
590
572
605
608
590
568
585
604
598
575
590
597
595
559
524
506
510
526
516
519
519
497
502
517
516
511
525
529
513
508
543
619
651
629
602
621
665
659
586
518
469
464
471
468
482
495
478
477
489
487
457
447
501
584
635
630
617
630
631
620
622
631
638
621
605
607
621
619
622
645
639
585
513
470
461
478
467
483
495
472
469
447
449
446
431
446
504
618
714
712
692
679
705
697
660
607
591
581
584
582
587
563
504
469
466
481
498
494
481
468
489
499
499
502
492
503
513
512
496
493
518
544
559
546
559
563
537
503
461
451
461
489
484
475
440
473
539
631
682
696
690
677
649
592
567
557
579
606
633
616
616
614
625
623
584
521
481
465
479
476
463
480
484
454
417
401
416
424
403
389
467
586
691
690
636
636
653
676
678
659
663
650
643
649
660
638
596
555
556
584
589
571
575
572
584
576
563
580
593
595
581
558
558
560
569
562
562
553
553
549
562
559
557
525
486
439
423
452
452
488
496
503
511
514
492
500
522
568
614
615
585
593
613
603
587
515
483
474
490
500
479
494
480
486
483
480
488
491
484
505
509
512
498
497
518
545
581
585
564
578
583
589
568
571
591
623
629
631
636
633
602
573
555
564
572
565
550
546
558
559
558
569
565
558
537
540
542
541
525
541
560
574
575
594
601
589
563
530
493
482
508
514
505
493
506
513
483
473
462
473
477
481
464
471
474
472
475
486
480
483
483
480
487
491
470
487
495
499
467
454
429
421
421
422
437
435
406
382
363
353
367
363
357
390
436
473
479
467
455
466
467
463
460
490
546
580
575
559
557
572
575
522
471
455
503
578
617
626
604
605
602
610
612
601
578
527
481
467
468
495
493
476
454
462
455
442
429
443
495
554
579
590
590
589
597
592
582
609
612
594
543
514
503
524
529
516
501
504
560
628
664
648
633
644
640
601
549
476
467
485
502
467
424
410
414
422
441
414
397
411
446
524
578
589
568
562
567
571
556
564
567
567
565
563
554
577
580
587
585
587
588
597
573
563
527
496
504
511
507
495
499
518
547
558
559
560
560
555
552
558
569
603
606
611
596
612
613
601
595
596
613
595
560
536
547
566
584
583
583
584
590
591
587
589
589
565
514
489
487
501
501
483
477
490
486
499
489
486
484
482
476
494
487
498
499
499
476
492
489
472
429
403
418
415
415
412
409
420
426
434
422
429
421
412
410
417
397
410
429
456
473
457
464
463
460
463
486
536
576
596
584
578
570
582
569
564
550
523
521
501
513
509
506
509
504
498
505
526
569
605
607
587
594
608
613
607
591
593
590
597
593
587
593
598
587
590
565
544
546
551
548
547
521
535
587
577
537
475
428
433
441
436
450
442
434
418
459
529
588
603
565
562
575
598
619
632
637
638
636
611
604
600
600
582
602
603
597
574
534
526
546
538
528
526
516
523
525
506
496
479
473
486
474
480
467
489
487
464
413
381
390
405
394
387
395
403
413
397
383
388
383
367
381
433
522
588
570
551
552
590
591
576
558
583
626
641
634
621
650
632
606
589
592
576
574
551
546
545
533
542
547
540
528
509
489
486
475
481
481
489
482
472
530
626
697
698
662
658
700
695
650
557
513
519
542
530
514
519
537
568
607
614
612
609
601
606
600
590
592
610
616
616
609
600
604
608
589
600
591
580
552
518
510
533
535
527
501
479
453
455
454
464
467
461
443
427
415
416
418
405
408
392
390
407
402
413
402
416
411
408
381
384
457
551
621
629
599
589
618
633
618
595
597
621
612
600
604
622
633
587
491
406
376
417
474
505
509
501
495
495
520
549
583
607
585
579
565
580
596
565
555
551
536
539
533
530
547
558
558
557
549
565
568
554
564
555
561
526
512
507
519
524
513
523
521
527
514
510
522
538
557
576
591
581
563
582
580
584
573
538
473
417
405
434
435
427
432
431
435
428
424
418
427
427
429
429
445
435
414
414
433
485
555
630
654
644
586
528
528
560
599
614
565
525
502
509
511
521
500
480
482
466
457
460
459
478
476
457
450
434
419
434
430
433
432
430
418
415
398
383
379
409
439
455
471
476
464
451
459
496
551
576
590
574
573
560
575
577
576
583
572
557
539
546
552
545
550
546
560
546
507
493
500
517
509
485
486
521
540
553
550
553
561
545
523
515
510
513
507
500
504
497
537
577
620
611
581
544
509
517
528
527
530
536
528
536
536
539
539
519
530
532
527
526
525
514
504
526
537
532
514
505
532
546
537
510
522
549
535
505
520
562
555
400
142
