651
653
597
583
628
631
620
591
600
604
591
597
582
597
593
581
578
573
541
503
488
519
533
508
482
507
560
620
644
635
621
627
634
599
512
454
461
483
503
482
457
466
520
583
632
635
621
608
609
635
621
599
612
619
630
624
620
626
624
617
619
612
618
631
617
612
626
624
615
615
632
636
595
513
456
467
484
480
473
470
456
446
454
453
454
426
420
505
617
703
708
659
614
585
587
592
602
588
566
515
488
485
479
480
477
478
490
477
478
475
477
480
486
500
503
494
525
543
561
554
544
555
560
555
544
509
476
460
474
493
478
455
457
540
629
687
678
655
675
681
678
657
656
694
699
654
586
558
570
581
576
564
568
590
616
617
609
605
604
619
623
590
526
481
468
458
428
406
387
420
423
384
390
454
578
670
664
630
634
657
652
621
590
570
573
568
580
585
575
581
584
595
597
596
586
589
578
582
596
582
583
569
552
552
558
559
556
547
550
548
553
556
554
565
551
542
540
555
563
529
489
432
438
441
438
433
441
431
440
445
436
431
440
454
452
451
438
442
449
441
440
434
446
448
434
433
429
435
449
436
434
469
491
506
502
488
510
496
496
504
544
590
606
607
598
608
597
567
515
478
478
493
483
480
484
476
494
492
485
481
509
500
498
497
524
564
573
570
585
608
632
638
622
618
627
622
597
568
549
562
550
552
552
551
550
543
543
539
568
575
590
595
590
584
588
610
590
568
505
481
487
517
501
496
506
508
503
482
458
460
470
474
478
478
484
482
482
484
476
480
483
481
470
477
480
495
487
489
480
504
487
467
433
428
428
435
403
373
354
358
374
390
369
359
373
363
348
346
343
364
370
361
346
328
375
423
462
458
456
454
441
457
478
549
585
603
574
566
576
585
581
576
594
618
631
625
628
623
616
621
636
640
594
536
487
485
501
497
485
481
497
506
471
437
442
450
443
434
439
458
449
436
428
492
574
608
588
567
534
533
522
515
506
523
524
504
511
565
620
658
640
631
616
634
661
652
599
526
491
491
497
501
492
489
489
493
453
409
398
415
429
432
406
404
461
523
571
580
561
554
570
571
572
559
563
559
559
563
582
581
575
558
574
576
583
572
590
596
582
575
578
580
586
565
524
503
501
506
510
507
484
512
510
528
551
568
561
551
535
539
547
559
589
614
614
600
591
598
599
604
597
565
552
550
533
544
553
562
572
600
606
566
524
491
505
490
484
476
495
480
470
441
403
412
415
424
416
405
422
432
431
438
437
421
417
428
429
425
439
430
427
420
431
438
439
428
428
433
435
440
433
413
425
432
429
427
430
427
440
425
440
430
423
419
435
443
434
416
398
380
403
446
472
484
480
462
470
497
562
603
603
592
576
571
590
575
584
566
535
491
500
515
510
502
494
534
583
603
597
596
603
606
601
596
592
588
586
582
577
584
583
566
553
532
541
551
547
537
546
552
579
571
561
564
577
587
523
448
446
424
426
421
469
554
582
569
570
593
625
647
638
635
640
643
641
629
614
592
559
539
536
524
516
491
517
530
520
493
475
470
484
479
465
479
499
463
428
395
392
400
401
397
397
401
379
379
381
371
378
441
526
584
605
559
561
574
576
569
573
572
586
574
572
576
582
571
568
587
627
650
640
636
621
603
576
572
592
606
588
555
540
543
538
533
529
538
550
517
492
480
484
478
471
496
485
474
471
528
626
701
710
682
675
684
696
641
559
513
517
529
535
509
527
559
575
604
610
613
611
605
597
611
611
583
596
602
606
565
541
530
520
534
530
531
529
518
483
462
450
455
457
453
447
456
459
461
455
459
445
449
463
456
463
431
423
411
409
397
402
407
404
404
410
412
409
381
404
461
557
631
626
607
599
616
625
604
608
601
610
610
608
577
513
491
475
476
486
477
467
483
479
442
423
389
409
407
407
404
395
407
401
405
415
421
398
395
423
477
513
522
491
488
525
553
582
588
579
591
590
578
578
584
579
586
586
565
582
588
573
548
538
538
529
532
547
531
537
547
551
571
564
562
570
557
561
551
556
565
569
559
564
561
557
548
533
510
508
521
533
526
504
520
566
592
586
567
573
587
566
534
468
431
407
428
438
436
425
419
440
460
453
433
431
434
437
423
443
495
576
626
628
623
650
652
605
525
487
485
497
495
528
604
666
684
651
623
603
579
578
581
592
566
517
488
498
511
509
488
502
523
518
497
497
510
506
490
466
462
454
446
464
449
452
455
443
439
443
439
439
437
440
451
431
409
412
406
406
415
422
411
394
379
353
354
370
347
331
339
381
446
478
469
449
456
462
463
490
538
578
591
566
552
570
577
554
517
496
500
510
539
555
563
543
530
548
562
542
525
493
500
511
498
485
498
542
571
555
529
516
530
533
526
527
528
537
527
532
536
520
525
521
522
529
517
533
534
531
508
524
530
537
521
514
526
527
512
520
535
541
525
517
529
551
547
505
513
580
571
384
146
