641
650
599
586
621
627
613
603
619
629
612
605
603
596
596
573
567
541
510
507
500
520
546
600
660
654
599
516
454
464
490
511
578
624
633
628
611
619
632
622
607
611
629
629
604
561
542
531
538
530
541
536
532
548
552
542
527
507
482
497
503
509
500
492
508
500
497
491
493
498
517
500
484
472
437
435
451
468
447
427
386
369
358
347
351
421
501
554
557
537
522
536
551
565
565
574
571
578
567
577
582
589
584
578
583
588
578
554
495
476
469
474
475
472
478
482
496
486
470
467
480
476
479
476
473
481
471
470
482
469
474
474
472
471
478
486
474
468
467
496
523
545
556
536
534
540
554
554
542
498
469
476
471
490
482
472
480
522
527
521
523
521
521
515
525
547
609
649
647
649
645
647
645
633
642
657
645
633
641
636
638
633
644
650
659
655
629
597
574
583
592
584
583
588
588
587
582
566
583
578
572
578
590
588
583
584
580
589
581
580
571
571
583
553
584
585
585
549
507
504
486
474
443
426
425
414
380
347
339
352
355
365
352
341
358
350
359
357
337
327
371
428
473
465
457
455
457
458
451
457
466
440
439
461
559
603
580
510
472
488
518
530
549
548
555
539
547
556
553
545
535
545
567
558
560
551
559
547
547
558
596
616
622
616
611
634
623
598
564
532
549
554
563
557
556
543
528
523
508
508
515
519
519
508
509
533
550
560
566
569
569
575
567
559
573
568
556
522
471
437
407
423
440
457
466
465
466
475
479
466
467
480
518
540
538
532
514
535
537
545
533
536
565
626
669
690
672
653
672
674
674
630
609
581
569
571
567
587
591
550
508
480
485
466
451
417
406
419
419
403
407
408
417
426
425
461
448
426
431
431
447
430
413
409
407
410
392
408
416
414
380
394
411
399
348
371
457
577
643
641
624
633
626
605
578
561
576
584
593
576
588
591
571
563
547
555
572
562
519
464
434
425
446
442
440
450
436
420
400
389
405
408
406
401
400
406
382
396
408
411
381
384
464
585
668
674
620
635
662
663
618
576
546
539
549
564
556
521
460
422
433
452
445
443
437
440
468
473
490
476
461
464
482
499
513
523
534
572
611
617
602
598
602
607
604
595
612
605
610
598
567
510
476
461
490
501
497
470
483
495
453
394
395
481
578
609
602
583
607
604
564
497
475
461
477
471
469
463
458
461
459
468
456
454
462
507
554
596
582
590
581
572
578
583
595
580
580
581
582
584
581
582
572
580
576
587
576
577
575
580
589
578
566
582
558
576
547
554
559
549
544
507
501
490
491
500
489
488
496
495
501
493
492
491
493
499
493
490
492
504
491
490
494
503
497
490
499
506
497
502
510
500
513
505
501
501
498
488
499
496
516
534
546
538
542
529
540
535
546
552
558
554
546
538
557
583
603
635
644
621
615
644
651
617
538
496
501
495
509
501
522
567
612
611
596
595
608
604
609
616
608
614
613
611
630
604
543
522
513
541
550
514
475
463
452
448
462
465
468
474
485
488
490
477
488
488
481
494
485
499
507
510
518
511
509
509
511
498
515
531
528
542
539
539
544
544
543
544
539
537
536
547
536
536
562
611
635
636
623
620
647
641
616
590
573
575
580
580
572
566
575
580
561
540
526
524
511
448
386
383
442
511
540
542
543
542
556
549
567
570
565
552
554
559
564
544
560
592
601
526
472
421
422
419
437
467
535
589
597
579
574
574
578
566
576
587
588
571
573
582
583
564
497
469
461
480
492
483
478
484
480
495
483
479
461
479
491
486
478
467
512
561
588
571
551
558
580
573
560
511
500
495
490
495
496
501
502
486
478
489
502
487
448
401
422
434
417
397
417
414
435
420
409
421
427
388
359
378
402
387
355
368
405
429
404
413
508
634
706
703
682
687
658
602
545
558
578
601
568
568
578
604
625
614
612
608
599
614
600
580
538
500
480
477
448
429
405
433
425
426
407
410
432
432
417
417
420
410
377
357
363
378
369
350
363
421
541
601
594
594
570
580
585
593
578
593
595
587
585
581
584
592
595
594
581
549
517
520
522
537
525
516
549
552
594
581
568
581
599
581
576
585
609
627
615
602
619
638
628
592
536
491
498
505
492
485
481
492
493
496
471
493
480
483
466
465
509
569
604
605
586
587
612
618
581
555
536
549
541
527
508
498
492
501
502
515
510
492
511
497
506
508
503
512
505
501
499
507
503
510
502
502
502
504
498
502
509
502
500
502
514
527
545
545
551
545
537
528
506
506
495
500
535
579
609
622
607
602
617
617
610
597
543
526
528
529
541
524
528
524
539
525
529
517
540
543
527
528
527
533
536
521
536
530
540
522
517
535
541
527
508
530
534
518
516
524
533
525
508
531
551
533
499
514
566
554
400
145
