635
653
603
590
625
632
598
596
608
605
594
590
596
589
533
487
500
529
521
505
499
530
612
645
643
624
620
619
659
663
611
532
469
459
475
469
464
496
577
635
627
614
611
633
631
617
621
627
626
625
618
636
634
609
561
525
531
530
533
542
538
505
486
475
480
478
476
486
483
492
464
422
392
399
403
396
381
394
420
469
467
474
478
477
485
471
464
500
551
574
600
580
567
568
579
602
624
628
642
620
613
619
618
615
603
617
621
595
539
495
484
511
505
481
500
558
644
689
710
690
689
687
692
712
689
666
627
591
596
581
529
473
476
491
503
488
466
485
507
521
515
506
524
526
520
501
504
538
570
590
606
597
587
541
468
423
425
433
446
423
408
425
462
462
441
433
438
456
450
440
441
495
552
629
656
636
596
604
626
625
584
484
445
432
438
439
450
439
441
425
402
381
384
384
405
407
389
370
377
444
558
625
616
597
596
603
612
592
584
590
601
611
622
578
532
499
476
480
497
499
495
496
478
496
500
498
472
436
412
431
460
474
471
456
458
446
459
489
558
607
606
588
578
597
610
601
585
556
554
557
533
540
563
546
504
465
450
449
448
438
470
544
580
611
580
598
614
599
585
591
613
607
567
523
477
475
497
490
479
481
496
519
511
456
384
359
361
365
375
370
356
371
381
370
373
376
381
371
389
420
512
563
545
566
551
568
569
561
543
571
577
624
628
632
636
626
629
634
631
624
608
575
588
581
594
586
562
527
504
489
505
502
493
444
402
387
379
379
381
393
401
418
412
411
423
414
397
404
494
595
682
687
661
676
675
683
675
650
656
676
659
655
668
675
668
659
653
685
678
643
588
556
570
557
571
571
580
557
516
486
486
500
498
497
488
516
539
544
552
562
547
552
555
560
526
477
456
449
444
464
487
563
601
606
576
568
596
601
554
479
427
417
445
445
433
438
472
470
495
495
490
483
493
497
494
482
477
510
578
625
637
577
518
500
509
530
521
507
525
535
505
473
453
454
469
464
459
462
464
468
476
470
465
463
449
441
441
426
435
436
437
439
432
436
445
477
455
459
468
507
580
629
635
612
599
604
630
621
585
491
441
422
441
453
446
426
416
434
430
422
404
424
430
411
408
435
439
410
399
419
441
426
377
400
486
610
690
688
668
676
671
638
576
525
516
512
482
457
464
526
590
629
627
627
614
613
618
583
535
496
518
528
530
510
518
496
469
460
451
464
468
465
457
470
474
484
481
484
478
469
469
492
527
539
536
551
535
542
535
575
623
650
671
676
644
653
664
653
633
616
563
552
537
536
545
534
523
545
546
544
552
549
558
565
565
556
523
455
410
408
432
422
404
395
453
540
598
584
576
589
593
588
573
573
578
591
581
564
549
517
518
522
526
525
509
526
545
579
589
592
592
586
594
633
639
633
625
632
645
645
606
533
476
487
501
504
495
497
507
519
515
509
518
511
513
523
519
539
552
580
572
571
557
568
569
556
517
502
500
511
506
506
511
505
506
498
499
518
521
499
490
501
505
510
500
508
518
529
561
578
556
535
483
462
447
453
457
493
527
593
594
588
581
586
588
575
537
533
527
527
542
530
531
525
536
534
541
540
530
534
539
542
522
547
545
545
540
526
540
561
571
569
575
583
579
575
554
555
547
550
555
553
573
587
605
586
588
578
594
608
565
515
467
473
500
491
453
411
404
412
410
421
433
438
437
438
447
444
417
418
502
614
713
689
604
541
567
613
621
610
635
642
621
617
609
629
636
575
500
467
479
489
471
458
513
578
621
621
602
614
621
619
617
622
617
625
611
607
605
609
603
616
625
602
545
517
523
533
531
505
509
510
523
525
509
471
451
446
455
461
453
436
405
406
398
398
405
387
396
383
394
403
405
402
398
418
440
429
430
437
437
430
420
416
479
542
585
606
599
594
566
507
482
478
482
483
472
484
514
534
520
527
534
530
538
530
543
573
583
574
579
580
585
553
528
528
526
547
547
517
529
556
589
617
610
601
592
617
615
593
558
550
563
560
554
562
562
546
536
495
456
450
455
468
464
477
471
499
486
459
465
507
560
582
590
579
556
550
541
543
541
556
541
550
550
547
531
514
505
497
508
499
502
506
529
552
548
553
569
560
541
544
544
565
554
513
506
494
501
506
492
499
500
499
493
511
514
503
492
503
515
501
497
528
589
621
609
594
603
618
616
585
545
521
530
522
513
533
539
526
532
536
533
528
509
537
529
528
516
524
529
528
520
531
539
527
501
507
570
551
393
151
