641
661
605
587
616
630
600
589
587
603
584
577
597
599
570
519
504
510
522
516
511
499
524
525
512
493
525
541
584
612
637
659
640
635
643
666
644
577
511
514
586
637
630
618
617
627
632
602
615
617
592
524
477
476
491
501
495
490
498
519
509
514
517
521
509
510
504
530
514
515
514
536
563
573
559
572
576
579
590
525
450
400
402
412
404
385
427
505
556
557
533
540
565
575
568
560
558
562
552
561
560
570
579
591
580
579
577
564
583
588
548
494
463
467
484
482
461
460
475
481
477
465
481
527
543
546
538
531
555
547
526
499
479
481
499
497
497
496
480
482
502
531
552
553
557
541
554
560
547
551
552
557
544
565
572
590
595
591
590
590
593
595
587
589
557
527
512
528
520
515
519
533
567
587
585
582
585
584
582
585
576
586
597
587
575
580
596
580
569
565
585
577
575
564
583
589
576
563
584
580
580
550
520
490
499
496
504
504
505
479
441
417
410
406
404
389
352
334
344
394
448
459
460
464
460
447
456
497
557
597
589
584
589
600
568
519
484
473
496
500
502
487
500
511
500
482
499
496
500
487
491
497
489
501
505
493
484
501
491
489
493
491
488
494
518
541
555
548
546
547
569
555
540
555
545
556
555
558
567
566
549
543
562
606
624
626
610
609
614
618
627
613
623
602
577
548
543
552
543
540
541
542
543
555
564
539
520
503
490
531
555
576
582
561
553
568
566
578
525
471
417
425
437
441
427
433
440
436
428
452
471
481
474
470
485
480
462
473
515
544
553
529
535
545
550
515
532
575
632
668
667
642
640
662
666
676
650
601
580
588
598
593
565
503
470
467
481
482
496
492
469
438
401
405
406
408
400
401
422
436
440
437
436
443
443
439
429
436
439
443
436
437
437
412
401
393
405
405
409
401
404
415
388
377
361
385
382
362
371
459
560
651
660
618
607
633
643
631
620
628
639
622
601
579
570
578
574
573
574
576
567
571
576
582
586
580
567
546
513
522
525
549
537
539
537
529
532
527
536
529
531
540
542
532
534
517
522
530
534
525
535
539
529
517
523
536
547
506
461
447
425
426
432
446
434
423
430
495
590
676
702
679
672
657
692
680
653
588
543
540
548
565
577
573
565
542
479
431
428
449
471
470
459
463
475
505
521
512
513
499
520
543
569
605
621
610
599
604
602
619
595
591
584
600
596
599
602
606
604
569
513
478
476
482
486
481
472
476
488
453
426
419
430
439
430
403
420
480
561
613
606
599
593
600
616
620
608
551
496
461
472
495
491
485
475
472
492
471
482
476
479
477
471
481
476
457
472
481
483
475
456
451
462
484
462
447
453
493
548
582
589
585
580
583
577
583
589
576
582
584
569
576
576
585
573
585
574
579
576
563
570
570
597
586
566
584
576
561
565
560
539
545
540
558
561
543
513
497
488
491
501
487
487
483
497
496
502
482
506
530
544
541
527
533
544
538
529
535
537
541
540
541
541
551
547
538
555
559
605
620
619
612
636
632
607
534
493
502
511
519
490
496
543
581
613
627
613
606
612
613
618
616
619
619
632
615
581
549
531
518
515
519
519
506
487
471
463
459
474
479
466
450
458
459
482
482
492
482
494
484
493
486
478
475
473
486
516
508
511
494
513
504
524
514
505
513
539
546
543
531
533
542
548
540
542
531
541
549
543
553
541
542
566
602
631
636
634
615
614
606
589
576
568
567
574
561
536
531
518
530
530
547
541
548
493
423
380
389
402
400
378
381
430
508
546
553
536
546
552
546
541
550
555
557
560
566
578
567
554
580
601
585
583
590
603
594
535
476
434
421
419
422
472
545
577
569
556
576
592
589
582
579
583
559
516
483
456
481
478
479
491
494
496
476
487
468
479
482
470
475
473
510
558
588
590
580
568
574
588
579
553
519
501
493
498
508
512
506
497
470
441
406
410
415
423
420
413
417
407
389
373
373
382
385
377
366
384
379
379
379
411
427
426
431
448
456
415
423
491
619
700
700
684
690
692
673
608
559
567
568
578
558
571
582
562
557
579
613
616
605
591
607
623
604
604
610
619
571
516
500
502
515
494
475
482
461
440
415
414
419
421
420
419
418
431
402
382
350
362
360
367
395
368
355
359
429
531
585
588
573
574
587
608
589
570
601
601
592
576
550
534
524
532
533
544
527
519
515
522
554
557
568
584
579
583
564
588
598
606
610
617
639
636
594
555
515
505
526
529
502
509
506
520
516
518
514
531
535
521
496
460
431
422
419
424
436
424
429
430
441
447
459
495
549
592
592
585
578
566
576
564
567
538
537
547
540
547
557
545
541
518
508
503
501
515
513
507
508
496
520
534
553
563
552
523
514
503
514
504
491
491
527
590
620
615
600
597
604
610
617
611
589
575
560
546
557
553
560
562
542
532
532
527
514
529
532
535
533
525
533
527
525
520
537
538
531
513
529
523
515
521
521
525
545
541
525
520
512
522
528
518
531
522
523
531
537
534
523
525
533
545
528
510
538
545
532
503
509
574
556
387
147
