644
643
593
584
622
629
598
579
585
610
591
580
597
609
586
565
548
553
546
539
527
550
574
575
564
559
567
570
573
545
470
424
432
466
463
440
443
506
565
620
621
609
602
599
610
618
632
606
562
526
507
489
493
473
486
492
487
458
414
390
392
405
400
402
401
424
447
471
463
462
469
474
453
467
489
562
591
583
570
586
618
636
585
549
510
486
496
540
630
699
709
670
671
703
698
693
685
689
697
693
693
693
689
664
611
610
588
603
600
601
577
536
481
474
484
495
501
520
522
522
505
510
538
577
591
585
592
582
589
585
606
609
580
525
486
488
500
497
479
492
502
506
502
488
488
479
508
503
509
489
497
501
501
500
492
476
462
438
454
447
462
453
442
405
383
386
397
393
386
389
384
371
383
402
397
383
380
438
543
605
627
615
588
588
605
607
594
596
605
603
599
596
610
616
609
568
510
485
488
485
491
504
507
465
437
402
387
401
412
409
423
451
478
474
443
441
486
550
595
595
584
596
590
586
583
589
579
562
566
547
552
553
567
557
559
541
529
499
522
518
514
493
498
503
504
515
502
504
535
567
587
590
591
588
591
580
592
589
595
590
594
593
575
588
594
589
572
583
607
598
563
510
493
471
485
496
497
502
499
497
508
508
460
406
358
342
374
375
359
359
365
373
383
373
384
384
377
369
427
495
559
571
544
548
561
574
562
563
554
572
559
562
575
613
632
639
627
627
629
647
622
618
616
635
643
629
620
592
597
595
588
579
585
591
556
516
467
466
498
504
485
451
417
376
378
396
433
429
415
409
492
623
676
658
591
551
551
560
567
562
570
548
522
485
484
505
512
505
489
491
497
501
500
535
559
558
554
550
556
561
563
534
485
441
445
485
549
598
582
568
570
607
590
561
476
440
419
443
430
434
444
440
451
440
431
435
438
442
432
437
431
432
430
431
440
447
441
432
435
427
435
453
443
440
426
464
478
483
503
510
563
617
626
623
575
551
510
484
473
454
452
459
468
461
464
450
453
470
463
456
462
447
455
461
458
455
476
479
478
482
493
472
476
481
480
483
484
476
479
492
492
482
479
494
478
451
418
404
387
393
410
416
432
423
397
411
424
414
388
389
482
609
691
700
670
678
706
698
654
605
583
574
577
587
585
578
577
554
556
560
576
560
576
562
563
569
571
573
564
556
563
580
640
650
663
631
624
636
653
658
627
569
543
535
536
516
492
464
454
475
476
477
465
482
507
521
540
550
549
557
551
558
553
546
551
554
548
550
549
538
543
572
613
656
666
647
634
658
656
635
584
558
545
577
573
568
534
530
523
528
525
529
528
533
531
536
535
526
529
529
543
563
560
559
549
558
557
563
570
561
556
568
542
533
516
516
519
522
523
520
528
509
510
520
518
523
512
510
507
525
566
559
565
556
557
581
569
541
529
522
506
528
525
535
525
525
545
576
592
592
585
575
589
594
620
638
642
606
525
483
481
495
499
490
485
496
509
500
495
494
510
489
495
505
506
491
487
489
498
509
486
498
513
520
511
516
513
521
520
513
506
515
519
501
512
520
517
513
526
512
523
506
501
524
563
594
584
569
569
585
587
545
530
520
513
524
508
522
532
557
563
566
560
567
558
556
564
550
551
510
480
476
506
518
491
493
524
581
614
616
599
590
594
598
587
551
540
531
548
542
551
564
560
581
569
575
566
573
566
563
555
556
550
553
556
557
561
566
598
585
563
509
495
500
522
502
499
498
502
499
477
448
453
458
459
458
461
456
453
439
419
445
438
433
429
437
444
471
476
496
504
503
492
494
526
562
579
602
592
584
587
601
619
629
630
625
638
635
578
517
463
463
489
498
472
468
510
573
621
630
617
623
615
613
618
602
620
629
608
607
596
619
614
576
515
487
466
456
446
410
395
419
432
420
403
417
460
550
608
612
612
608
616
635
625
566
512
489
486
501
509
499
502
503
499
498
524
567
608
614
588
587
606
624
615
583
598
610
619
605
586
608
619
578
520
480
465
476
482
474
474
466
492
501
504
529
513
516
532
529
499
512
552
565
562
574
574
569
565
553
529
522
535
541
539
533
554
594
609
616
596
604
608
608
593
564
568
560
551
564
559
537
483
448
444
464
479
469
468
508
557
578
586
574
572
596
588
585
565
561
548
547
541
560
544
545
536
545
538
550
545
556
540
542
557
554
560
541
524
525
509
519
505
504
514
501
514
543
566
559
548
547
545
565
555
542
523
512
502
507
518
522
494
505
538
572
612
621
606
616
627
594
537
525
530
545
537
519
527
545
526
513
516
531
524
520
525
533
530
521
518
526
538
530
516
521
526
530
540
540
534
537
525
534
537
535
519
512
534
535
527
506
529
550
531
529
522
547
535
496
511
564
558
384
149
