645
661
604
579
598
592
533
498
501
528
558
599
642
655
635
629
644
639
602
517
471
466
472
483
459
450
456
511
569
623
632
636
609
623
627
636
619
606
579
522
513
533
539
530
494
489
480
492
481
482
494
481
463
415
393
396
409
409
391
387
405
425
451
478
483
473
472
472
501
548
574
587
569
564
581
596
610
614
620
621
621
594
544
496
487
501
509
507
473
496
564
653
707
721
703
691
694
650
615
582
591
597
607
604
587
569
509
466
466
484
492
491
482
487
502
507
548
574
608
600
600
598
602
556
516
492
496
507
482
461
454
466
462
452
446
447
443
398
371
381
385
394
381
372
382
390
377
373
389
388
375
370
393
460
553
607
621
606
574
591
595
599
591
596
593
610
610
577
526
494
495
485
459
426
392
401
414
409
398
396
404
395
401
435
498
574
595
597
575
577
600
598
593
572
551
564
560
558
568
547
544
528
518
535
550
560
557
569
564
553
561
561
568
559
559
558
560
549
557
557
579
595
610
608
630
615
606
611
629
628
590
530
497
502
504
512
513
526
516
476
389
358
354
367
360
367
366
369
368
371
360
372
366
354
362
383
367
374
382
377
355
358
412
506
563
567
529
530
549
554
541
533
557
561
561
553
561
565
552
552
565
570
569
565
543
570
572
560
556
558
564
556
556
568
562
548
563
573
565
564
561
580
631
641
643
638
629
618
621
599
567
568
578
594
575
589
583
596
591
546
513
503
506
462
424
392
375
388
390
400
419
424
407
407
464
602
693
686
650
655
690
691
642
583
553
550
561
568
568
574
543
512
496
487
488
482
480
497
514
531
548
554
559
565
558
560
530
484
443
436
474
497
541
592
621
605
546
477
438
430
429
442
465
476
486
489
517
559
617
616
593
576
589
610
598
573
522
494
492
499
511
487
463
458
448
444
452
460
465
461
437
436
438
431
429
429
433
447
453
461
456
492
481
460
451
509
584
630
632
622
630
635
624
569
492
451
445
457
455
435
395
395
479
590
689
700
679
670
685
686
648
599
582
585
583
602
574
568
582
559
576
577
582
588
577
580
604
642
657
649
638
652
661
629
581
522
500
469
455
448
468
481
502
482
485
488
483
475
473
499
534
553
569
615
656
658
647
638
659
655
628
591
570
559
546
536
520
529
536
531
530
534
543
557
556
567
559
556
565
560
545
536
491
460
447
461
461
443
461
452
458
458
460
473
502
556
599
604
596
584
585
590
609
610
577
547
520
526
527
532
513
511
545
575
585
586
593
609
624
618
617
632
651
630
585
526
486
486
503
506
489
501
519
531
522
513
519
556
581
585
547
507
504
499
507
509
503
506
511
550
565
548
541
551
576
576
536
491
456
457
456
457
469
458
447
455
497
550
594
595
586
576
589
592
587
581
593
582
584
585
589
581
548
532
533
523
525
544
555
580
571
573
541
559
558
563
563
561
547
539
554
549
554
555
545
549
562
575
541
486
451
446
493
521
518
512
510
517
513
503
515
565
625
618
598
600
614
620
574
510
476
460
491
469
489
495
489
492
489
509
564
594
589
586
584
595
615
622
615
617
606
633
645
639
593
521
474
474
487
475
482
467
491
522
577
617
623
628
618
613
613
617
609
608
607
619
619
603
606
636
625
582
534
500
473
481
492
477
477
480
496
490
485
460
440
397
415
407
436
422
415
415
471
563
633
624
601
609
624
633
587
538
495
487
498
500
495
479
493
520
573
624
612
603
580
614
629
559
513
474
478
495
491
467
486
488
500
522
521
531
521
507
506
537
559
579
567
559
567
572
579
569
559
534
528
550
595
624
622
607
596
617
612
597
567
556
560
553
546
557
561
531
493
452
450
466
469
442
440
456
480
471
488
485
476
482
464
467
511
544
566
574
570
560
565
580
569
543
536
518
533
537
517
526
567
633
674
674
645
636
667
679
640
576
552
553
558
554
532
524
508
503
506
500
512
488
501
520
599
627
626
619
608
625
619
596
562
522
515
516
527
527
533
531
520
514
516
535
538
527
527
531
518
527
523
526
517
528
528
525
516
537
544
509
516
519
541
530
521
518
529
544
525
515
526
538
533
525
533
533
527
521
516
540
538
501
510
565
557
395
145
