662
676
610
587
602
618
607
584
593
600
597
574
590
604
600
592
578
548
518
501
521
521
512
517
520
523
513
545
599
663
666
599
521
500
513
514
495
490
485
475
469
454
455
450
463
473
458
464
455
465
467
454
461
463
469
449
455
513
584
647
640
615
628
640
605
545
520
527
542
533
503
493
498
499
498
476
505
494
476
448
449
440
443
447
469
457
423
381
364
346
381
386
371
354
364
416
502
565
568
531
535
547
566
574
575
577
573
572
584
572
537
485
443
439
454
454
440
443
450
451
449
439
453
461
470
488
492
490
471
487
501
545
564
567
572
576
565
562
569
562
572
565
561
574
570
522
484
484
493
499
489
493
508
529
555
550
551
550
542
549
560
592
587
579
587
597
604
566
531
515
511
519
510
517
513
512
519
538
561
586
590
576
570
568
581
568
571
577
562
571
578
581
571
577
586
590
593
585
588
599
601
598
590
582
581
570
565
585
570
546
492
459
458
475
463
461
470
470
473
467
412
370
350
353
365
374
348
333
360
390
424
438
458
467
467
439
438
481
552
605
612
582
571
580
597
594
557
535
508
491
488
499
522
541
556
556
551
536
550
554
565
547
551
553
551
559
552
557
561
550
549
541
544
554
566
600
617
606
616
610
616
636
622
606
571
545
533
519
508
494
501
511
521
504
503
524
553
575
562
548
560
580
578
533
462
418
425
438
442
457
469
470
476
463
462
470
478
463
447
457
486
524
538
535
538
543
539
536
536
544
537
546
534
537
537
537
556
552
540
547
533
531
533
578
631
678
679
666
668
669
678
636
602
589
550
511
484
474
492
485
496
454
408
418
413
413
410
402
398
405
415
401
408
417
407
421
414
411
424
445
447
436
436
436
443
446
437
413
403
400
397
405
401
402
397
414
417
396
396
407
422
415
378
361
450
572
647
650
617
613
622
594
562
551
576
593
567
552
558
580
574
566
567
589
596
590
585
589
593
596
582
569
544
524
522
544
540
530
520
526
529
471
428
435
469
463
433
420
507
622
682
685
674
694
693
662
584
551
525
543
558
558
556
517
477
428
419
435
453
435
443
431
447
440
445
462
480
473
467
461
486
486
507
502
519
512
511
511
510
533
589
610
618
601
593
606
615
602
593
598
605
607
569
508
481
490
485
461
445
437
437
429
411
425
427
442
414
421
477
564
619
627
608
588
557
500
476
470
493
502
487
481
477
469
458
469
457
465
465
459
461
467
454
453
498
551
583
587
582
577
571
579
578
571
570
581
577
563
554
560
552
553
559
560
553
540
558
563
542
554
554
576
530
514
494
488
483
480
504
500
489
491
499
504
498
502
493
509
515
500
500
506
510
506
498
525
552
570
546
538
574
610
635
633
615
620
586
533
497
487
524
529
507
510
541
596
621
619
601
609
603
602
589
598
599
600
604
603
593
572
522
487
487
499
501
483
486
494
490
503
496
492
488
503
500
492
499
505
508
513
504
498
507
521
525
538
538
542
548
545
537
525
538
548
538
537
544
547
529
539
565
611
634
624
624
615
621
628
630
615
608
585
572
561
555
555
544
536
532
524
549
535
502
449
378
378
400
411
392
394
432
504
541
537
525
542
565
569
565
564
565
565
549
573
584
594
601
590
586
550
461
415
414
444
452
434
426
445
456
437
401
423
470
546
583
587
575
577
581
583
576
579
569
582
566
568
579
585
582
583
569
578
577
579
575
581
574
584
574
567
591
585
581
587
572
570
559
508
478
478
490
485
470
467
472
470
479
484
483
474
474
464
506
551
583
568
574
585
584
547
513
492
509
490
493
493
496
472
432
412
414
416
415
422
408
426
436
414
397
389
391
370
374
388
373
365
387
436
448
418
418
500
628
680
630
562
541
569
581
561
584
625
632
578
513
462
482
487
494
482
507
496
475
436
401
422
428
426
403
387
379
378
369
364
377
393
370
353
354
431
539
614
634
605
599
595
620
598
598
592
599
593
584
603
607
610
599
602
610
614
606
578
534
491
488
492
495
490
487
487
495
507
508
509
500
530
562
577
602
626
632
630
628
619
633
643
593
511
465
457
488
476
462
435
419
401
382
396
414
419
375
376
469
587
671
674
650
635
659
678
664
621
589
571
568
579
593
595
563
550
540
553
538
526
513
511
497
506
503
510
491
492
492
520
541
554
554
558
566
564
558
545
513
480
503
519
520
493
501
541
581
626
621
604
617
626
596
561
528
525
523
533
528
524
522
532
539
526
522
525
525
534
518
530
542
533
507
523
525
533
519
527
536
557
521
512
536
537
516
499
530
538
543
507
511
563
557
392
150
