634
649
582
566
593
614
574
508
502
511
523
513
516
515
534
500
500
505
562
614
651
643
624
615
630
620
586
515
460
454
464
524
584
615
635
627
611
620
606
629
619
609
627
620
607
619
626
634
632
627
633
633
638
623
624
613
610
614
619
621
628
609
611
622
618
610
607
623
633
625
594
554
530
519
542
540
540
527
519
491
485
483
485
485
481
478
498
492
467
430
396
404
409
399
404
417
399
394
421
457
468
485
476
469
464
469
462
456
459
491
552
583
585
566
585
622
625
591
526
513
513
488
503
542
632
707
698
698
701
701
702
694
691
669
624
596
583
596
576
520
470
477
500
484
464
477
506
522
515
510
512
515
512
508
542
577
597
582
570
589
574
539
477
434
411
425
439
447
434
446
450
466
453
428
426
492
582
636
622
624
631
637
617
613
619
622
575
494
437
434
455
461
458
446
458
463
462
448
438
451
448
446
422
387
390
381
388
375
392
399
390
365
380
436
553
609
627
597
597
603
609
608
598
583
524
492
480
483
520
515
507
483
435
411
419
447
469
463
448
435
471
507
542
598
610
587
542
540
555
564
556
549
556
563
551
535
528
521
516
511
523
533
534
525
525
541
514
518
503
512
507
506
508
519
507
505
533
574
591
590
574
587
588
594
569
572
566
571
573
590
581
539
498
476
502
558
599
602
599
600
591
601
615
600
555
474
430
426
437
439
437
454
451
421
373
376
374
391
400
383
376
379
383
427
506
565
569
545
544
553
567
560
539
539
543
541
556
552
558
567
561
558
584
604
628
630
619
630
632
615
604
595
591
576
578
575
607
596
556
510
483
481
493
507
492
491
507
476
436
394
377
402
402
383
379
388
400
417
428
416
415
421
423
413
404
413
429
436
418
419
473
593
681
697
639
582
560
574
565
540
501
501
494
500
495
496
497
540
565
559
544
552
543
563
538
488
446
442
456
469
457
462
493
555
601
591
580
580
616
600
550
469
431
437
456
454
439
421
423
452
471
494
491
486
519
560
613
618
610
610
615
614
594
543
516
510
525
516
516
513
516
518
512
480
467
451
459
459
471
456
462
469
463
462
455
470
459
455
455
457
458
447
438
435
431
439
447
435
429
420
456
468
455
454
473
476
470
458
495
578
648
637
603
597
637
644
569
496
460
438
448
450
443
439
449
429
419
398
399
400
411
409
386
386
471
616
694
687
662
667
685
656
605
571
569
593
597
570
562
590
587
590
586
575
578
559
559
578
567
554
564
580
634
644
640
647
655
669
661
621
577
534
527
547
563
546
517
524
538
554
504
479
455
458
475
466
451
448
464
476
482
482
479
478
491
500
517
543
563
556
549
534
538
580
612
645
650
655
659
627
584
558
558
571
567
539
531
543
533
540
521
527
538
553
557
566
553
533
489
457
451
475
470
448
453
505
554
593
606
591
591
596
603
593
589
596
593
603
585
587
606
609
564
519
520
523
519
517
532
567
589
592
584
586
598
616
624
640
616
602
613
644
640
585
520
482
493
500
502
484
479
508
515
492
497
504
517
513
508
521
518
523
520
530
561
596
595
570
569
588
587
559
521
513
499
508
504
505
505
503
510
499
519
538
564
554
527
496
478
477
458
466
510
573
608
617
592
598
627
622
576
500
465
469
483
490
485
478
500
492
524
557
585
607
602
596
606
620
604
587
592
608
580
542
506
509
496
495
491
492
497
466
431
449
446
449
449
454
461
461
439
432
441
445
446
436
448
493
505
484
519
554
601
599
590
572
593
580
583
612
623
633
596
610
642
643
586
509
460
469
492
480
477
508
583
633
629
592
607
618
632
627
620
613
615
614
627
623
621
613
627
581
533
466
464
485
490
473
428
419
419
424
415
421
479
561
628
637
616
611
628
628
583
522
498
496
506
504
483
488
541
586
591
594
606
601
567
519
473
456
473
478
489
468
477
480
487
491
491
507
521
505
498
511
541
565
581
576
566
555
567
577
582
588
570
576
539
536
531
547
532
537
535
525
531
538
527
535
528
540
536
528
526
552
581
619
605
600
614
611
615
615
609
597
575
554
561
555
555
550
559
553
552
568
553
515
485
467
455
454
459
453
455
463
463
453
462
469
486
474
462
470
476
472
463
468
511
551
583
592
578
577
574
585
583
572
578
576
581
592
578
569
552
552
543
543
544
521
510
509
515
517
493
501
539
601
625
626
626
611
609
604
612
610
606
620
612
619
607
564
538
524
515
525
532
516
528
529
528
535
532
522
528
514
512
529
531
536
525
515
541
533
542
530
526
534
528
515
526
538
537
533
527
544
547
525
520
526
551
533
496
515
571
556
396
157
