627
649
593
575
595
617
602
582
584
599
596
582
572
550
525
508
499
511
552
606
644
620
627
636
644
616
528
467
459
489
482
458
466
517
599
635
621
626
636
635
631
618
632
623
618
615
612
625
632
622
605
626
644
627
582
552
529
508
518
543
540
526
519
522
529
524
490
482
440
450
448
455
458
445
409
396
402
416
415
385
405
484
604
681
687
668
661
644
598
548
536
555
596
600
607
608
615
639
620
581
527
493
489
491
505
499
493
456
403
361
357
369
374
354
356
380
446
484
484
486
484
473
467
500
550
589
572
544
555
572
581
522
478
429
437
455
453
446
430
447
496
563
613
623
604
597
606
616
610
602
608
616
611
589
598
600
620
619
594
551
517
521
535
534
514
520
528
525
488
468
464
477
465
468
446
447
453
438
439
451
458
451
452
462
451
446
461
465
460
447
446
473
497
512
501
497
494
512
547
572
574
552
561
575
577
554
470
418
417
432
443
420
426
488
556
589
600
593
590
590
592
589
582
578
585
589
595
586
583
583
590
591
591
594
601
606
591
596
604
610
569
513
461
474
486
491
475
467
482
490
453
427
420
479
529
569
579
566
555
522
487
474
480
503
500
470
478
530
642
695
716
638
597
569
575
572
572
589
594
571
554
581
591
586
544
486
454
453
471
459
449
449
452
466
472
463
481
470
495
512
551
558
540
539
539
560
590
610
600
607
592
609
612
576
539
504
504
502
503
477
452
434
450
447
448
449
464
459
425
395
384
375
375
372
393
398
385
384
397
399
400
392
401
407
407
376
382
456
550
623
620
594
592
604
613
582
585
613
631
619
568
521
503
489
504
496
491
483
506
509
478
457
449
471
472
460
462
460
482
509
527
541
535
541
524
526
561
622
663
684
666
659
662
657
660
615
579
549
561
559
569
576
558
553
524
509
503
521
513
504
503
527
570
613
613
607
602
607
602
603
609
613
608
582
538
513
508
512
520
509
499
511
509
506
514
517
519
515
521
508
514
489
490
527
592
635
606
620
596
578
539
498
489
514
509
483
455
448
457
429
439
461
447
429
384
366
361
358
353
412
509
593
601
573
563
570
559
561
563
575
579
562
547
570
579
570
578
570
572
562
549
575
596
616
623
642
642
632
619
626
643
622
614
573
563
557
560
594
576
532
489
435
444
455
449
441
432
447
447
403
361
362
380
363
357
361
428
519
577
578
568
555
553
563
551
556
566
576
591
585
562
580
596
592
567
503
469
454
447
473
475
471
461
467
534
609
685
686
654
603
575
578
577
578
585
584
575
549
509
510
497
517
505
519
527
511
497
463
447
447
475
470
468
443
445
468
477
449
430
419
414
400
375
369
370
386
374
373
416
455
487
492
484
491
492
486
517
571
612
607
602
597
599
616
607
598
605
608
601
588
608
608
614
594
577
570
551
554
558
604
651
650
634
624
650
643
635
627
632
631
650
639
649
636
646
629
634
641
667
655
611
557
533
536
538
537
531
531
531
535
525
506
475
457
445
453
470
451
443
441
442
414
394
372
363
368
357
358
424
522
609
624
585
585
595
601
591
585
585
602
616
598
573
511
471
458
478
496
493
484
477
478
500
482
470
438
387
380
397
417
473
517
519
508
492
504
541
576
604
600
589
587
607
610
595
554
520
493
471
487
496
475
447
423
420
432
420
429
429
439
412
387
365
363
376
377
356
367
425
529
592
592
576
587
595
603
577
567
585
603
604
590
598
599
560
486
425
412
443
495
554
596
604
605
580
583
592
591
582
573
563
575
583
576
559
578
587
569
525
496
493
524
583
643
649
628
623
615
639
625
574
504
462
464
466
469
474
477
480
462
430
376
360
404
412
410
374
382
463
576
661
661
641
652
645
615
574
574
602
590
547
514
502
499
478
430
402
394
408
415
419
408
382
375
440
571
652
662
633
623
646
671
629
622
624
661
639
630
640
645
635
612
606
628
641
609
565
536
540
552
537
516
492
493
501
508
493
487
513
555
579
583
553
564
583
581
555
470
449
451
463
459
452
455
460
475
475
473
493
480
457
449
494
546
581
580
565
575
584
584
567
551
547
553
540
537
564
546
519
511
518
524
530
530
521
529
529
528
510
531
551
565
572
577
580
573
578
571
556
559
572
572
567
557
568
570
549
544
557
563
524
480
420
417
432
462
471
477
480
488
486
468
470
506
551
620
621
612
608
601
619
606
572
552
528
533
523
528
532
528
517
529
523
529
534
527
524
518
523
511
522
529
536
507
528
527
534
541
532
536
544
523
518
541
546
528
502
508
566
549
373
155
