650
676
595
587
615
638
606
589
584
595
587
583
591
596
600
590
586
590
588
593
587
568
531
505
504
519
519
547
610
653
606
519
457
446
480
488
454
461
524
587
623
622
613
625
620
619
640
639
626
626
625
624
615
618
630
637
599
566
536
535
544
544
549
531
527
514
497
491
497
506
510
482
445
440
456
449
445
438
447
455
450
437
393
373
374
365
359
369
375
363
367
407
497
559
570
544
525
544
546
563
564
571
578
566
570
580
599
559
510
477
471
477
483
486
474
473
468
480
479
471
457
458
486
519
542
550
545
545
519
492
489
481
484
484
513
522
557
553
539
540
558
549
532
547
571
575
584
582
592
604
595
561
538
519
524
512
533
514
511
514
514
509
525
526
509
498
506
508
507
506
525
528
513
507
495
536
570
590
584
581
576
594
580
578
579
584
584
578
576
587
586
593
580
580
582
580
576
577
586
561
556
568
577
579
550
524
497
477
495
504
499
463
427
411
421
425
416
418
426
437
400
378
353
347
333
331
374
432
463
466
454
459
462
452
444
476
545
601
593
559
519
493
492
494
496
497
487
484
510
539
546
554
541
553
561
553
544
546
551
562
553
547
544
549
568
611
632
643
624
612
614
634
632
609
628
624
630
615
576
537
517
510
523
519
507
520
509
505
527
549
573
572
564
558
577
579
534
473
424
432
447
441
436
427
457
462
470
484
521
525
541
532
554
537
545
568
635
673
688
660
644
663
664
646
609
574
578
603
601
590
576
573
582
584
579
592
591
590
551
507
474
476
487
486
491
479
479
468
438
405
395
410
412
417
401
417
429
428
428
420
449
445
438
411
417
410
402
400
414
409
395
407
407
402
413
400
382
373
377
377
387
397
395
381
360
372
464
571
655
650
618
620
651
655
625
578
561
564
577
555
565
574
580
585
581
573
581
588
559
575
580
592
563
552
530
520
522
520
534
530
538
531
540
531
537
532
545
555
529
509
514
545
549
508
438
426
437
449
420
430
514
602
688
693
678
678
649
598
550
534
544
552
556
556
535
486
443
426
442
459
440
436
460
471
470
480
473
476
476
474
474
488
507
518
510
514
517
516
502
500
519
513
501
517
517
513
505
515
530
578
601
604
583
588
604
616
570
505
456
463
496
486
481
471
474
469
434
414
415
485
566
620
627
603
602
609
617
612
575
516
476
458
468
464
462
466
486
477
457
455
471
464
466
444
451
493
548
587
595
585
580
572
573
583
586
579
594
593
588
582
578
591
569
562
565
581
569
519
451
426
427
435
436
436
420
420
401
383
389
389
371
370
427
508
565
560
553
546
559
559
539
541
556
562
557
544
569
612
622
627
617
613
635
635
622
618
626
613
586
531
499
492
514
513
505
495
519
552
597
619
601
594
603
607
617
614
600
593
611
626
588
547
536
522
528
515
514
507
515
530
503
472
458
453
475
489
495
481
481
483
493
490
485
487
505
507
505
520
498
488
495
514
542
549
546
529
537
532
553
537
541
544
546
534
550
600
639
646
632
634
630
644
624
606
592
583
567
575
577
586
590
570
549
539
531
520
534
539
534
510
442
384
390
416
407
385
396
448
510
545
548
551
549
557
570
557
566
560
556
554
571
590
599
578
587
611
608
565
487
412
415
436
437
422
405
452
546
585
584
563
569
570
566
577
586
586
579
561
588
586
559
508
478
487
499
507
496
468
481
480
476
485
484
471
467
463
471
491
545
578
587
565
527
514
499
489
492
510
517
479
433
411
414
424
413
423
422
423
416
387
376
388
384
363
379
409
425
431
434
443
444
418
420
505
632
710
705
661
673
700
657
597
563
559
590
576
544
539
582
594
598
612
601
610
617
620
588
521
474
479
491
498
482
484
500
501
478
453
419
418
419
418
420
420
424
419
427
430
417
402
419
416
413
409
473
540
604
609
576
580
590
587
562
482
433
426
445
440
446
457
460
475
471
469
466
504
549
582
586
573
575
576
573
570
580
587
597
611
626
615
621
627
627
613
626
635
626
622
620
630
623
619
586
542
535
514
487
459
432
412
421
425
441
455
463
474
463
456
455
466
496
538
586
605
580
573
584
591
595
568
555
542
539
551
555
556
547
525
511
500
505
515
543
561
553
554
550
548
542
559
556
552
547
557
558
553
527
491
496
529
599
617
629
614
618
589
554
528
522
528
522
522
512
528
542
533
519
524
539
533
496
524
536
527
514
516
528
527
524
516
520
525
530
518
528
528
519
510
521
533
523
511
524
545
534
492
508
574
558
392
145
