654
661
598
583
620
649
603
574
590
613
616
587
589
622
583
560
536
529
504
501
508
515
516
488
499
544
604
608
617
650
647
580
502
493
570
644
659
608
610
617
629
615
605
628
628
631
623
614
606
556
508
502
503
490
461
480
496
495
478
460
425
408
383
379
426
455
468
452
469
499
537
581
581
568
571
597
627
631
582
527
503
507
507
487
489
542
641
707
719
697
660
618
594
599
604
578
516
468
472
501
499
506
506
519
514
523
514
537
584
602
598
597
594
605
589
593
573
531
487
485
501
503
494
471
454
462
449
461
459
464
461
435
405
386
376
387
386
387
369
385
389
396
386
385
386
401
394
381
382
446
542
610
613
582
589
591
601
595
587
597
608
616
587
597
594
560
517
486
469
477
495
502
494
470
442
387
396
425
416
407
403
415
411
420
405
405
431
456
461
477
480
465
439
453
504
556
584
594
586
579
592
595
576
577
589
576
571
548
547
561
556
549
545
525
520
511
504
522
533
536
517
497
504
503
514
503
515
506
497
505
528
580
577
581
585
590
591
592
576
583
601
598
585
559
513
480
463
491
499
496
494
493
506
500
485
486
508
503
453
402
343
356
354
373
361
375
359
377
381
390
377
357
371
421
525
585
588
561
570
587
578
572
566
585
581
586
568
601
620
638
647
636
632
616
605
588
567
576
590
584
565
550
562
552
553
553
556
562
540
557
574
569
511
458
427
435
419
426
424
421
418
417
421
416
421
405
400
472
595
680
696
663
676
676
645
597
549
543
566
558
563
554
551
525
486
470
506
514
506
484
488
516
539
559
552
535
561
555
561
527
482
434
447
493
570
595
585
588
595
607
545
477
425
440
459
443
421
441
485
497
493
479
491
505
478
479
522
588
616
615
591
599
597
595
586
600
613
604
584
594
615
626
612
613
612
606
568
527
492
523
525
505
475
472
455
470
460
465
456
462
467
460
465
444
452
459
449
441
428
430
454
434
431
438
453
465
458
476
484
471
445
455
508
590
625
616
604
604
615
629
600
603
622
623
632
624
588
512
443
419
447
456
447
418
429
431
396
396
473
612
714
711
667
653
667
688
640
593
585
575
585
572
573
575
570
569
572
555
595
626
659
670
632
556
520
536
545
539
520
521
529
512
468
457
459
470
470
475
488
479
472
494
523
559
546
530
547
574
627
646
641
655
662
663
635
587
561
555
574
583
573
565
556
567
556
544
536
527
532
532
511
525
540
562
561
561
567
567
523
481
498
552
596
614
589
585
604
607
572
525
512
512
530
519
527
541
574
579
577
566
575
571
586
599
606
621
621
621
637
635
626
622
623
640
616
613
619
620
592
528
492
490
502
492
483
495
513
508
510
509
512
533
550
560
566
586
579
577
595
580
576
563
577
594
597
577
552
534
512
503
500
507
506
504
503
533
557
568
556
565
567
562
558
540
563
550
523
482
462
452
441
458
498
552
596
591
555
536
529
531
524
543
543
529
524
526
524
528
532
527
541
566
577
589
579
580
573
567
557
555
542
544
537
551
550
555
539
568
589
589
584
588
603
579
530
500
484
509
514
500
498
501
511
507
502
480
474
462
447
442
454
434
433
440
434
455
466
488
525
561
586
596
584
581
580
575
591
598
618
636
631
637
617
575
530
484
472
499
493
478
462
480
498
491
470
459
513
586
631
630
612
612
616
620
613
609
620
612
630
619
578
498
482
478
498
493
467
470
485
493
472
450
424
419
426
433
423
404
408
450
554
627
625
600
600
627
640
598
521
478
493
512
501
497
486
501
527
560
599
598
594
608
611
615
612
584
596
611
609
571
512
480
487
516
537
521
504
509
525
544
565
579
584
585
582
560
542
540
537
537
522
541
537
535
517
527
561
584
595
575
547
543
538
558
565
561
524
468
443
457
465
482
470
473
479
470
480
501
540
589
595
575
567
584
586
572
557
548
542
545
539
539
550
535
532
528
537
545
528
512
522
546
561
554
551
561
574
557
533
511
498
505
509
491
524
577
611
628
615
622
624
598
550
521
531
551
538
526
529
531
548
534
522
519
541
526
531
547
538
527
533
523
538
536
525
509
536
527
514
528
537
540
536
513
522
552
541
503
513
539
535
507
521
558
543
394
146
