541
558
494
486
536
593
593
594
593
611
601
577
593
605
590
587
592
594
595
593
593
575
532
503
502
526
526
515
492
524
568
602
590
527
468
452
471
528
590
627
635
623
634
633
626
624
603
631
629
640
619
626
630
614
587
563
537
532
531
535
541
546
536
532
530
533
545
546
525
509
493
492
493
494
511
486
456
437
453
450
431
391
364
370
375
380
351
366
425
494
550
554
549
548
574
571
569
569
569
571
571
567
565
580
588
577
565
576
579
581
550
513
481
467
478
477
482
472
473
483
483
473
457
459
488
528
550
547
539
538
552
559
552
550
557
552
539
535
553
544
548
538
548
552
535
516
489
499
490
489
486
502
531
548
550
553
546
563
578
582
583
585
599
584
568
535
498
504
523
515
502
496
535
562
588
595
585
580
577
592
591
590
574
574
583
585
593
587
585
594
572
575
574
569
580
571
572
586
574
541
504
480
491
496
492
507
504
510
481
430
419
414
440
399
358
352
339
354
354
332
338
356
352
353
339
375
419
468
468
464
430
460
489
560
587
592
585
578
578
588
592
581
579
582
577
570
580
586
593
591
588
589
586
580
586
580
594
588
583
581
583
596
595
584
527
501
480
503
505
487
490
508
531
560
562
553
541
543
542
544
544
561
570
550
551
557
559
545
536
543
553
564
556
552
568
597
616
621
626
621
618
624
633
631
598
567
556
555
539
545
546
543
530
521
504
507
501
517
555
579
569
565
556
568
570
539
485
436
418
431
442
443
441
461
469
470
469
472
488
485
478
476
488
524
549
551
522
529
522
534
544
534
557
560
519
526
566
629
668
671
672
681
682
654
605
592
582
595
586
588
595
559
514
465
462
491
480
479
486
463
445
425
405
410
411
429
412
405
420
419
445
435
443
445
442
433
438
431
430
443
435
397
399
402
405
403
391
408
411
386
372
378
393
388
349
370
444
577
653
649
623
627
629
642
633
629
638
645
619
577
554
563
576
562
570
565
577
570
572
557
560
575
571
573
575
586
599
582
581
595
610
576
533
527
522
522
527
505
479
446
417
425
506
612
676
673
669
669
640
593
543
530
553
525
468
426
432
447
447
439
446
461
484
475
461
465
465
462
459
482
505
519
533
566
610
609
588
588
604
622
602
576
520
490
464
422
437
430
433
423
443
431
434
419
474
553
614
626
604
581
611
611
570
507
466
484
480
487
478
475
474
476
465
463
453
458
455
494
547
583
582
585
576
576
600
582
582
598
580
582
581
590
592
574
578
584
569
555
560
546
552
549
563
562
550
528
476
472
486
493
490
495
489
496
500
501
477
484
491
489
489
494
521
555
566
561
559
553
534
552
551
579
606
636
619
610
611
634
634
625
597
569
558
554
550
565
572
555
534
515
515
501
484
507
532
587
622
623
625
620
623
627
624
618
617
618
619
619
613
607
614
614
605
599
611
625
620
609
552
536
518
532
538
540
535
513
482
458
446
472
463
460
468
464
464
461
475
480
500
479
486
501
518
515
506
507
507
522
507
507
511
525
530
526
539
534
547
532
541
545
548
544
540
549
544
542
552
568
603
625
628
637
604
620
638
623
596
586
577
574
571
545
533
525
522
531
534
538
502
451
407
379
408
421
414
381
372
428
504
540
555
534
558
560
559
557
554
574
577
586
584
577
597
588
597
559
474
409
414
442
453
439
431
438
435
423
427
463
548
594
602
572
560
562
582
584
578
581
589
581
556
512
476
475
483
491
474
473
462
471
478
481
482
474
480
487
482
472
471
508
560
567
515
480
470
486
496
483
477
500
503
500
471
435
416
415
415
417
426
415
421
426
410
389
365
391
392
381
364
364
405
427
435
439
450
439
420
422
502
634
720
680
582
545
562
583
565
546
570
569
568
572
599
622
635
607
598
640
629
576
502
473
487
506
511
486
492
495
495
439
413
415
420
429
415
416
431
433
416
385
360
363
360
366
364
379
363
354
351
431
549
619
607
586
569
579
582
589
571
589
602
598
587
589
585
584
587
581
599
602
583
558
547
541
548
540
544
561
560
578
613
609
599
572
520
481
474
493
498
490
490
477
448
412
415
424
431
415
415
438
449
460
455
469
465
451
441
488
544
592
599
582
570
578
591
580
582
577
593
581
575
577
584
567
550
540
537
562
543
542
537
545
545
543
537
555
549
527
513
524
524
500
497
530
593
613
618
610
608
601
581
557
524
517
532
521
518
521
537
539
530
522
525
524
537
536
541
528
525
545
551
531
523
528
531
532
521
519
530
519
506
514
540
531
518
524
567
547
394
146
