649
671
603
592
614
640
604
573
598
609
604
587
595
617
603
562
525
516
527
527
515
501
498
523
549
584
642
656
656
637
631
649
637
596
516
473
455
456
480
522
584
629
653
614
598
610
640
632
622
619
620
621
621
620
619
625
621
626
621
597
518
471
460
473
492
478
468
474
491
472
425
440
524
623
699
694
692
681
698
700
707
704
686
684
691
707
700
669
615
593
594
597
584
571
565
579
590
585
576
587
594
593
600
591
547
525
471
486
473
471
480
489
508
511
493
496
486
510
498
480
492
524
537
554
571
558
542
545
562
553
544
537
535
502
466
453
465
471
481
454
456
518
617
675
675
666
687
674
642
599
569
561
576
562
556
571
574
597
615
647
621
579
535
513
497
501
499
550
626
671
701
666
636
601
592
580
573
585
587
589
590
591
588
588
582
603
586
572
558
555
550
570
555
528
476
424
416
433
466
497
503
506
512
496
475
492
532
578
609
603
608
594
590
584
602
607
578
520
472
467
474
489
479
481
494
481
491
494
487
492
484
490
507
500
500
494
500
510
486
507
558
581
583
584
570
574
573
577
618
632
632
619
625
641
639
606
569
557
554
557
558
547
553
557
553
555
549
548
539
543
553
578
600
605
589
579
531
487
480
477
460
460
465
463
474
477
480
471
477
474
478
478
479
481
482
492
487
490
488
479
477
435
410
419
430
435
428
412
390
369
338
350
370
374
352
353
399
445
441
451
484
544
591
589
581
581
623
651
637
619
617
629
631
625
580
545
504
497
477
470
449
440
457
466
448
436
478
552
604
597
577
588
607
610
599
573
530
525
509
515
516
513
518
506
505
550
608
649
637
631
641
647
645
599
523
491
474
484
493
500
472
432
422
409
419
422
429
412
420
413
420
414
419
420
397
395
447
520
560
569
561
569
571
558
571
565
577
573
562
570
572
566
557
552
548
568
568
555
561
560
572
579
558
517
505
504
519
511
514
509
512
510
502
493
510
529
559
560
536
541
548
567
601
606
605
588
591
599
602
589
557
545
554
551
545
544
551
562
544
529
558
562
576
589
586
592
567
518
482
467
496
492
470
425
420
412
422
408
417
419
414
417
417
426
422
425
430
433
440
409
398
393
385
374
381
383
395
377
376
415
462
479
473
470
465
477
464
510
554
597
601
579
570
583
583
576
572
588
593
561
517
497
509
508
504
516
525
516
509
500
526
574
614
610
588
589
580
580
582
578
584
580
587
587
565
556
541
551
556
560
536
547
567
573
564
551
580
583
581
529
464
416
433
447
441
411
411
482
542
595
589
566
562
581
586
569
586
625
642
649
627
595
586
574
589
594
603
603
579
534
504
516
521
540
523
516
515
490
483
480
483
492
484
480
478
478
480
483
462
412
399
395
406
416
407
398
400
405
425
424
413
432
496
578
642
679
669
582
519
479
471
483
471
484
522
602
659
673
662
639
604
593
576
592
587
600
580
580
592
587
567
554
534
534
539
535
530
540
535
542
541
533
500
483
479
483
480
515
600
684
697
636
564
514
524
532
511
523
540
587
611
608
604
607
594
602
600
609
597
590
588
588
592
603
604
584
545
522
530
535
535
511
484
463
466
455
456
450
459
455
431
420
399
398
417
403
397
401
413
402
412
407
413
400
403
396
393
412
408
411
405
409
414
408
407
408
412
412
407
399
410
400
410
400
413
405
380
390
454
559
616
623
602
601
628
627
616
598
599
624
606
569
527
479
471
470
472
485
479
482
483
479
461
437
387
390
427
474
505
501
497
502
508
514
511
505
518
556
580
589
577
578
579
587
596
587
580
544
534
542
544
544
534
527
548
570
564
532
524
533
520
512
506
515
516
526
534
527
519
521
521
526
539
565
579
589
597
583
532
463
436
417
427
426
437
429
426
437
494
567
632
660
607
568
541
530
508
498
500
528
559
591
601
609
597
598
591
569
544
510
506
517
503
510
500
505
477
461
465
471
480
470
467
446
445
436
418
423
430
442
424
437
434
437
412
408
375
386
388
384
389
394
414
433
456
457
469
449
457
463
499
552
594
591
585
573
586
590
570
572
547
558
554
556
541
521
511
517
496
503
518
496
524
530
552
547
560
554
553
551
540
534
516
509
507
510
509
514
497
509
515
516
511
497
489
536
601
622
612
620
605
616
616
613
610
615
610
583
547
513
519
529
541
529
515
515
523
535
522
524
533
531
531
527
542
537
535
513
524
533
541
536
535
529
526
522
516
530
533
527
524
540
526
529
506
511
536
513
516
514
527
512
499
503
574
555
394
145
