655
665
583
593
626
636
593
573
592
601
596
570
585
602
563
532
508
517
537
524
502
498
543
610
650
654
642
634
651
640
591
517
457
469
471
473
511
587
639
643
626
623
635
634
622
618
640
631
630
605
610
635
611
585
548
529
527
532
514
507
512
508
506
522
532
532
532
530
518
519
525
530
522
530
516
509
519
522
515
500
483
459
436
437
434
400
369
394
476
584
661
670
666
649
659
670
683
679
648
581
548
534
550
561
557
551
554
545
556
577
605
625
626
613
615
620
619
602
581
532
477
478
491
494
454
400
359
362
373
388
377
365
353
367
402
449
475
485
485
532
569
588
569
516
469
446
434
445
486
559
607
613
590
603
608
617
602
603
601
606
573
515
481
480
488
492
483
457
460
468
430
413
417
454
494
496
495
490
496
507
498
484
498
513
538
545
570
562
564
554
572
560
560
559
579
566
566
519
475
438
416
434
481
552
596
600
591
580
586
593
593
589
587
592
603
609
612
589
607
601
603
570
514
486
473
481
484
472
475
484
499
472
431
423
444
429
423
412
473
544
598
601
578
575
558
526
491
469
484
503
490
464
475
554
642
688
693
688
685
693
678
646
598
556
568
564
576
570
540
486
453
440
455
476
462
451
464
469
474
476
461
465
492
509
548
558
544
546
559
577
595
604
600
591
598
609
607
560
517
501
508
508
497
480
486
509
507
497
492
508
485
468
446
453
463
452
446
451
459
437
400
371
391
392
393
377
381
391
398
406
391
401
413
401
378
395
459
554
628
643
616
604
603
629
619
607
595
594
607
599
605
619
624
619
573
534
493
495
499
477
463
462
459
467
465
463
463
467
483
514
546
536
535
532
526
536
541
580
619
670
672
653
644
670
663
629
585
551
563
558
520
492
508
503
516
488
515
538
595
618
620
607
604
609
602
586
539
514
490
508
511
523
509
506
516
502
493
488
522
502
506
500
521
580
622
622
571
525
495
517
525
517
522
515
509
496
463
441
435
464
452
444
447
461
461
427
379
351
361
362
345
342
406
504
578
580
566
566
568
574
572
593
614
646
628
622
625
637
622
619
631
627
648
630
625
620
638
647
620
617
588
561
556
560
577
586
569
524
493
452
438
440
434
452
448
429
388
371
374
378
383
420
501
577
583
557
540
561
571
560
547
553
578
570
565
574
585
544
486
456
472
467
453
455
522
612
662
680
675
665
677
668
661
617
602
592
577
574
575
586
585
585
589
557
519
499
506
523
519
513
493
502
502
507
480
477
457
466
466
462
431
414
403
409
423
415
407
417
408
408
384
381
390
390
368
363
377
409
455
488
507
488
491
484
499
499
488
484
522
571
606
618
589
592
605
623
595
569
575
579
571
560
570
581
620
624
634
630
644
646
640
637
641
637
650
651
635
609
561
528
534
530
535
526
517
535
539
519
469
441
437
463
459
443
451
430
427
430
419
425
419
432
432
438
437
413
422
436
433
427
430
430
426
427
424
431
436
428
428
429
432
431
427
422
428
455
426
417
429
484
554
594
591
569
548
520
489
494
496
500
502
508
507
516
513
541
584
619
632
631
614
608
617
620
631
638
640
631
627
612
604
623
637
611
611
617
637
629
579
517
478
492
496
502
487
497
498
478
428
394
393
421
418
396
388
393
445
480
517
514
499
495
494
512
511
542
570
608
614
605
606
590
598
595
606
575
530
473
467
474
497
484
474
481
499
483
469
438
428
433
423
429
425
419
405
377
353
356
377
389
367
343
356
434
526
594
595
572
569
579
587
573
583
601
598
589
581
595
598
558
463
419
427
460
447
411
411
478
551
589
590
586
581
596
587
578
586
588
583
579
578
579
564
574
581
595
581
551
515
517
518
517
509
507
519
536
594
625
637
620
622
643
645
632
593
554
530
515
508
535
536
534
509
471
454
458
458
437
415
398
402
397
388
395
414
453
486
484
478
472
482
487
476
464
470
515
548
579
569
563
562
570
580
577
580
579
548
518
483
495
496
495
483
478
483
496
498
466
442
417
399
418
425
403
405
392
385
379
394
392
402
393
406
395
396
371
400
468
568
646
657
615
612
634
644
661
619
578
547
539
551
550
567
541
539
515
496
509
515
513
496
510
545
585
593
566
563
588
592
544
475
433
442
468
465
455
465
479
463
460
471
482
483
472
465
480
481
476
473
504
553
591
594
579
563
578
590
566
546
543
550
542
545
547
548
552
550
535
517
514
497
511
497
505
502
511
499
511
500
532
553
563
542
555
556
555
561
541
521
493
505
498
537
570
603
618
603
609
586
594
606
602
609
574
530
516
534
545
540
520
527
538
521
506
508
537
542
526
525
536
536
536
519
532
540
527
519
536
545
530
511
522
574
551
382
146
