623
637
577
562
598
620
598
584
592
605
606
590
570
557
509
506
514
533
522
504
541
588
610
610
618
632
635
617
612
623
636
625
593
551
529
517
530
526
529
526
523
557
611
652
667
649
634
649
667
658
612
574
563
549
550
558
551
537
528
506
494
496
495
495
506
502
495
475
455
444
453
444
440
452
444
439
400
354
363
375
381
353
352
419
490
562
558
530
537
539
559
569
569
578
574
562
567
566
570
559
563
570
565
572
574
577
567
557
574
568
575
582
575
583
582
600
588
553
510
467
479
493
489
483
452
478
483
482
480
481
476
487
482
457
459
473
480
474
475
497
527
552
555
547
542
533
499
492
486
497
513
488
466
502
534
564
553
554
548
558
555
564
568
588
586
603
565
538
506
508
534
569
578
565
569
576
574
575
564
570
582
583
579
574
576
578
579
581
575
578
583
589
608
600
607
589
591
604
584
584
567
573
576
568
559
562
566
561
570
566
569
569
576
565
567
566
560
555
587
582
546
479
450
439
461
469
454
460
455
458
452
418
417
432
467
534
568
580
565
570
575
594
572
552
557
543
527
503
524
525
543
516
528
556
569
595
586
577
580
585
567
516
495
491
510
517
535
555
556
560
549
562
564
556
547
551
553
550
544
570
598
612
618
602
611
627
595
572
550
544
546
514
505
499
509
519
505
525
541
570
577
559
562
572
573
545
472
420
428
434
452
427
414
451
450
483
486
460
465
485
489
468
451
459
497
522
542
526
533
559
552
540
523
560
629
678
679
659
655
675
662
633
607
568
571
588
602
596
581
585
591
589
561
516
478
483
481
493
481
494
478
444
408
409
431
420
405
404
396
431
443
440
432
438
433
440
425
430
410
399
407
418
419
399
392
418
409
381
369
382
418
401
363
373
456
576
641
659
654
642
614
573
522
517
542
544
552
532
546
550
532
543
540
552
558
531
515
567
628
679
679
640
574
529
532
530
495
451
413
426
458
448
403
417
500
613
676
675
665
680
680
680
667
674
663
672
659
672
677
654
594
546
542
550
540
550
558
557
510
455
423
428
441
448
445
448
431
465
467
457
473
482
493
510
517
525
503
505
511
519
520
499
505
543
584
613
619
608
616
600
604
614
607
608
607
600
610
614
603
581
521
483
455
474
492
491
464
441
438
430
421
429
443
432
412
429
468
549
606
609
606
591
595
607
605
608
574
518
468
467
484
497
472
461
454
466
464
452
457
464
460
455
495
549
582
580
585
576
591
586
569
568
579
591
582
567
581
582
593
589
581
576
586
567
573
576
576
569
557
551
550
559
542
557
553
540
526
508
489
489
498
493
491
495
483
503
502
500
499
501
513
507
500
494
511
531
523
524
536
545
555
561
557
555
557
539
572
611
637
642
622
619
632
598
521
511
561
591
607
582
587
596
592
587
593
598
594
588
587
584
595
578
534
515
532
524
528
504
517
519
518
496
516
551
607
637
637
622
582
529
484
490
498
504
495
493
494
505
497
498
497
503
496
478
514
514
508
509
510
521
509
508
511
519
519
506
510
524
542
539
548
548
551
553
542
543
543
534
531
527
550
589
626
615
593
577
565
575
582
581
583
570
557
529
508
526
537
528
508
442
392
382
396
397
402
381
386
448
517
547
545
549
545
543
531
545
547
564
591
578
579
584
594
586
587
546
484
426
420
433
449
432
416
423
437
446
428
436
445
449
434
437
439
438
437
439
472
540
576
574
573
571
579
584
573
563
576
571
564
566
564
582
578
576
581
568
588
579
560
569
587
603
580
566
577
578
583
562
516
475
470
488
491
490
477
474
469
470
494
487
479
501
545
578
572
561
570
572
549
512
490
496
500
498
506
503
505
468
434
416
414
421
421
410
407
396
384
373
400
388
397
381
384
423
441
432
423
424
426
434
430
437
451
431
428
418
440
431
415
429
433
427
438
414
438
446
427
425
419
448
425
420
437
445
429
394
406
485
606
686
704
687
686
694
701
702
686
664
613
591
581
593
602
595
617
592
576
557
563
580
569
538
497
466
460
471
482
482
465
446
427
433
419
430
428
411
388
366
367
371
381
364
373
437
517
578
592
586
579
581
573
591
592
586
584
585
585
586
570
540
519
521
528
547
560
580
581
577
573
572
582
586
579
577
584
603
618
643
632
585
534
510
518
493
456
414
409
423
429
419
413
448
453
467
477
480
467
468
464
469
461
461
485
552
595
589
577
579
595
576
561
542
540
536
552
565
568
546
541
518
516
506
497
499
496
503
515
521
548
563
568
563
540
539
547
557
564
548
515
495
495
513
508
480
529
593
611
592
534
521
524
543
529
525
515
513
535
527
539
539
531
533
520
533
525
520
530
534
520
528
532
532
526
523
536
544
526
519
521
550
539
505
519
577
544
388
146
