652
666
595
593
617
631
604
574
578
606
590
576
588
619
615
576
532
524
507
500
498
550
602
633
634
634
632
622
638
647
661
645
591
518
469
462
478
489
464
444
461
515
580
631
632
619
612
621
622
612
609
629
615
618
611
620
624
574
504
463
464
480
494
478
466
462
465
447
451
456
461
451
461
451
446
454
470
467
443
446
529
635
713
696
677
674
691
656
624
568
575
594
587
585
587
590
602
590
584
592
607
589
558
518
480
468
486
508
512
500
498
491
509
492
495
513
548
543
544
543
560
561
551
523
505
477
474
485
497
497
459
464
536
633
700
690
670
662
681
684
671
686
676
647
593
577
563
572
572
588
616
633
623
607
618
611
612
629
633
602
533
462
467
475
473
470
484
481
487
465
419
413
378
393
468
581
657
677
648
630
656
675
640
593
569
579
577
583
570
572
568
569
561
578
584
585
593
597
586
582
584
586
592
582
564
559
563
559
538
564
568
563
524
477
433
430
424
438
465
496
510
518
488
490
497
491
508
514
505
510
527
573
589
605
614
593
593
606
618
611
560
514
488
483
490
484
467
486
487
490
481
480
494
499
483
477
507
535
548
558
555
576
566
540
549
565
596
591
586
605
612
585
542
517
522
537
528
512
517
519
539
548
560
558
556
554
535
546
529
546
580
605
605
585
584
595
595
593
562
520
493
482
506
503
504
496
492
474
476
479
469
477
463
471
464
473
484
476
494
483
488
476
484
489
486
491
488
490
477
437
424
421
432
449
437
426
413
375
361
335
352
372
374
344
351
394
432
450
462
470
453
439
441
491
550
590
600
586
600
624
621
605
619
622
636
573
515
484
472
452
441
438
445
465
442
432
476
559
614
622
602
607
595
574
522
509
510
520
532
515
502
519
512
521
507
519
512
507
504
510
517
546
613
645
658
623
632
647
648
592
523
477
481
495
496
485
488
476
448
419
414
433
413
413
455
512
556
571
565
545
562
563
554
562
556
569
577
553
554
564
592
576
589
586
572
571
584
588
571
550
518
503
501
504
507
501
506
522
538
549
546
553
555
552
550
547
566
580
605
621
602
569
535
546
548
554
549
555
558
584
599
568
577
597
598
569
525
495
477
435
431
421
418
426
431
415
420
413
414
410
413
433
425
422
434
435
435
419
390
374
382
392
382
367
382
418
456
483
474
465
482
509
553
578
588
575
582
593
577
560
521
513
508
512
501
505
528
575
593
583
590
599
597
614
591
598
598
598
592
592
594
609
599
598
591
600
599
584
610
588
560
532
520
534
523
509
515
502
483
498
504
499
486
490
520
558
581
580
571
574
571
568
576
593
626
648
640
632
627
631
632
627
635
644
649
638
630
639
634
608
595
576
605
597
595
574
578
590
596
579
547
517
526
518
507
525
530
531
492
476
463
459
456
466
483
479
501
510
502
484
479
484
522
535
563
574
568
518
466
410
404
422
437
420
416
421
424
420
421
461
536
577
576
564
569
556
565
582
605
636
642
627
630
641
657
639
604
587
586
577
582
595
601
578
579
576
595
594
574
563
537
529
518
539
549
544
534
529
545
535
522
485
477
477
488
477
489
475
458
476
530
623
700
713
658
565
513
515
548
592
605
614
618
600
600
601
605
600
599
609
615
603
588
592
590
601
613
574
551
537
527
522
521
538
542
510
463
446
454
434
384
361
381
382
365
380
437
555
626
620
590
599
605
608
591
588
603
599
607
614
615
614
608
597
609
623
616
606
598
607
614
618
618
602
614
598
604
600
611
615
603
592
592
624
611
574
531
476
480
487
500
498
476
471
447
443
443
441
450
459
450
443
441
435
427
450
444
435
440
429
445
432
445
480
522
518
499
488
527
554
584
591
584
590
583
595
588
580
574
559
537
529
530
545
542
555
566
569
550
550
531
516
504
521
521
520
522
507
516
542
559
578
581
587
568
568
586
593
582
531
474
424
421
420
440
431
421
412
421
435
431
414
421
430
456
428
426
505
581
626
613
620
631
636
590
536
499
512
501
504
534
588
606
605
596
605
578
548
517
500
521
528
519
513
510
507
505
510
533
519
522
516
511
503
471
466
475
479
462
458
475
471
461
439
414
420
434
434
439
438
430
398
378
398
394
388
383
399
401
394
380
411
444
442
458
486
564
589
617
582
568
581
583
578
567
568
556
538
532
550
573
547
551
544
549
550
556
549
541
523
506
497
527
547
562
549
542
568
558
539
534
521
498
493
502
518
505
498
490
531
591
606
615
605
616
587
553
527
522
528
527
536
527
550
539
521
524
527
525
518
524
533
531
524
514
536
538
524
509
526
533
523
513
523
557
535
515
519
565
551
386
146
