641
661
583
554
593
593
586
590
570
563
517
494
515
531
505
483
530
611
666
639
615
633
651
648
586
509
477
466
455
463
497
571
621
648
632
617
606
619
633
616
608
613
645
623
596
549
529
524
544
539
531
525
501
482
476
490
478
475
488
497
489
476
426
391
385
412
426
408
394
389
432
452
461
466
467
480
489
474
475
505
561
588
593
567
565
555
567
589
611
630
608
594
624
643
598
537
492
497
520
513
498
516
533
512
480
483
569
661
697
692
683
686
701
676
635
597
555
511
481
468
489
504
491
470
479
510
512
512
523
530
505
497
505
540
572
597
630
604
568
513
486
484
487
492
499
497
504
487
457
445
455
462
467
453
450
436
408
368
367
390
413
390
368
377
399
390
376
370
434
545
614
622
596
583
593
609
610
595
570
529
511
511
499
490
489
498
474
443
405
402
410
422
392
395
410
453
465
456
460
469
461
446
454
495
554
586
598
584
570
576
566
558
556
558
550
527
520
527
514
522
505
496
511
507
496
502
530
583
605
597
595
574
581
592
586
587
582
576
579
580
584
587
547
513
499
481
484
489
489
476
451
407
362
358
367
364
365
362
380
381
393
375
377
383
381
359
378
424
497
561
564
555
543
544
546
557
550
561
557
559
541
557
570
624
633
648
627
630
634
621
622
627
630
636
643
636
630
625
642
634
646
640
641
633
624
636
636
639
634
628
618
617
636
629
634
637
620
636
631
621
630
645
644
606
560
508
484
488
493
500
501
461
407
378
378
392
402
388
381
394
403
383
378
398
392
386
382
407
428
436
412
407
443
435
401
390
480
615
692
687
682
653
650
596
551
552
571
570
572
564
540
517
488
479
505
512
499
491
517
551
548
551
556
566
569
516
491
453
453
467
485
551
602
584
568
578
583
550
480
443
432
441
448
430
434
448
482
488
478
483
473
486
491
500
478
482
534
579
614
627
592
597
581
533
515
508
528
527
512
495
523
511
472
444
445
458
466
453
434
447
460
455
454
452
453
444
446
463
458
458
464
456
469
462
479
468
460
463
485
469
458
419
396
393
412
412
390
386
411
403
398
402
427
447
441
434
490
571
635
623
591
601
619
630
577
497
435
428
445
465
455
435
443
440
420
408
412
413
420
394
394
470
590
688
692
674
666
695
705
679
647
610
585
578
573
580
588
587
584
578
583
560
572
546
566
563
564
575
574
570
574
572
581
573
562
569
580
573
551
567
566
569
570
548
563
569
578
569
587
630
680
668
640
638
659
665
621
566
535
533
533
533
540
538
508
479
453
458
470
457
453
470
475
499
492
497
495
501
495
494
478
491
487
492
493
494
492
481
480
504
535
576
585
574
566
562
568
563
583
598
613
612
607
593
623
620
605
563
544
550
548
546
539
546
561
576
568
571
578
569
565
558
569
566
572
553
544
544
542
546
539
536
535
529
529
572
580
568
565
546
541
550
565
565
549
533
493
448
433
484
560
600
612
582
587
612
613
577
540
525
522
530
536
525
526
498
525
540
555
585
587
577
577
580
595
580
578
583
613
631
629
620
619
636
631
600
531
484
487
488
489
494
483
500
517
514
516
506
515
517
519
510
517
512
525
502
504
521
525
557
584
585
561
557
567
568
575
573
591
575
574
550
523
499
497
506
513
506
506
498
523
542
567
571
554
543
567
577
545
494
443
438
458
475
446
450
492
553
594
611
581
569
575
569
566
535
519
524
525
525
529
531
541
531
530
538
558
562
564
562
571
579
567
548
543
546
553
551
550
551
556
556
556
544
557
564
572
592
586
586
584
587
601
587
578
583
602
611
588
570
541
511
497
511
497
497
504
513
508
480
471
444
460
444
454
450
446
460
454
457
441
442
449
461
461
485
509
553
588
582
581
613
639
627
607
609
635
644
588
503
464
485
490
475
481
524
580
633
629
618
611
619
625
615
620
615
610
607
608
607
613
605
619
626
609
608
617
627
584
517
483
471
487
485
477
486
503
477
435
415
409
433
438
421
399
399
466
548
614
626
595
588
621
612
569
512
490
508
506
497
495
498
515
498
481
514
585
618
611
588
612
607
566
508
466
469
492
488
474
468
485
473
505
518
527
519
522
517
540
535
510
502
536
565
587
585
564
562
576
570
536
520
542
579
628
609
584
564
554
544
555
555
570
577
570
530
474
441
455
456
471
469
458
463
473
485
474
465
474
476
476
516
550
590
593
583
571
575
592
576
573
558
545
545
533
543
546
560
531
547
547
546
547
536
542
531
527
512
500
512
507
488
504
524
551
562
564
554
560
563
538
544
547
549
552
553
550
561
559
557
546
551
565
558
529
511
510
507
499
497
501
525
585
609
628
610
581
553
521
524
532
530
533
516
516
538
536
540
526
518
522
536
533
524
523
534
538
528
530
544
536
534
538
519
541
527
522
517
536
543
517
512
531
544
540
513
527
550
525
496
505
559
552
389
141
