646
660
607
592
636
630
602
576
584
612
590
578
591
611
596
535
500
508
527
530
500
507
558
605
637
643
658
638
570
513
468
470
479
478
483
474
468
462
474
521
585
623
640
618
604
636
626
628
619
626
617
622
611
614
617
625
624
619
644
640
617
568
532
527
533
551
531
535
532
535
515
505
503
482
492
499
508
499
488
464
448
438
451
452
451
447
455
425
392
364
362
357
360
377
368
361
372
405
481
547
575
560
545
573
587
567
574
575
593
603
547
505
478
474
489
487
484
485
492
480
456
463
482
469
468
468
499
536
556
553
551
547
537
505
490
486
491
503
535
533
544
548
545
539
549
556
565
590
587
588
579
576
599
612
581
538
502
516
512
514
527
506
493
507
534
572
591
596
577
585
595
592
591
581
576
579
582
582
571
571
570
571
579
592
579
569
580
578
549
507
495
502
485
504
496
504
477
439
412
422
439
424
420
401
424
413
399
359
336
341
339
345
377
428
455
462
448
437
456
461
456
447
453
481
540
592
602
585
563
584
587
587
576
574
576
603
600
577
520
493
478
482
521
543
552
563
565
546
554
558
554
545
550
556
555
557
532
555
576
614
628
617
620
622
605
575
558
533
546
550
559
555
552
543
518
509
510
511
522
515
499
504
509
495
503
527
547
571
579
560
561
555
577
565
519
457
423
414
436
440
440
439
435
442
457
488
482
467
467
482
480
466
473
470
490
514
540
556
531
528
536
571
642
660
657
644
657
666
623
591
573
574
591
583
594
574
560
512
481
475
488
498
485
482
484
484
475
464
478
492
496
483
478
479
490
464
426
414
410
406
406
423
403
405
405
428
447
453
435
444
448
431
426
406
395
411
403
403
403
397
399
410
412
425
408
408
407
390
393
385
396
379
372
378
405
389
370
368
441
572
660
669
617
619
648
657
625
575
580
575
579
561
572
585
579
569
581
584
575
561
537
537
519
508
517
554
546
474
437
494
601
684
680
670
670
636
595
547
546
514
485
439
432
444
434
432
429
467
485
476
466
489
524
518
519
509
504
526
517
497
503
521
510
511
511
544
584
594
611
598
598
585
591
619
616
604
586
519
485
465
479
499
492
471
492
492
482
474
453
440
404
413
474
575
618
603
591
597
622
631
572
505
466
471
477
479
488
483
470
457
463
468
466
470
466
471
476
457
449
488
549
577
593
575
569
585
576
586
579
575
570
576
573
584
563
578
564
580
582
566
571
575
572
585
557
539
549
567
551
546
541
542
559
541
515
489
478
496
506
511
492
499
496
502
505
518
507
492
502
538
546
548
538
534
525
531
531
535
534
525
543
545
534
525
537
539
563
551
547
550
553
539
525
538
570
599
639
643
628
594
535
508
497
504
526
523
510
501
499
517
572
615
613
597
600
620
616
604
599
615
622
613
593
604
615
610
600
557
536
528
522
524
520
531
505
478
450
461
465
453
469
457
485
488
498
483
491
491
479
482
477
492
497
502
512
516
503
511
516
518
525
537
543
547
540
538
546
562
562
561
542
554
575
607
630
625
623
631
644
640
587
549
544
524
514
525
550
558
565
512
436
375
390
417
412
381
388
453
535
591
580
556
570
573
573
576
570
575
585
586
598
606
586
592
590
594
548
483
430
423
437
434
434
425
472
535
588
580
578
570
590
589
568
579
582
595
579
586
594
577
548
501
481
467
483
483
500
477
489
483
477
475
478
473
481
467
472
467
470
476
480
474
503
544
575
578
574
564
584
593
552
518
478
495
509
500
476
478
500
497
502
499
500
477
435
412
404
418
431
420
394
391
380
383
385
392
396
375
391
391
413
420
429
437
431
417
420
515
625
699
712
700
689
673
619
576
552
568
569
572
565
562
566
568
596
631
634
620
601
600
587
529
483
476
509
500
477
441
417
424
424
420
422
427
378
348
372
387
379
358
355
380
372
361
347
435
531
607
605
579
582
586
580
589
578
585
572
570
574
578
577
586
588
599
582
549
524
526
533
540
521
521
539
555
573
576
574
581
569
583
575
595
586
579
583
577
575
573
571
566
574
571
593
614
639
640
621
603
560
510
497
502
518
508
510
514
533
533
497
446
425
424
436
429
436
436
450
477
471
465
465
462
468
491
550
593
603
571
572
582
586
589
585
572
584
561
550
536
549
555
541
514
510
500
493
499
511
525
515
505
509
539
554
557
547
532
547
526
503
504
503
516
507
492
498
525
585
616
608
612
610
621
610
552
528
521
539
537
533
517
535
535
537
512
526
524
509
520
540
537
531
527
525
534
541
516
518
532
548
520
506
532
538
536
515
532
541
547
498
508
554
552
399
156
