651
671
584
568
597
609
595
576
590
587
564
534
507
507
503
505
502
521
519
528
504
511
514
511
506
504
540
612
659
639
623
619
659
642
588
502
456
461
489
487
464
453
472
505
583
634
657
628
603
635
630
576
514
462
471
477
467
477
496
489
473
454
456
457
432
430
507
623
708
710
695
698
689
714
689
662
630
598
587
605
625
615
598
599
612
575
516
471
491
504
476
415
370
393
399
396
393
417
430
436
423
422
403
428
485
601
696
696
665
656
679
671
591
542
560
585
570
549
562
594
628
629
605
629
603
613
620
631
588
522
454
464
486
490
478
484
495
498
458
447
436
421
396
388
418
418
381
387
481
591
673
665
642
646
667
650
596
557
559
586
588
577
575
585
578
585
585
580
591
585
593
586
555
571
550
528
463
433
429
442
453
423
423
465
499
505
497
507
512
509
497
524
567
619
616
598
603
624
608
557
502
467
490
489
485
490
482
493
487
485
492
489
496
494
491
493
484
495
500
502
504
488
497
509
499
498
512
552
589
571
570
564
580
593
607
641
626
619
608
622
631
605
582
536
543
555
545
540
527
559
548
546
541
559
544
533
539
558
597
563
515
494
497
513
495
506
502
502
502
489
487
516
508
496
503
513
503
485
471
469
461
478
478
479
477
480
469
475
479
476
486
482
491
482
488
486
502
471
435
430
428
440
412
380
359
353
384
379
361
346
351
368
371
371
365
349
389
431
463
444
440
466
475
472
453
466
538
592
595
581
568
575
573
570
574
608
643
635
608
609
630
629
617
619
613
624
586
537
487
498
513
498
452
446
459
447
456
451
461
453
435
443
487
550
601
593
580
567
598
613
621
613
573
537
507
500
531
528
502
513
553
609
651
654
656
633
638
649
652
642
616
636
654
645
613
543
473
470
490
501
480
446
434
415
410
416
429
427
421
416
466
524
583
584
561
557
566
571
564
571
569
560
558
562
561
574
569
576
561
563
559
573
570
583
577
568
573
587
599
592
565
541
515
503
504
512
508
517
518
540
571
596
589
597
588
609
603
600
585
556
541
542
566
578
576
581
578
585
580
578
583
584
599
596
581
615
597
566
521
473
479
492
487
499
503
502
474
432
414
420
434
411
413
423
426
432
425
417
433
432
422
424
418
391
372
360
411
465
469
481
480
483
479
470
473
471
469
459
502
559
586
599
583
575
593
595
568
530
501
509
510
498
511
539
573
590
601
589
593
599
596
593
595
588
584
586
589
594
586
578
555
549
565
549
536
551
537
543
553
542
538
542
543
543
544
548
547
542
541
542
542
557
554
544
545
545
550
551
555
569
562
531
459
412
409
433
433
410
412
470
541
591
580
584
566
578
573
574
563
574
610
630
647
640
644
633
637
647
635
635
605
584
586
579
602
582
585
572
548
512
535
535
531
524
526
522
540
527
529
522
541
537
520
487
484
483
486
479
485
479
473
473
472
494
487
462
410
397
390
396
410
411
415
405
399
393
383
383
375
390
399
395
378
393
428
512
572
593
577
569
570
573
578
581
617
615
630
632
621
632
634
636
616
592
580
578
578
581
588
594
577
580
559
541
539
535
545
544
537
522
493
466
457
478
493
480
470
489
496
476
482
530
620
687
698
676
666
667
701
690
628
548
525
506
517
518
512
522
583
592
610
597
600
608
612
593
591
592
604
590
602
589
598
600
602
581
545
529
528
528
527
520
530
504
494
453
441
464
454
455
453
457
466
468
457
450
465
463
428
426
405
417
420
417
407
414
407
395
396
403
410
397
389
405
427
408
381
398
458
553
633
644
614
590
601
614
612
602
608
588
600
621
591
606
618
616
563
521
481
485
501
465
411
387
379
418
414
403
384
395
428
474
515
521
496
490
520
568
584
584
572
582
588
593
594
576
595
584
563
535
542
538
535
538
530
531
534
533
531
534
530
544
542
545
549
560
560
582
571
580
558
553
534
531
533
517
532
523
515
531
565
589
590
585
580
576
579
580
589
597
583
539
459
420
419
423
434
422
416
421
445
433
421
433
440
434
437
431
438
444
435
415
421
483
577
648
653
635
622
631
653
645
595
536
499
498
506
490
491
513
516
523
520
507
509
536
580
621
611
575
531
499
508
531
537
509
478
458
470
472
466
469
460
458
446
427
432
424
430
437
431
441
435
409
393
401
393
387
391
418
431
463
468
461
450
454
475
457
442
451
501
565
583
581
583
572
585
582
574
567
554
547
533
529
560
564
545
539
543
517
509
508
507
503
501
493
504
530
565
561
557
561
549
547
551
559
543
513
484
513
579
609
611
597
606
614
609
632
623
609
543
527
529
528
532
519
521
525
531
520
527
531
521
524
524
542
521
507
526
550
544
516
513
583
559
409
158
