640
658
595
588
632
633
597
581
598
608
584
589
596
585
534
495
492
519
525
497
496
553
612
646
635
624
621
630
652
646
590
512
466
474
492
477
455
508
593
643
630
624
620
640
634
626
617
623
629
602
601
621
621
586
519
466
450
474
496
473
463
457
519
635
716
701
660
667
692
705
674
602
597
602
594
586
576
605
611
565
511
474
463
474
483
490
498
490
489
508
538
550
558
551
560
532
496
470
458
482
498
467
450
454
533
634
686
697
679
677
698
686
644
591
560
576
574
580
563
591
601
626
617
616
626
612
601
606
622
638
594
517
465
479
497
481
437
398
408
422
431
399
399
476
595
681
686
634
593
569
558
583
564
570
585
603
602
580
577
597
584
579
575
552
561
527
478
431
431
442
444
460
481
501
519
518
505
493
488
530
571
617
610
579
588
621
615
577
519
486
474
480
477
477
480
482
480
479
487
496
493
493
491
505
506
495
495
514
517
498
497
521
557
584
588
580
562
576
579
585
576
574
579
589
574
570
599
604
623
624
607
618
630
626
602
572
547
550
573
560
552
548
555
561
559
547
542
546
542
541
555
582
592
595
590
589
607
599
578
532
504
497
495
485
502
512
512
494
464
473
460
461
476
465
471
465
458
478
479
487
482
469
475
480
492
483
498
492
484
491
483
484
487
490
489
492
492
467
453
429
440
444
436
427
425
426
423
383
351
353
378
438
456
462
464
458
457
451
462
455
465
449
456
490
548
570
590
586
590
640
650
627
609
612
634
631
580
518
483
491
506
499
499
487
491
457
440
437
449
441
437
438
441
465
466
450
446
444
439
439
447
456
448
452
446
442
448
445
454
458
442
446
439
496
560
602
615
596
588
598
599
587
571
528
517
504
504
527
532
520
519
538
549
598
634
660
655
598
542
490
489
489
498
512
491
471
432
413
394
407
459
524
573
578
555
551
553
566
559
561
565
561
565
562
581
588
576
578
589
579
558
513
501
508
511
514
509
508
513
516
514
502
497
496
522
551
559
548
545
542
558
573
590
608
607
609
599
600
600
608
582
563
545
540
550
544
553
558
548
577
592
590
575
582
589
589
585
551
518
499
492
491
497
480
501
466
449
422
415
435
440
438
430
435
428
418
431
408
408
378
364
366
385
413
445
482
501
471
464
480
507
556
580
592
588
577
565
538
505
489
501
530
577
586
596
600
590
598
594
585
579
600
587
570
568
549
542
548
556
537
542
544
547
553
556
543
541
543
543
556
537
532
552
543
563
565
576
575
553
557
551
573
569
529
475
430
412
438
442
424
421
430
470
536
565
578
560
561
579
578
568
577
573
573
570
583
629
643
632
611
595
593
591
596
587
583
589
558
524
517
503
502
447
407
397
396
391
404
408
411
384
368
379
408
397
358
370
438
540
594
592
566
563
563
576
588
621
629
637
621
626
642
646
624
612
593
582
578
579
598
590
585
582
569
582
584
576
592
590
581
576
555
549
535
527
527
544
556
531
485
486
474
465
473
472
539
606
670
700
672
634
561
527
522
538
535
525
547
579
614
610
591
596
600
603
590
602
599
624
594
579
594
608
606
588
595
603
591
574
547
542
533
529
518
525
529
503
475
453
455
469
458
461
466
451
400
395
393
399
404
407
418
415
398
387
410
425
420
379
394
465
568
619
622
618
606
607
605
626
595
599
597
617
613
585
497
419
386
397
405
436
469
508
540
515
497
507
522
531
563
608
618
569
521
481
476
497
484
481
496
507
497
486
499
532
565
582
593
579
561
555
590
579
531
460
424
407
425
421
433
425
439
425
425
445
464
440
423
488
578
652
645
614
631
631
593
527
489
513
529
501
504
527
585
605
610
602
618
590
534
496
491
506
525
515
506
515
522
503
513
507
522
513
513
508
508
514
519
516
520
515
494
478
460
466
460
468
470
471
461
462
427
416
424
441
427
437
427
435
446
431
422
393
380
401
394
403
439
453
457
457
464
473
453
468
459
450
465
488
547
591
595
580
580
585
595
567
555
550
544
549
511
518
502
512
517
498
494
504
506
505
522
515
515
505
496
503
495
508
505
514
518
522
508
505
507
503
512
498
503
494
499
503
502
526
513
505
511
524
545
546
548
552
557
540
512
509
507
517
513
507
505
503
510
504
502
501
531
576
614
612
585
607
600
611
608
606
608
608
604
587
553
525
530
528
519
526
541
538
516
519
539
526
526
532
534
526
519
516
525
539
511
519
532
532
516
520
530
536
532
515
536
539
542
513
511
573
567
406
144
