649
672
602
573
599
623
598
568
598
616
609
572
541
532
516
509
495
559
605
655
637
570
504
478
476
478
482
478
473
473
475
463
462
473
482
490
465
473
467
473
469
467
490
493
476
444
470
474
476
471
468
514
587
634
636
629
625
628
623
614
617
598
600
606
626
641
619
578
517
484
466
482
490
473
469
475
499
525
528
527
524
535
530
539
524
535
580
610
598
591
606
603
561
504
466
484
497
501
479
471
475
472
462
455
447
449
445
442
443
445
448
438
426
401
401
398
407
450
451
443
456
441
447
450
434
441
446
441
438
424
406
385
367
357
349
363
380
421
470
461
446
447
465
464
446
447
494
555
597
596
585
570
597
614
617
636
640
637
615
613
623
639
611
562
525
534
536
523
486
455
467
472
470
457
447
477
481
488
501
480
488
467
507
565
615
604
581
588
602
615
607
585
548
544
564
554
541
551
547
533
513
494
489
497
508
501
490
494
519
551
568
576
564
566
567
572
571
567
575
575
573
568
564
552
567
579
579
598
604
590
580
597
610
598
548
470
435
443
425
399
402
417
422
382
389
480
613
702
700
698
702
701
673
611
579
596
600
594
589
607
622
589
537
492
507
530
528
492
484
486
459
444
464
459
478
462
463
466
494
485
495
506
545
585
575
575
577
597
593
555
492
457
449
462
471
462
464
466
456
453
454
455
465
447
440
448
474
506
518
506
504
510
521
513
506
556
623
673
658
644
638
658
667
637
580
555
559
558
576
581
571
561
539
523
514
526
530
540
521
520
522
532
526
512
519
566
627
677
692
669
671
681
682
641
619
582
569
569
580
578
541
485
445
441
450
464
448
443
436
438
425
416
411
420
431
436
428
405
422
488
554
615
614
603
597
609
623
590
559
524
494
453
422
402
408
418
407
388
394
438
472
505
500
492
489
497
497
500
495
485
491
523
552
569
576
573
568
561
576
543
528
498
499
514
505
501
506
522
563
602
613
592
601
608
615
597
575
571
578
608
607
628
615
618
633
616
601
548
512
519
558
620
641
635
617
641
644
613
543
502
493
492
529
513
472
447
399
393
413
408
399
383
430
455
473
469
464
500
555
599
604
607
588
588
608
597
584
552
531
532
542
533
541
542
549
552
551
540
514
527
520
510
501
503
540
575
604
607
612
601
596
614
607
577
574
565
546
547
544
528
511
509
516
519
507
503
519
506
522
512
521
535
521
525
536
536
528
539
557
633
681
671
634
634
668
682
646
581
549
559
566
563
564
569
566
564
539
517
487
502
504
513
489
496
491
496
519
552
588
619
603
587
585
596
602
582
554
540
546
530
539
547
588
611
615
607
601
614
605
608
609
595
583
561
571
576
561
567
561
563
541
481
452
434
453
444
444
452
451
429
434
491
564
600
613
594
596
607
614
593
583
595
623
612
570
498
458
471
476
487
473
453
474
478
468
476
476
475
466
469
509
589
645
649
661
660
661
618
528
486
464
474
529
603
658
683
670
645
658
656
656
613
597
591
588
574
586
597
591
579
567
546
544
551
553
547
554
552
558
537
518
487
475
494
500
498
489
490
540
578
607
600
595
577
586
618
620
584
527
491
481
476
473
476
483
496
493
478
484
474
465
466
460
469
474
462
459
500
558
604
616
605
597
611
606
601
579
546
497
454
456
471
489
482
476
481
487
493
482
479
497
493
476
477
518
576
605
610
610
601
615
597
589
604
611
609
581
564
549
563
561
550
547
552
555
548
553
546
549
553
550
556
554
549
589
609
600
587
584
598
604
570
517
498
483
494
491
496
485
468
443
409
414
441
430
443
453
457
448
460
433
462
502
519
519
525
514
514
505
512
550
611
644
657
645
645
651
670
648
633
591
572
560
573
566
555
564
574
571
540
526
517
543
538
528
508
528
563
630
671
673
667
675
634
590
559
537
565
558
553
539
556
571
546
518
501
501
505
505
471
487
547
590
635
620
621
619
604
594
587
581
574
577
588
589
556
535
504
494
495
500
503
497
487
468
457
433
441
455
450
442
433
414
413
402
407
394
400
391
384
395
406
438
462
464
467
471
450
467
494
544
583
594
579
558
555
548
539
522
504
508
510
502
497
496
510
528
535
536
547
541
537
544
540
520
515
498
505
515
498
496
509
529
570
605
642
622
592
557
535
527
533
538
515
525
526
518
527
542
534
529
527
528
524
529
518
523
529
528
521
540
536
525
517
512
543
540
520
509
530
548
521
514
534
543
540
509
524
548
549
505
508
565
558
393
150
