638
651
590
588
609
609
599
575
592
586
544
505
514
515
518
512
507
499
508
537
608
648
632
624
646
647
603
519
452
436
478
525
585
610
646
625
622
624
640
633
625
632
635
633
622
617
641
642
625
606
621
626
647
625
622
619
616
629
632
610
571
530
530
538
540
538
554
544
530
504
482
502
507
512
485
502
485
471
453
441
451
450
447
451
465
450
427
395
355
350
365
418
495
556
557
538
532
538
554
548
553
543
566
577
559
571
572
585
574
579
589
577
587
582
587
590
578
556
519
472
466
468
471
486
474
473
463
473
476
470
470
500
533
537
549
546
545
534
538
539
553
525
504
485
497
500
501
487
501
512
529
547
558
551
569
575
594
608
585
568
542
512
498
499
533
572
592
581
579
581
584
578
597
580
584
596
598
601
583
590
587
584
580
578
570
578
565
564
560
573
562
572
564
574
586
568
553
507
499
498
514
508
496
491
474
442
422
413
416
429
430
408
367
332
327
371
437
462
460
451
457
458
434
446
477
547
606
587
584
580
564
524
483
481
506
516
545
543
555
562
548
539
541
564
551
541
550
554
562
550
550
581
620
629
624
613
617
611
605
567
557
557
547
539
538
515
516
504
509
511
509
511
527
550
568
561
569
575
563
530
471
440
422
439
440
437
430
431
448
450
457
485
465
454
463
483
530
546
549
548
544
535
518
555
622
668
670
666
664
673
659
617
590
579
577
569
585
586
590
593
596
590
593
579
586
589
576
559
511
478
482
488
488
485
489
494
469
422
411
410
426
416
410
425
446
437
432
442
447
434
422
431
435
429
407
393
395
398
404
403
412
419
406
370
377
396
395
363
367
447
555
601
592
573
559
585
578
572
575
598
579
571
567
574
582
572
528
534
532
527
510
474
439
440
450
444
434
451
496
614
688
701
656
648
677
675
645
584
557
544
541
482
441
418
448
455
437
427
444
458
466
472
480
461
462
469
487
473
458
462
464
482
506
506
513
520
515
515
529
520
520
503
510
509
515
505
502
533
567
581
614
612
605
614
605
602
600
597
595
618
623
575
516
466
459
466
475
479
488
488
457
418
422
438
433
436
433
429
410
409
423
437
433
419
425
483
559
626
627
620
571
523
478
454
471
487
477
473
472
473
444
458
500
552
575
582
573
577
577
577
584
575
582
576
571
579
579
577
563
575
569
561
545
544
552
561
549
505
491
484
489
485
494
505
497
495
516
528
532
534
533
533
527
531
538
549
555
554
548
544
573
607
629
623
618
610
632
616
587
521
477
477
490
504
494
482
520
554
582
579
577
566
571
571
602
620
642
651
635
626
631
631
628
612
596
601
595
599
597
597
575
532
503
511
508
514
524
535
529
502
459
432
440
451
450
447
449
450
443
445
439
452
466
473
471
495
492
487
473
490
501
512
508
506
501
506
516
536
552
544
530
531
531
541
544
538
543
546
562
596
635
616
605
616
631
629
610
573
570
573
581
574
572
573
586
567
561
569
590
563
538
527
538
530
528
520
535
541
492
432
392
389
376
396
434
504
555
551
528
524
549
549
555
548
538
564
569
553
547
553
581
605
586
567
599
626
604
539
470
445
433
435
451
468
526
580
593
570
573
583
584
567
583
586
555
526
487
479
474
487
468
477
488
484
474
477
473
492
478
457
470
511
547
579
585
578
582
565
585
575
560
514
501
490
490
490
495
491
467
451
418
411
423
419
416
424
414
400
379
384
400
380
385
372
378
383
392
408
421
412
391
395
413
433
395
389
463
559
619
622
606
606
623
635
610
605
598
591
597
596
606
605
568
522
486
471
482
487
489
483
466
439
414
414
412
428
440
424
389
380
382
368
358
361
410
522
596
615
586
589
589
599
598
604
582
576
550
531
533
525
529
525
522
527
539
558
581
593
593
579
560
577
578
579
571
577
580
570
578
587
594
612
616
612
625
617
593
546
504
501
498
522
508
508
531
534
500
453
416
411
429
426
425
423
434
423
422
424
457
460
464
472
462
473
460
462
491
545
591
588
577
570
589
595
575
568
552
562
547
542
540
543
554
548
566
539
517
505
500
515
506
503
497
526
551
566
560
550
540
554
563
551
535
509
491
503
520
518
501
498
524
566
594
605
590
583
592
589
571
542
508
531
522
525
519
536
540
538
536
534
526
526
518
528
524
529
517
522
522
532
533
524
534
538
533
525
539
534
533
519
536
540
535
526
530
544
526
510
522
553
529
507
520
581
562
390
140
