657
655
601
580
616
620
581
572
589
610
563
514
505
524
525
507
516
512
516
496
504
566
603
631
631
625
614
621
642
620
590
519
479
462
459
477
511
576
642
641
626
607
632
637
627
623
620
627
628
617
622
616
623
614
604
623
622
619
620
630
620
625
617
631
608
544
518
528
549
527
495
483
486
469
415
399
393
410
425
442
468
482
467
467
465
490
485
467
464
475
466
475
493
555
595
594
563
576
597
612
609
614
619
610
606
602
619
579
507
488
504
513
500
481
536
634
702
664
603
577
603
617
558
514
487
477
486
485
499
509
517
527
504
520
501
517
518
508
516
522
508
514
528
539
581
596
605
595
604
605
576
520
485
490
502
501
489
486
467
475
468
470
461
465
456
454
443
443
436
427
431
444
429
428
422
438
434
410
410
414
427
411
419
425
429
421
423
420
424
414
398
413
433
422
399
397
465
570
621
605
600
606
631
634
607
611
616
574
522
487
511
495
437
403
397
409
428
400
392
407
412
409
402
404
417
412
403
405
422
442
455
463
476
476
452
454
484
550
598
593
581
567
567
556
546
540
534
547
543
550
525
516
505
495
495
503
491
477
492
498
514
517
514
507
508
529
512
517
521
561
573
592
582
572
578
590
579
575
574
578
575
585
584
591
584
586
586
589
594
585
591
595
593
593
596
604
601
558
512
493
484
492
491
490
495
463
410
357
348
362
381
359
361
379
388
381
365
368
428
499
551
566
554
559
550
562
545
542
552
552
558
550
569
565
567
550
561
576
620
648
626
631
630
636
626
617
595
578
569
579
592
588
571
523
484
482
495
495
511
495
464
411
390
374
398
397
385
386
406
411
409
422
438
448
395
401
490
600
670
693
671
656
627
590
553
551
560
579
586
573
555
525
499
488
498
547
563
549
541
565
583
575
526
476
465
492
541
589
600
597
553
486
440
419
434
445
448
444
471
493
508
501
473
491
533
570
603
618
629
624
587
544
538
531
530
532
525
523
516
524
529
526
517
544
535
549
531
537
519
516
516
506
502
487
508
506
509
501
505
499
502
506
490
482
469
465
465
470
473
458
470
475
459
455
474
478
470
468
468
475
469
481
457
457
454
456
465
461
468
461
460
457
446
436
451
454
464
470
470
479
491
476
454
475
511
567
611
622
639
624
610
628
627
640
618
620
613
623
614
623
632
615
564
492
435
427
442
454
437
441
451
431
413
412
414
413
400
410
402
396
401
482
596
691
699
665
667
704
697
645
583
571
573
578
569
569
574
554
548
577
638
663
664
666
644
624
562
529
518
537
547
530
524
522
537
547
533
520
480
457
458
468
456
458
448
457
465
464
462
469
481
495
492
476
474
493
509
532
541
547
547
539
557
547
540
575
632
677
684
646
608
575
576
564
561
572
582
567
542
560
564
554
533
537
534
541
528
523
540
556
554
560
563
560
551
554
567
553
550
558
552
547
552
567
565
558
568
567
575
560
561
553
548
555
547
552
555
566
563
555
563
561
569
568
565
557
552
570
562
527
482
458
459
470
468
448
455
498
553
590
578
580
583
604
613
576
538
527
517
518
524
518
514
544
573
587
569
576
588
607
614
621
623
646
638
625
609
631
627
600
533
488
492
508
510
490
493
491
501
506
508
527
516
519
499
517
532
566
567
579
571
576
577
574
559
529
509
504
514
525
525
547
583
593
577
566
585
594
587
548
492
461
447
451
455
446
456
448
462
462
464
434
438
402
413
418
425
431
467
522
561
569
554
559
568
580
546
530
534
528
524
527
527
531
544
525
534
568
575
578
555
565
572
574
562
560
559
542
554
555
543
544
559
578
591
595
573
586
602
605
563
518
494
492
500
497
502
494
511
490
468
464
455
464
464
458
459
459
462
441
434
434
457
480
476
480
485
489
493
484
482
480
482
495
475
470
486
486
494
502
512
520
514
501
515
508
502
513
501
504
503
506
521
540
547
539
551
555
543
545
525
534
519
534
537
538
571
577
592
575
569
577
577
587
589
611
590
605
591
560
510
471
471
486
489
489
468
473
462
437
401
416
431
448
418
407
474
572
631
638
600
609
617
613
574
530
486
487
499
495
502
505
513
536
573
609
593
600
597
600
590
603
617
611
576
495
464
473
497
496
477
472
496
508
516
528
508
542
553
571
584
566
576
588
582
566
537
538
532
549
537
533
537
529
529
535
550
594
623
607
609
603
608
609
574
555
542
556
563
556
524
478
453
457
469
471
465
453
456
471
470
463
477
475
465
465
504
552
577
582
568
560
574
587
579
593
581
599
582
570
548
541
543
543
555
552
552
549
549
555
548
543
550
535
536
536
520
502
513
503
499
499
511
538
562
546
535
510
500
513
508
508
505
508
501
490
525
586
620
632
604
607
621
627
594
539
520
531
521
515
512
512
532
534
524
538
529
528
509
525
533
544
527
511
538
527
521
526
530
543
523
511
517
538
519
519
541
563
535
491
511
567
553
394
150
