639
666
603
568
603
615
581
559
577
613
599
586
583
604
614
584
566
536
514
494
508
506
522
491
492
545
620
658
640
624
648
671
672
590
505
470
475
495
459
455
500
584
648
648
616
608
623
639
626
577
541
527
521
498
489
475
473
481
474
478
473
473
457
482
508
540
552
571
559
559
558
564
562
544
554
571
593
615
606
598
610
625
607
572
521
475
475
478
483
487
486
477
485
509
500
447
406
368
354
352
363
405
447
488
495
470
477
451
466
461
499
531
572
600
582
530
463
429
479
549
605
605
565
578
593
600
597
601
611
615
611
590
604
601
603
574
532
503
500
522
515
507
461
439
415
430
437
424
424
432
434
430
448
422
431
423
433
453
449
449
450
466
464
510
513
500
496
493
506
525
547
555
562
566
542
518
510
496
494
510
544
595
622
620
623
633
615
591
547
526
517
525
514
519
511
479
457
429
408
433
440
433
418
429
427
417
428
425
426
403
422
462
530
593
598
594
579
583
593
599
559
515
470
482
496
475
477
527
629
710
701
676
675
687
695
655
601
572
583
591
574
553
490
465
461
462
469
461
457
451
459
464
463
449
460
472
475
462
461
482
526
556
561
539
537
554
599
602
606
592
588
612
593
576
541
504
487
498
505
511
495
462
449
448
455
456
448
446
440
406
379
371
369
387
388
400
391
402
406
406
379
391
467
566
630
641
623
608
622
607
597
598
619
591
533
487
486
510
514
494
464
485
471
456
458
465
485
466
464
469
462
464
456
460
465
457
452
465
492
512
524
539
577
627
656
655
643
652
652
666
667
661
664
651
632
589
558
564
569
574
554
552
519
510
500
508
524
521
515
501
510
534
515
500
509
540
580
598
597
602
612
587
542
493
492
519
506
501
489
489
522
522
503
506
506
505
538
588
620
610
590
588
597
610
610
611
580
538
506
492
518
513
523
505
499
518
525
496
475
443
444
442
459
448
455
423
399
358
355
359
366
364
349
346
420
502
567
591
556
549
580
597
605
618
644
642
609
561
549
563
575
569
557
577
572
526
468
435
444
446
434
395
359
354
373
433
509
557
578
548
539
553
577
553
553
561
571
577
568
573
589
582
574
547
492
462
449
459
535
607
671
678
658
645
657
663
669
654
627
594
579
570
576
579
592
582
564
533
511
496
508
508
514
487
460
446
456
455
457
458
458
449
446
422
411
412
409
422
401
377
376
379
383
393
381
391
388
381
361
383
418
465
502
497
505
484
476
487
514
570
602
615
611
598
601
596
604
598
595
602
605
607
585
585
570
571
562
574
568
561
556
569
587
628
640
656
643
643
648
651
643
645
633
626
639
637
640
608
556
528
521
541
565
527
468
450
452
466
464
455
452
452
455
427
414
427
436
434
426
433
476
554
603
620
592
579
589
605
592
559
526
511
495
495
497
503
495
493
534
608
655
641
594
608
636
627
573
512
499
485
488
491
493
504
474
424
386
385
412
398
388
403
442
486
499
497
498
490
494
524
559
577
558
527
500
502
501
519
515
528
560
576
577
522
448
395
393
414
408
388
391
461
541
577
578
570
559
571
579
578
570
580
581
589
591
595
595
595
582
540
479
431
401
437
470
454
424
432
495
554
585
580
583
583
586
594
593
595
595
588
585
585
588
575
589
583
573
571
586
588
567
571
591
600
568
526
519
516
536
518
508
518
536
524
511
513
553
597
617
634
624
623
618
619
628
636
636
632
621
536
492
508
532
544
505
446
427
427
416
390
384
397
403
375
372
457
577
647
658
630
633
656
662
650
627
615
584
582
582
591
594
586
577
575
561
529
496
496
503
501
486
491
497
503
507
488
485
503
503
501
473
446
401
394
403
403
408
421
412
403
395
407
393
375
370
459
570
665
671
638
625
656
661
636
594
579
569
574
575
574
595
585
549
490
471
470
478
467
475
485
487
480
470
461
457
451
450
462
454
453
452
445
456
463
465
445
425
411
414
417
419
415
408
416
450
460
478
463
465
465
456
462
485
545
590
592
576
578
587
571
566
550
549
546
545
542
535
555
553
551
544
547
560
551
536
531
511
502
506
527
518
506
489
500
531
531
555
554
560
548
516
493
493
512
512
488
501
531
592
613
611
601
614
622
589
562
540
521
529
525
526
524
534
531
529
524
529
518
529
521
524
540
538
525
533
531
534
530
527
533
533
528
522
528
529
531
532
518
531
530
522
526
537
531
517
521
524
535
530
514
512
531
543
530
510
524
535
543
510
513
548
536
496
513
555
546
390
152
