655
646
602
576
618
639
602
577
578
604
599
560
540
510
518
517
519
514
524
540
611
665
656
632
620
659
678
654
583
518
477
462
462
482
478
467
470
509
578
620
632
620
623
634
633
616
607
614
615
612
614
638
624
586
527
476
470
482
488
498
481
489
470
482
463
477
493
486
470
468
475
483
475
474
483
489
487
468
475
498
486
448
451
478
473
448
447
510
598
658
653
652
645
657
648
641
664
650
597
516
475
473
460
471
518
590
657
661
633
636
650
661
653
653
629
602
564
536
520
535
513
486
492
502
511
500
493
506
543
570
594
615
615
606
613
606
626
607
586
560
541
562
564
553
546
555
557
543
534
526
546
578
587
591
581
588
594
608
603
619
619
622
624
644
635
589
525
479
484
488
498
483
480
497
515
520
514
531
528
510
513
536
578
611
604
594
601
592
615
615
602
609
618
602
591
597
605
604
586
593
593
594
596
589
596
611
612
590
585
608
612
575
521
478
472
480
490
488
483
473
435
418
390
398
437
480
513
498
504
508
512
514
515
519
527
517
518
508
509
524
538
558
573
577
580
583
568
595
584
537
491
486
468
462
472
534
619
692
695
683
666
689
695
664
603
566
562
577
586
588
564
590
617
650
627
618
624
645
661
637
617
625
632
595
523
479
480
497
494
465
493
486
476
447
430
455
463
449
451
466
444
432
436
523
623
702
706
654
613
592
579
594
605
606
606
596
587
568
521
477
454
437
419
415
423
419
412
422
441
454
437
433
441
450
461
437
434
431
442
437
442
443
455
459
462
465
460
464
472
457
466
471
458
441
439
438
433
431
429
436
432
418
417
435
436
444
435
434
431
428
409
429
496
560
596
614
605
623
619
621
625
603
613
628
616
615
622
618
603
609
625
634
592
583
605
634
628
558
482
441
443
438
435
487
561
608
613
595
593
599
599
587
588
589
563
481
433
420
465
454
426
421
466
539
576
591
575
559
578
578
571
574
577
583
584
575
550
536
531
538
542
558
570
580
575
572
562
570
566
551
536
520
515
515
508
511
529
539
575
574
565
562
578
573
531
480
430
419
431
455
439
440
441
429
443
434
430
440
470
488
503
510
509
509
501
500
529
591
605
615
621
613
587
533
478
465
481
506
482
475
490
492
485
469
475
492
506
515
522
522
520
511
514
539
580
603
614
612
613
611
607
619
617
622
624
616
624
619
589
545
546
535
510
474
456
435
453
443
443
430
452
464
452
449
446
456
463
451
436
433
510
632
704
732
699
683
690
706
692
661
605
573
579
568
570
570
563
584
605
625
628
604
611
633
624
599
549
524
529
526
509
514
535
538
508
444
420
414
427
423
406
404
411
418
408
438
521
584
590
581
579
587
580
544
469
433
432
443
453
449
434
429
448
491
504
497
482
483
510
550
564
572
554
547
539
507
467
460
479
488
489
456
467
526
605
674
702
685
673
669
671
681
675
671
679
681
676
669
680
679
664
676
675
678
651
591
556
542
570
573
558
559
562
564
572
564
550
572
560
566
574
604
620
621
596
604
616
626
603
567
548
556
556
548
556
558
552
584
596
586
569
568
577
609
605
563
508
483
469
489
498
485
477
482
499
497
493
490
507
555
575
567
564
563
550
546
541
543
539
552
550
536
543
551
547
563
572
559
552
570
564
545
471
429
425
444
450
427
427
455
473
476
470
482
496
487
470
502
566
599
596
586
606
599
595
587
579
575
561
565
567
569
558
548
576
615
641
640
632
648
648
590
536
503
529
537
519
509
521
532
528
513
527
540
506
442
423
437
450
448
418
436
460
463
475
472
504
539
558
561
552
533
557
575
569
519
448
416
432
467
474
464
449
447
458
469
461
456
455
463
515
592
644
646
639
641
661
675
650
608
572
531
536
528
543
546
510
474
439
433
438
443
452
452
443
439
436
452
446
448
440
444
460
455
422
442
518
625
708
724
680
656
620
597
585
592
625
618
575
509
473
484
480
483
468
482
459
414
391
396
397
395
389
381
399
418
442
471
478
479
472
457
508
554
575
576
567
581
588
575
586
613
646
638
617
623
644
627
576
521
475
458
470
476
480
474
464
477
524
574
613
622
597
592
603
604
587
587
586
597
604
597
599
564
542
539
544
535
539
540
555
565
583
564
561
579
577
570
538
492
453
448
457
459
458
444
456
478
486
471
466
490
490
464
468
512
557
595
583
571
588
589
589
566
549
540
545
533
546
542
546
540
512
502
496
503
507
507
521
503
497
520
503
506
497
500
508
494
499
508
513
511
498
513
500
522
541
565
570
549
542
552
550
545
542
516
514
511
499
500
537
576
615
621
603
594
596
615
614
588
542
513
515
524
536
542
531
522
537
525
527
530
533
536
530
536
529
533
527
538
535
531
517
522
527
541
538
525
528
545
542
528
521
550
539
501
516
581
559
397
152
