651
663
599
587
625
636
595
574
600
599
581
570
603
605
558
523
507
527
509
513
499
517
513
507
547
616
657
627
621
635
653
606
515
454
455
479
476
463
490
492
469
463
521
594
632
633
619
622
624
625
621
636
626
619
610
625
625
580
529
467
456
483
483
478
468
473
463
460
467
482
472
455
462
513
588
650
652
639
639
657
659
604
511
470
488
482
478
474
519
604
676
670
616
564
543
540
536
536
536
540
545
543
541
539
540
552
540
542
543
541
541
548
554
549
542
532
516
508
500
482
492
523
575
623
615
598
585
613
611
598
572
570
562
563
559
554
563
557
543
532
521
524
509
539
571
602
598
581
587
612
624
640
629
622
598
544
496
487
497
494
497
506
511
507
494
479
493
506
522
507
527
530
529
529
530
547
576
598
604
610
604
564
506
486
473
485
491
491
475
484
480
486
485
489
481
481
469
427
420
406
429
417
395
404
436
485
515
514
503
499
523
519
499
509
528
558
589
579
576
578
562
557
571
572
575
567
565
566
571
556
508
468
464
481
493
471
478
523
625
689
694
675
667
672
681
672
679
683
674
647
609
580
575
591
583
583
607
628
656
637
622
631
639
637
584
530
483
472
475
494
493
487
477
453
458
461
459
439
441
521
620
705
721
676
665
678
706
690
659
622
600
587
578
582
604
606
587
579
603
611
608
591
590
607
591
574
510
475
476
484
505
490
464
423
402
397
420
423
418
432
431
449
455
447
441
441
445
447
435
424
443
446
437
448
453
462
470
457
462
455
463
470
458
454
437
440
444
421
426
423
427
415
414
417
430
431
423
423
440
441
422
416
488
570
622
623
610
607
619
583
498
434
432
454
461
441
439
460
499
555
590
605
595
588
595
611
612
594
590
600
609
599
598
593
612
615
552
457
429
433
444
433
425
465
539
579
593
584
586
591
590
575
577
583
593
573
533
531
532
529
527
543
534
531
543
547
539
532
533
534
561
562
556
566
565
568
550
554
561
576
563
561
571
566
563
556
562
566
562
561
566
564
536
508
510
519
537
540
562
566
566
556
556
570
574
524
479
431
436
428
430
433
431
444
439
453
502
504
489
493
546
588
612
615
601
593
596
600
601
604
580
535
484
480
496
496
493
489
496
503
493
478
481
496
497
501
511
523
511
519
515
514
516
537
582
617
621
599
595
609
614
611
597
606
610
603
603
604
614
612
563
510
476
467
487
498
467
438
439
463
476
439
439
502
626
717
707
663
671
694
701
649
596
569
569
577
558
582
574
567
571
568
584
602
625
635
640
600
551
538
522
506
460
435
413
429
428
439
417
426
444
434
438
412
415
414
419
421
411
408
449
530
559
575
558
569
572
572
554
565
577
574
551
536
537
532
537
521
538
552
572
569
561
573
563
526
499
471
475
482
489
450
483
542
649
702
701
675
665
665
676
681
654
592
548
546
562
576
594
607
612
622
608
601
617
628
598
573
553
543
573
588
587
572
596
575
584
586
594
562
512
473
479
493
487
481
475
485
491
487
483
488
494
499
503
490
493
495
495
514
559
562
562
558
552
563
567
563
556
547
524
524
532
533
517
524
536
556
566
567
555
571
549
513
525
540
561
564
556
541
549
562
568
532
525
522
534
529
521
517
535
572
583
591
597
606
598
592
586
584
561
552
567
573
570
569
558
586
609
640
642
632
640
657
613
547
503
496
515
536
535
513
496
460
441
426
426
439
435
430
427
434
446
463
469
473
488
477
465
467
514
542
568
566
569
563
556
549
556
567
551
518
469
436
429
424
439
450
459
459
462
465
465
456
467
506
578
643
665
651
630
598
540
473
453
496
489
471
477
471
491
478
442
443
471
457
418
429
507
629
715
723
699
688
697
693
682
668
699
702
677
629
590
586
587
591
599
600
604
579
497
443
433
462
459
465
456
446
417
396
408
412
420
394
391
478
572
678
683
657
640
666
688
666
643
657
677
663
647
577
551
550
554
563
575
566
553
587
609
620
621
594
611
625
638
589
542
522
510
510
517
508
506
506
524
535
524
502
507
524
581
624
632
619
607
571
558
547
544
542
562
543
537
536
541
548
551
558
569
577
581
545
499
482
479
460
457
463
466
462
467
482
494
489
487
494
495
494
470
471
511
549
573
572
571
560
570
570
589
577
549
493
465
479
490
489
481
470
482
458
428
400
386
409
411
395
398
399
416
399
406
442
465
472
455
438
452
498
559
586
606
600
589
559
546
516
514
532
544
533
533
516
531
521
518
524
540
534
526
516
517
533
528
516
523
533
528
512
518
524
531
527
505
537
528
525
516
530
548
542
505
514
567
553
392
148
