642
665
611
601
602
619
600
595
576
546
515
502
521
517
501
509
519
497
511
555
612
637
645
643
642
610
520
448
441
484
501
456
440
518
597
633
627
610
622
622
622
620
624
630
617
624
620
625
624
624
633
599
546
512
514
517
533
501
470
447
453
465
454
456
462
471
462
427
400
370
367
383
358
372
422
494
565
574
538
535
550
571
556
563
576
576
565
549
559
571
584
577
585
570
587
574
578
595
600
556
501
475
502
495
496
476
473
468
457
464
492
523
543
545
552
544
555
551
543
532
499
478
484
493
493
487
485
507
499
491
491
497
509
531
546
550
539
554
550
545
545
564
586
598
595
583
567
530
500
507
510
532
527
519
509
537
554
583
588
584
585
570
577
580
585
595
595
579
569
591
587
583
577
582
577
558
518
492
499
511
506
486
487
490
502
470
436
414
405
416
419
436
402
352
338
380
431
459
446
440
487
558
598
596
577
563
591
600
585
563
510
497
490
504
514
490
476
487
505
525
555
553
544
548
554
559
551
540
555
555
551
543
552
549
551
553
557
593
628
629
619
608
617
635
632
595
575
576
557
545
527
515
508
521
529
518
516
528
546
589
586
543
460
425
428
444
439
421
438
442
448
427
425
428
444
436
432
445
461
461
455
484
481
469
464
488
526
546
544
529
563
638
669
665
647
657
671
641
607
573
578
608
592
552
503
483
478
479
484
484
497
472
439
400
407
411
410
413
427
442
443
435
433
429
448
439
434
424
415
409
400
405
430
408
389
372
385
387
372
365
441
570
646
649
629
630
641
635
620
583
584
566
577
566
576
574
586
586
599
573
549
533
533
526
519
476
445
443
443
458
440
429
437
516
618
687
692
651
662
687
683
661
660
674
684
670
646
679
693
664
584
540
540
563
555
552
568
578
526
473
416
450
470
483
477
474
495
471
480
488
516
515
513
507
512
521
509
517
534
592
599
600
595
596
609
610
603
582
590
609
608
562
507
465
461
491
478
430
421
423
432
424
405
428
454
429
408
419
485
563
608
618
608
595
584
608
614
577
507
473
471
497
486
474
457
473
474
447
452
500
551
597
598
581
577
583
571
574
578
602
593
580
577
577
586
584
579
583
582
575
564
564
558
553
546
552
551
540
546
551
555
543
502
489
495
506
497
492
491
510
509
502
506
513
533
528
537
532
537
532
540
547
543
543
548
556
554
546
556
567
596
616
639
626
618
623
588
552
518
507
509
506
510
479
492
544
593
628
611
606
590
608
625
610
609
610
603
598
605
616
621
587
545
513
506
533
541
538
520
517
535
539
542
528
519
521
526
540
533
522
527
525
540
523
519
518
523
529
530
524
527
531
537
498
470
455
451
471
486
486
475
481
499
514
505
496
517
524
545
535
540
554
547
527
532
542
542
532
543
537
543
537
547
574
599
622
630
622
624
597
580
572
560
562
580
585
579
560
542
548
534
508
438
376
379
404
408
389
387
431
504
551
559
547
532
540
555
566
564
570
558
563
560
557
583
597
591
541
475
424
431
450
450
429
433
473
534
584
577
574
586
590
579
577
577
575
584
564
562
573
584
570
557
510
471
473
469
493
479
472
470
479
480
473
471
506
553
580
553
558
578
573
545
496
489
485
473
444
424
424
412
419
405
421
417
411
392
382
384
378
373
386
385
368
356
390
433
456
440
429
440
435
427
423
513
624
708
711
687
673
691
693
688
700
686
668
602
571
570
584
586
553
558
566
612
628
581
536
476
476
483
498
503
490
477
444
420
402
413
397
377
352
368
386
374
356
357
430
514
587
607
594
571
586
584
587
586
575
577
596
588
570
546
518
521
536
537
516
523
532
573
582
586
594
580
571
576
587
619
588
545
513
514
533
534
513
508
519
530
510
486
454
428
409
434
416
415
415
413
433
456
463
464
455
461
476
460
461
491
546
584
589
581
576
571
578
589
585
580
567
537
544
539
543
543
551
560
545
541
550
551
556
549
529
506
509
497
513
512
514
492
504
527
542
552
560
565
554
551
546
535
514
512
504
512
514
510
503
510
540
571
619
623
618
596
600
616
625
603
575
556
522
529
517
526
524
526
515
530
530
536
523
535
539
541
527
531
534
517
520
519
544
533
529
514
536
545
525
516
512
547
527
517
526
564
545
398
147
