650
658
576
550
580
608
602
581
602
584
548
510
505
526
518
495
512
545
608
647
661
655
639
636
642
657
654
659
646
659
630
627
615
627
621
641
654
661
607
515
452
451
494
493
474
484
524
591
632
630
625
608
630
615
624
626
609
616
644
633
590
517
468
478
472
491
482
463
432
439
500
625
713
720
685
683
706
713
660
596
578
581
586
571
571
583
597
556
512
475
477
488
488
500
494
485
484
497
507
502
500
497
495
506
510
552
562
552
533
520
539
555
548
514
519
483
463
454
527
637
691
699
689
671
685
644
594
567
567
586
584
596
616
634
623
605
607
628
631
618
610
629
639
639
617
610
616
647
619
619
613
625
620
615
614
611
625
630
620
604
615
620
613
615
627
624
619
612
626
633
591
522
460
461
490
459
410
390
416
413
389
381
454
602
688
672
641
642
670
645
594
562
558
584
571
573
564
567
572
594
587
603
589
586
595
596
565
545
556
566
564
546
548
562
565
517
461
441
432
435
445
444
471
498
508
513
502
491
507
538
574
619
621
607
565
514
489
459
465
496
485
489
482
485
492
482
489
476
486
492
502
502
509
491
509
509
514
494
502
526
553
574
587
579
566
559
572
587
606
623
624
625
620
608
626
638
635
606
579
562
556
554
551
551
552
546
549
533
556
572
595
595
581
589
597
606
598
583
528
504
485
491
513
505
497
495
479
471
455
475
473
457
462
462
474
471
476
476
492
477
489
472
476
482
487
468
479
488
491
479
491
487
489
469
447
434
418
422
423
441
438
426
433
440
428
421
401
378
378
367
370
364
382
424
462
473
466
446
443
452
483
553
598
568
565
572
575
583
569
565
583
605
615
609
623
630
638
639
631
589
518
479
482
495
511
500
482
462
442
441
441
459
439
418
473
539
604
596
579
582
619
621
588
581
588
607
604
588
585
606
601
571
535
521
527
514
521
527
513
510
514
547
610
646
651
626
632
650
643
611
527
485
451
436
420
408
399
408
460
532
574
577
568
559
560
560
567
551
555
574
566
569
563
556
570
567
580
580
592
588
578
574
584
569
532
497
497
525
514
506
482
514
534
539
562
567
550
547
551
556
558
544
554
554
558
553
558
570
602
610
596
592
614
613
590
560
559
552
550
541
543
549
585
596
601
591
564
530
480
487
504
496
496
486
494
472
435
414
420
416
425
406
403
415
419
429
431
432
437
440
426
426
412
377
384
374
384
370
377
408
440
479
469
463
458
460
466
510
556
600
593
580
576
598
603
560
526
494
502
521
498
490
503
521
573
583
600
595
599
606
603
600
594
596
594
603
593
593
589
597
601
595
583
554
540
543
552
561
542
533
557
568
571
552
571
570
533
474
416
423
436
445
425
434
477
541
580
582
575
595
619
643
656
643
626
647
649
638
639
600
594
588
591
598
589
584
589
584
582
583
571
592
601
612
595
589
595
579
575
548
525
534
527
534
541
541
537
500
489
480
491
478
470
472
486
483
455
416
399
394
401
393
392
383
366
376
431
520
588
604
581
567
566
597
622
639
643
645
629
623
633
635
621
593
586
578
581
592
589
554
544
534
533
516
476
457
469
535
611
689
708
682
667
670
711
703
633
551
523
518
535
525
507
536
585
620
607
604
604
610
619
612
596
601
600
616
596
588
546
532
515
538
524
520
534
534
524
488
449
453
459
449
424
405
411
420
424
414
396
405
416
404
395
417
421
404
390
393
440
563
613
610
602
591
608
600
596
612
615
592
519
463
459
475
486
486
469
497
470
474
480
483
486
480
495
496
471
435
378
391
408
398
381
377
410
489
520
520
491
496
512
555
578
587
564
548
534
534
539
534
536
529
537
560
561
557
562
577
580
563
562
573
555
556
523
521
518
532
523
516
529
529
518
525
520
510
532
561
585
590
589
576
587
594
593
553
507
482
468
487
472
477
473
475
457
441
418
425
439
448
432
420
441
456
445
421
429
477
544
611
614
606
606
597
598
603
605
593
554
521
499
517
507
519
499
486
488
468
459
472
462
460
441
428
423
442
432
425
409
438
440
419
429
428
432
439
433
426
429
396
373
375
417
462
462
453
460
488
553
589
594
565
578
593
604
571
541
544
548
545
548
554
538
524
499
513
540
565
565
561
553
556
525
511
509
513
501
503
534
588
615
611
600
607
616
617
610
626
618
601
549
535
529
538
525
519
521
542
549
516
511
518
525
531
517
527
535
531
527
517
522
514
519
523
524
538
535
528
528
539
516
510
512
517
520
519
535
525
516
519
515
530
533
525
522
522
547
528
502
537
537
530
504
529
569
551
387
145
