650
664
604
596
633
646
613
580
602
596
579
528
506
521
532
530
494
500
554
627
665
657
631
610
631
637
648
632
624
586
521
464
479
475
457
451
495
582
636
633
612
605
616
622
610
609
614
603
616
613
626
629
621
604
617
624
607
610
617
629
617
616
627
634
617
609
606
626
626
627
621
617
623
608
616
635
639
579
492
460
472
488
483
479
493
491
466
429
422
510
638
716
708
685
654
680
704
684
652
622
581
563
529
488
477
471
482
479
481
491
503
507
499
494
488
493
495
486
490
490
525
536
566
560
550
554
560
539
501
469
451
479
506
488
464
458
539
632
703
703
656
633
661
676
676
643
600
564
551
574
600
611
618
628
622
570
508
466
474
493
478
475
472
467
477
463
465
474
484
461
427
394
402
412
402
398
398
408
423
421
386
389
465
583
654
663
638
648
669
677
660
652
656
648
595
563
567
571
567
568
582
597
593
597
583
589
606
574
563
537
557
550
536
544
566
569
526
482
445
441
453
452
444
438
438
439
454
493
515
498
492
494
494
542
589
599
606
594
612
616
579
521
479
481
477
501
490
487
483
488
489
481
485
497
487
478
474
486
506
504
503
503
514
551
565
572
577
566
574
566
559
571
564
576
600
616
638
632
625
620
621
624
628
618
630
634
626
611
568
551
550
547
567
562
540
537
554
589
621
622
611
614
618
607
583
580
590
593
577
579
601
594
547
502
491
494
492
492
471
468
479
440
406
415
407
422
411
402
405
420
469
479
475
469
480
473
462
468
508
585
636
649
617
623
649
647
611
567
523
537
544
533
532
541
502
475
428
430
449
456
442
437
464
439
402
364
346
359
359
372
419
468
456
445
447
453
443
447
439
500
559
585
587
565
586
585
581
614
635
637
618
604
620
618
595
535
478
474
496
495
492
503
511
498
498
499
518
509
471
456
451
444
429
449
480
546
588
585
581
613
612
596
565
525
518
514
514
505
520
532
511
510
528
523
520
519
514
530
518
499
539
597
658
656
629
630
661
664
604
524
477
486
491
486
469
482
487
507
498
464
442
420
412
430
442
428
415
419
477
560
606
605
589
580
602
614
609
588
594
588
588
602
594
592
593
582
572
540
496
489
508
538
550
557
550
557
555
548
551
549
554
571
560
553
559
557
552
560
595
609
625
605
595
606
618
617
594
560
547
535
539
546
562
597
598
591
579
592
606
603
556
515
484
485
488
497
481
456
439
414
417
405
421
413
429
426
428
440
441
429
406
388
384
366
368
385
388
381
377
375
413
453
480
477
473
477
472
474
497
553
599
596
586
582
600
590
594
579
579
572
582
584
585
565
525
489
505
509
514
505
527
575
614
609
597
586
605
583
595
592
594
607
587
595
595
605
584
583
590
581
579
562
539
542
541
546
546
542
554
549
545
568
571
567
562
568
581
579
524
456
424
460
524
606
625
634
637
646
633
622
633
645
644
621
594
589
572
586
595
613
596
574
547
533
515
496
479
476
466
418
386
388
407
414
392
396
412
406
394
385
383
398
380
379
385
398
379
376
431
532
569
585
559
571
582
575
567
567
589
630
639
630
624
635
637
632
611
607
598
571
577
574
598
588
570
552
529
524
519
536
537
527
540
554
548
527
489
473
462
461
478
473
461
461
535
631
699
677
643
657
695
703
644
554
490
493
515
516
515
500
508
530
548
547
551
558
554
551
567
551
543
550
553
576
584
594
584
572
580
575
580
588
575
578
582
568
596
618
619
619
602
591
610
610
580
562
522
532
541
540
547
538
528
539
538
548
547
515
504
496
511
510
507
510
504
519
502
505
503
496
519
516
512
515
508
502
521
500
511
510
511
502
492
478
449
439
431
458
449
445
436
402
403
399
404
416
405
400
402
411
421
416
385
385
467
564
626
613
599
601
613
625
612
607
593
601
583
603
614
576
510
465
466
483
478
485
489
494
470
423
389
388
422
414
400
386
426
471
510
523
520
500
509
521
555
584
581
570
587
591
598
567
548
536
538
535
540
549
547
562
559
559
561
562
560
554
519
508
523
531
517
518
513
520
509
506
514
527
558
573
588
572
580
584
588
568
576
584
580
576
579
582
575
576
586
594
581
537
470
420
420
430
418
426
415
431
429
428
431
438
441
446
434
439
447
446
442
440
447
439
428
431
435
432
422
457
564
636
653
628
612
646
648
566
500
480
512
569
591
590
584
604
602
601
615
618
577
530
504
507
521
526
509
509
505
484
458
438
433
444
448
449
438
430
409
387
395
387
390
409
385
376
391
418
442
449
465
491
543
589
591
577
553
549
549
547
532
559
545
548
547
548
544
554
547
551
544
518
500
499
512
499
505
502
515
547
543
556
550
556
542
538
514
503
497
503
495
498
505
541
593
633
621
585
562
517
524
532
531
522
529
520
533
531
529
525
525
527
517
533
523
528
532
528
527
529
534
530
533
527
541
526
525
525
537
533
509
529
551
539
502
507
558
557
401
155
