663
664
606
601
630
637
603
605
621
623
622
620
633
638
597
545
532
540
518
484
455
449
470
455
457
440
431
409
411
410
419
421
411
427
419
412
404
474
575
641
641
626
633
628
636
617
618
628
637
622
609
631
614
626
600
570
529
528
532
529
552
539
542
523
512
486
482
490
485
476
446
442
450
450
447
453
449
431
402
364
367
381
380
356
357
421
491
563
559
545
539
546
551
544
548
559
571
584
567
571
570
563
567
583
578
585
577
562
566
579
557
507
479
482
478
470
476
470
489
481
476
471
468
477
476
466
482
511
536
543
539
543
539
547
557
547
553
543
501
497
495
528
553
548
545
544
547
578
598
603
584
584
592
590
584
584
590
591
594
583
577
590
587
595
564
543
515
518
522
520
530
566
590
587
583
584
574
591
584
578
583
584
586
580
590
589
596
577
568
577
583
545
515
499
491
504
487
510
498
504
479
448
416
401
425
420
417
419
421
420
424
412
412
419
399
345
339
359
355
358
327
341
374
421
453
474
463
451
439
443
484
534
579
595
597
589
589
595
591
583
573
591
597
588
580
584
591
591
567
524
499
497
496
507
488
501
511
539
544
559
553
549
558
553
551
550
538
554
563
599
635
628
616
607
609
624
620
598
569
554
549
541
541
526
514
510
521
531
540
550
585
570
551
481
434
422
441
470
475
478
502
503
500
503
492
491
490
506
499
508
497
478
498
515
549
569
573
570
552
560
555
547
542
555
555
553
559
576
591
601
594
584
582
596
581
558
522
481
478
476
502
504
491
464
432
406
412
410
421
418
412
419
436
444
428
419
426
437
436
434
410
407
413
415
406
394
416
415
402
374
379
391
394
357
360
439
570
647
659
624
621
633
646
632
624
616
588
557
555
572
585
581
572
573
584
579
552
577
584
586
578
572
583
589
562
539
534
543
535
524
537
543
537
508
475
442
429
432
504
604
686
701
659
656
683
690
658
577
540
562
564
566
556
549
557
563
560
518
479
433
420
448
445
436
439
447
474
497
478
482
488
483
475
487
486
498
483
477
513
562
601
579
577
572
581
620
637
616
643
634
636
630
603
557
511
508
522
536
529
512
487
457
454
462
464
454
464
453
466
468
439
414
417
425
422
418
417
474
550
607
618
611
605
610
602
606
595
598
597
595
618
601
586
593
596
599
600
596
606
596
572
518
461
470
483
487
491
485
483
472
463
457
451
450
462
458
445
456
496
553
579
590
568
569
589
584
579
579
575
580
581
562
571
579
575
551
554
548
560
551
553
553
535
509
486
479
491
503
490
494
492
501
510
504
492
506
503
520
535
536
524
533
541
532
530
546
542
553
549
557
554
548
553
536
564
608
641
651
636
595
537
502
486
507
518
515
509
526
584
606
608
598
598
612
602
605
597
609
619
601
579
530
500
477
481
492
492
494
495
497
503
493
497
496
501
500
490
497
506
504
514
511
514
505
510
510
518
533
533
525
544
542
547
542
544
558
588
631
645
626
612
617
640
605
581
566
564
565
570
583
576
579
561
535
522
508
523
556
551
488
438
385
393
394
405
436
485
533
545
532
542
556
573
569
541
552
569
589
589
578
587
590
588
587
601
603
552
479
434
423
439
432
431
460
526
582
593
570
569
574
577
585
573
579
593
588
578
573
578
592
583
576
585
590
578
576
593
589
571
512
489
489
481
482
472
486
476
489
474
472
470
470
465
473
512
535
579
588
575
548
508
482
490
494
488
493
483
492
477
448
410
412
420
429
421
421
398
368
373
380
393
381
385
402
410
425
427
488
610
714
730
690
665
679
697
678
676
695
717
700
650
580
571
558
571
570
564
569
566
577
568
566
568
563
577
575
566
559
553
571
563
561
568
572
579
595
606
608
603
597
607
627
611
619
607
611
604
576
531
494
495
497
496
478
485
484
482
429
422
426
424
416
422
410
424
415
410
421
427
438
416
413
429
423
400
383
380
386
371
373
367
372
350
344
420
532
604
610
583
570
585
583
578
581
592
597
606
579
591
583
570
571
587
597
592
537
524
535
536
561
575
590
586
571
580
605
610
617
610
629
617
612
606
615
608
593
544
501
503
522
517
509
512
522
527
483
443
415
405
432
420
426
420
414
428
425
441
466
474
470
447
472
501
561
584
581
559
547
544
540
545
549
551
552
524
520
525
515
525
517
528
562
585
596
575
542
516
495
498
475
508
512
487
488
488
504
525
528
538
527
534
522
526
533
532
530
518
521
521
524
519
530
540
522
528
517
535
539
531
532
526
528
525
534
516
529
518
523
517
544
527
514
525
544
522
498
517
564
555
403
145
