649
668
601
575
609
632
621
589
596
583
576
598
607
609
571
521
502
516
515
514
514
506
500
528
598
643
646
627
627
638
644
632
615
641
648
637
616
619
650
657
600
515
475
460
519
578
635
631
621
610
637
635
633
609
620
623
588
516
491
480
482
491
500
496
479
465
475
463
455
470
514
601
654
657
625
626
675
662
590
522
520
607
677
679
640
635
656
655
601
566
535
547
550
552
553
551
556
539
522
481
487
529
574
609
624
599
596
604
618
598
576
565
559
552
558
547
544
545
548
530
531
526
548
579
595
587
587
594
593
594
602
600
621
632
618
617
610
627
637
594
531
475
477
505
513
488
489
507
515
521
516
531
540
531
514
515
550
578
595
600
596
618
573
508
464
468
510
514
473
433
405
403
410
413
424
418
400
407
437
487
530
520
497
509
511
506
493
500
514
522
489
487
530
564
573
566
570
570
560
550
558
570
572
538
499
483
475
467
479
501
475
472
477
540
629
691
710
682
668
676
674
687
676
656
620
583
572
574
590
583
582
586
588
585
575
571
581
581
592
607
640
639
631
612
630
627
595
511
483
467
488
494
477
485
484
485
457
449
469
469
436
440
519
628
701
721
689
692
700
693
693
687
695
687
682
677
719
712
704
700
707
683
668
666
694
710
702
653
617
596
589
561
517
488
468
498
488
486
464
433
419
400
409
419
425
406
434
433
453
447
447
446
437
434
443
443
445
447
437
440
443
434
436
439
436
442
441
449
463
463
461
456
462
469
461
457
468
464
452
451
461
425
423
431
440
430
404
418
425
428
429
420
436
430
419
415
419
439
421
410
422
483
575
622
623
608
605
573
495
447
431
443
467
471
457
448
447
486
551
601
619
604
594
585
593
596
582
578
593
600
600
592
597
611
606
592
590
591
590
607
604
602
572
582
594
601
607
597
592
599
601
600
603
596
599
608
592
587
602
604
610
598
611
626
609
555
467
427
416
425
449
445
432
437
488
534
563
577
583
573
567
585
586
576
577
575
565
570
569
587
581
576
591
601
579
565
544
529
534
531
538
542
565
564
573
565
577
569
544
532
534
521
515
528
539
552
573
560
557
558
550
562
561
585
534
466
438
438
445
445
425
445
492
508
501
477
492
508
513
520
562
625
632
607
577
605
630
608
569
503
477
474
477
478
495
478
481
490
482
484
483
485
481
501
514
518
521
531
521
510
520
552
574
608
604
622
608
606
609
618
621
601
605
627
619
568
503
476
469
484
483
458
448
455
453
448
463
451
436
436
523
631
690
696
672
685
703
660
596
553
559
573
574
582
586
620
623
603
609
619
634
623
614
618
622
631
624
582
535
493
478
489
508
502
502
511
501
486
463
438
429
433
467
549
592
595
578
584
585
602
582
563
545
534
537
535
541
534
546
525
551
567
561
557
551
552
550
565
549
532
497
472
494
489
472
467
522
630
689
685
661
653
668
702
691
646
586
557
559
574
575
568
550
568
601
612
613
594
599
618
617
603
599
612
611
598
564
555
557
555
558
560
563
551
557
555
588
597
573
499
466
482
484
490
492
490
481
490
489
485
491
484
502
496
508
537
559
555
554
547
553
551
540
542
549
542
525
535
517
545
574
614
618
607
593
595
567
566
555
549
557
552
544
556
556
551
534
535
544
542
531
527
552
578
594
612
589
589
596
597
595
605
589
592
590
594
598
573
569
562
563
579
618
629
648
649
605
562
529
518
485
455
428
411
438
438
422
413
426
443
447
470
475
487
477
472
487
498
540
559
567
565
553
564
578
575
534
468
429
416
439
447
440
434
435
459
458
470
474
480
471
445
456
507
579
631
644
633
633
636
617
624
623
637
605
529
487
472
495
509
508
513
524
542
526
526
534
537
536
516
520
553
578
590
595
620
616
562
481
445
451
456
453
452
451
432
401
407
400
421
386
391
468
584
685
690
655
651
672
685
656
621
585
544
544
554
592
612
613
606
614
607
618
619
618
593
537
501
503
531
517
503
549
583
633
632
607
594
618
627
602
578
556
533
534
542
542
548
541
546
534
538
545
546
549
541
550
547
542
555
562
568
576
556
560
576
575
540
498
457
451
466
485
472
458
471
475
474
459
461
516
546
589
586
581
564
574
585
577
575
574
550
550
530
512
510
498
511
513
527
530
559
574
556
548
544
558
547
521
493
504
505
500
499
505
518
576
622
620
596
589
622
622
600
549
515
532
535
524
519
527
541
525
511
515
537
532
535
528
534
528
517
508
538
544
531
516
528
529
537
524
531
541
534
520
519
540
529
482
509
560
549
386
150
