646
644
576
558
591
614
591
570
594
615
578
528
510
519
533
517
503
510
560
603
635
647
637
649
645
646
641
633
643
654
642
603
528
472
469
518
593
629
633
624
625
629
623
611
607
617
637
635
621
632
626
620
619
619
624
631
621
614
627
618
620
620
630
632
623
606
599
628
634
615
617
627
615
628
615
631
629
600
580
534
543
552
534
539
518
508
503
501
496
491
500
495
481
469
454
441
443
460
460
440
449
399
366
350
366
377
368
360
356
413
488
557
561
539
540
548
547
557
561
566
561
572
574
583
581
574
577
586
565
521
476
472
474
486
467
462
459
473
473
471
474
475
490
484
467
480
490
525
547
558
541
520
513
491
498
489
490
486
483
512
541
558
546
547
537
552
585
591
599
600
581
563
528
511
506
522
518
509
516
522
566
577
582
584
589
592
585
587
586
584
593
577
569
579
568
573
580
585
556
516
503
492
507
468
428
422
423
427
429
402
372
355
360
340
333
332
379
431
465
464
439
450
469
470
443
451
483
545
595
585
586
576
589
596
558
506
471
469
517
567
587
594
584
575
580
575
575
575
605
615
618
609
616
596
621
628
629
619
582
557
538
550
553
535
517
508
516
530
548
558
576
577
560
571
570
540
476
432
426
449
473
470
472
484
464
452
450
488
524
556
551
542
552
533
527
534
546
551
541
541
536
580
642
674
679
663
664
680
690
637
600
569
576
575
582
570
575
586
586
577
579
581
584
585
585
579
584
583
589
587
573
577
584
595
584
534
503
485
477
462
436
432
446
446
428
396
397
388
394
388
386
400
398
399
385
375
338
336
344
361
368
328
332
405
486
548
554
541
529
534
545
543
543
542
533
546
554
596
620
631
617
611
621
622
607
612
587
564
554
560
573
573
567
569
576
581
588
576
573
574
573
546
524
545
554
547
534
533
542
530
513
455
426
430
460
438
411
421
501
608
683
693
669
620
586
546
523
524
560
566
562
520
476
447
431
451
435
443
444
476
480
472
480
468
468
467
465
479
497
521
529
516
497
501
505
541
585
608
619
602
589
602
610
624
603
595
606
607
602
576
525
482
463
477
492
488
479
447
438
420
410
404
430
470
565
599
619
596
585
591
614
613
574
511
465
469
484
492
490
489
490
485
477
477
490
520
532
540
539
523
524
535
534
538
523
536
544
572
603
592
601
595
606
601
589
557
555
549
549
542
548
567
524
515
484
494
499
506
506
494
494
502
501
511
501
502
495
497
505
516
520
543
531
531
528
540
545
549
554
558
564
535
545
546
569
544
558
573
618
626
618
623
624
591
552
516
510
523
523
510
507
542
592
609
622
617
616
617
622
610
607
601
567
538
532
541
543
506
459
445
444
463
467
446
448
458
457
429
418
410
405
397
405
448
516
570
576
564
547
548
551
555
548
540
558
545
541
544
575
609
629
624
630
627
629
636
623
618
624
625
617
627
611
615
619
608
585
593
578
574
559
573
592
580
562
537
543
532
530
525
529
537
531
522
522
516
523
518
531
537
526
540
528
536
484
430
373
394
413
404
384
404
444
501
551
554
546
533
534
561
556
556
559
555
553
548
545
552
564
572
588
598
605
587
576
587
587
588
573
589
598
609
583
535
488
430
420
428
464
544
587
585
565
579
586
590
575
567
581
575
545
509
465
457
483
516
546
578
565
571
565
585
573
573
578
581
575
545
504
478
485
492
502
501
505
501
504
485
480
491
507
501
497
493
495
513
498
467
439
419
408
419
422
432
418
419
402
387
369
359
387
378
389
406
420
456
438
411
431
511
623
701
712
680
680
697
703
683
655
594
567
560
560
565
570
587
607
605
611
593
584
601
610
569
510
478
467
491
495
484
457
428
398
383
380
377
341
363
429
531
599
598
584
569
580
581
573
579
579
580
577
572
575
580
585
559
579
596
590
559
533
525
518
528
533
530
529
526
526
521
526
515
517
520
530
521
529
513
529
527
533
501
508
522
521
513
526
519
505
505
520
567
598
616
595
587
596
589
597
586
593
583
573
577
588
583
539
497
473
477
492
477
479
482
477
460
465
506
567
608
606
585
595
598
615
588
582
571
579
549
516
482
443
432
437
438
433
431
458
467
483
484
495
498
490
488
491
480
512
532
557
566
558
562
553
576
552
527
524
501
508
507
511
501
515
502
489
505
510
514
511
508
507
504
491
496
524
596
612
619
604
615
616
584
548
516
524
531
521
513
514
519
520
519
513
531
521
526
518
523
527
535
521
515
519
514
519
518
536
543
528
539
532
538
539
536
531
534
533
510
522
526
529
515
513
531
541
523
515
511
535
523
503
518
543
529
504
528
574
557
401
151
