640
653
597
574
618
634
604
565
578
595
624
606
574
544
515
502
493
514
548
595
627
637
657
641
591
534
461
466
485
489
472
451
509
589
637
631
625
631
650
633
624
628
633
625
609
612
632
630
576
510
476
467
475
492
481
480
471
473
468
458
464
481
480
463
451
508
590
654
656
633
624
648
644
631
627
642
660
595
517
468
475
481
482
478
479
477
474
523
598
660
645
645
628
652
644
615
565
552
548
555
539
548
550
551
543
531
517
520
506
490
497
509
508
491
503
505
499
486
500
530
588
614
605
597
606
619
607
613
600
609
609
610
602
602
617
617
606
610
605
608
609
606
612
613
614
593
583
576
556
554
546
558
558
556
548
538
527
530
536
532
523
541
570
595
598
573
576
600
592
582
567
587
615
626
601
623
636
635
591
536
494
494
487
501
496
498
506
510
517
534
518
519
527
552
577
603
614
593
582
594
601
614
575
513
476
485
486
493
460
429
397
394
397
410
413
417
406
406
435
488
508
510
500
495
500
512
504
501
491
532
565
566
573
569
574
580
580
559
512
464
450
484
513
491
464
470
542
626
689
678
684
669
647
621
582
571
593
597
611
631
643
638
634
655
636
613
527
469
468
507
501
485
478
489
492
498
502
482
467
450
446
469
478
435
432
511
636
716
702
671
675
701
704
648
608
593
593
593
569
581
602
605
561
505
474
467
479
489
485
460
431
415
419
406
420
425
437
449
449
447
448
449
442
447
444
452
452
444
442
435
442
426
444
441
440
441
440
433
429
445
446
444
429
442
444
441
447
441
446
449
443
416
413
395
381
379
391
381
370
374
407
455
487
498
489
487
494
544
567
569
558
550
573
562
521
447
388
401
425
416
392
392
464
535
595
605
606
599
596
585
585
589
561
507
459
460
469
471
465
457
454
454
494
549
605
612
578
580
588
610
606
589
608
614
617
602
601
620
618
567
492
428
421
445
442
425
439
474
540
573
603
572
583
593
592
579
578
592
590
575
553
535
528
530
532
558
564
564
555
556
564
560
541
519
509
515
522
506
517
519
514
534
552
587
576
554
501
465
462
473
462
455
459
467
500
500
500
505
494
491
484
525
567
596
594
587
580
562
506
474
468
466
486
494
473
484
493
485
471
486
487
480
478
483
504
501
523
529
528
530
518
527
515
514
515
518
516
515
548
582
595
605
599
598
608
606
601
602
615
618
610
595
616
618
591
517
477
475
483
481
475
473
448
446
447
475
465
423
438
526
632
714
701
673
671
692
660
593
552
553
568
578
583
598
614
615
599
605
618
584
521
481
473
487
484
440
429
438
456
442
422
424
495
565
609
610
605
614
606
600
608
606
584
524
472
462
473
468
459
470
474
457
443
446
461
464
465
455
464
461
430
423
514
636
712
679
592
540
563
569
555
539
554
558
576
569
572
568
573
595
613
604
586
561
545
562
553
553
551
561
559
569
589
593
592
587
594
594
553
514
481
470
484
496
480
480
487
479
480
493
505
496
496
490
491
493
494
518
545
573
564
566
558
554
545
522
513
533
519
520
533
542
562
573
560
572
549
525
517
510
521
508
510
512
530
547
559
556
568
545
560
555
550
561
546
529
532
511
524
547
571
587
590
593
594
590
609
599
586
586
587
579
570
566
571
561
569
592
608
630
632
623
638
650
636
601
546
514
519
519
504
462
412
425
419
438
431
414
429
480
486
498
480
488
500
538
569
576
569
513
474
444
418
423
447
448
436
418
444
465
472
465
465
481
467
442
447
501
603
651
625
624
657
657
600
521
477
477
489
489
497
489
501
483
476
481
480
451
453
472
460
434
445
510
625
693
700
669
671
705
677
617
577
572
596
591
564
598
602
589
592
604
619
570
483
432
446
460
452
439
438
449
455
442
432
463
454
414
388
408
429
419
398
393
474
597
636
603
539
536
558
578
565
542
558
563
552
543
565
572
555
554
547
571
564
548
546
582
606
603
618
622
626
599
533
501
531
596
627
628
611
596
557
544
533
538
552
551
543
532
560
567
574
562
569
554
564
577
546
502
462
462
473
466
458
455
453
458
472
464
466
472
485
473
470
478
509
548
589
590
575
574
585
587
576
553
554
556
548
538
547
557
557
543
509
504
521
488
500
513
542
554
560
561
548
557
562
555
530
495
499
515
506
506
501
539
591
622
620
601
610
614
605
605
620
621
591
544
518
529
536
531
531
534
552
522
527
519
537
518
526
532
525
534
540
534
540
515
501
539
556
541
520
512
534
525
511
524
569
552
386
139
