655
672
603
572
580
598
582
586
576
539
500
481
507
525
505
495
546
617
660
628
614
626
646
647
599
507
446
460
485
479
466
466
516
590
647
635
620
611
623
628
613
617
637
623
628
629
628
626
607
610
622
628
623
607
618
641
633
616
559
541
520
515
516
533
517
492
482
481
494
483
468
493
483
466
418
388
403
414
414
381
384
431
461
470
479
495
550
572
588
566
580
574
577
568
567
587
595
630
631
621
586
531
493
485
504
518
496
487
486
562
669
708
684
681
685
693
654
601
558
571
584
570
558
563
565
560
544
540
548
553
546
542
548
556
574
587
590
595
589
577
566
575
588
593
567
518
476
492
518
493
472
456
455
456
450
413
369
372
391
394
390
396
387
394
383
398
391
409
403
382
388
387
389
384
381
450
536
615
623
605
583
593
603
601
598
598
613
593
588
587
606
601
598
589
615
615
560
526
492
483
499
490
499
484
471
435
405
398
416
400
405
397
404
440
472
454
456
447
456
485
559
600
606
586
575
603
606
596
592
570
556
552
556
555
555
545
532
530
533
523
524
526
523
513
511
517
503
496
508
510
508
500
530
573
593
598
595
590
601
587
592
595
574
582
586
583
603
597
574
529
498
482
487
493
512
474
412
352
349
357
368
362
356
358
379
365
374
372
385
404
383
350
356
422
506
561
565
536
542
591
616
627
638
627
624
620
616
642
645
622
583
552
568
575
578
566
583
582
542
501
489
486
484
485
475
475
471
465
465
452
458
448
456
457
443
394
383
386
418
435
430
436
412
404
413
470
588
671
689
651
654
668
695
676
644
599
570
540
557
570
560
545
504
496
496
496
503
490
496
516
543
569
565
557
552
555
549
559
563
547
565
566
571
564
561
576
575
565
544
552
574
568
526
441
387
394
428
425
393
404
446
524
589
597
586
573
589
594
586
584
585
582
594
560
575
582
576
582
575
556
544
548
560
588
610
613
599
614
596
595
596
599
606
597
604
605
618
604
580
543
524
494
471
463
452
446
457
447
456
462
470
468
463
451
437
423
433
437
442
434
467
484
479
459
463
513
577
624
635
625
614
622
640
632
627
615
622
623
620
571
490
432
421
447
457
450
447
446
458
421
398
400
434
422
380
396
473
616
703
686
662
672
687
682
638
598
582
551
566
568
570
569
553
560
575
627
651
658
650
642
639
650
649
657
646
641
641
650
644
645
667
655
621
588
532
535
536
535
523
532
548
543
518
462
461
453
467
443
448
463
473
478
475
481
490
484
471
479
513
535
548
550
548
545
535
534
568
607
656
655
661
665
664
667
657
662
657
645
603
557
542
542
539
527
531
533
539
531
546
539
557
555
554
572
585
561
518
492
463
459
440
460
462
470
464
447
452
492
560
600
603
596
596
589
591
592
578
576
586
599
571
546
525
523
524
531
534
525
522
548
565
608
620
622
634
632
636
627
592
534
486
482
496
506
486
489
508
502
514
517
523
521
508
508
536
566
573
582
570
544
519
504
500
512
519
504
507
510
552
570
566
543
554
557
529
488
450
459
481
473
437
441
489
552
592
598
594
577
596
584
569
536
523
534
542
536
523
523
540
552
563
572
561
580
577
573
561
552
551
550
549
546
564
574
588
597
590
592
599
602
604
570
533
507
498
506
509
487
498
503
495
477
463
458
473
469
453
439
435
444
446
434
434
437
460
482
500
504
492
486
495
495
516
554
568
585
586
607
635
630
623
621
634
606
519
465
446
485
501
474
460
508
582
619
608
603
610
615
603
597
615
625
603
600
612
628
614
576
522
478
475
489
501
495
453
415
416
419
408
390
402
469
568
624
626
609
606
625
649
636
601
550
509
491
499
503
503
497
498
511
519
504
499
499
530
575
618
612
599
598
604
607
562
496
464
480
491
490
473
503
522
517
513
530
519
520
527
519
531
553
569
576
576
559
548
531
523
547
526
526
545
591
615
612
593
596
609
606
594
553
567
543
492
431
451
472
481
479
447
474
480
487
458
468
503
548
575
579
571
566
583
581
595
581
574
557
551
540
551
538
554
544
546
523
509
509
507
506
500
488
519
535
550
559
567
543
553
558
569
563
534
506
529
575
609
616
603
618
619
610
612
611
608
619
611
606
579
559
527
526
530
538
535
534
519
536
531
525
526
530
524
518
517
530
511
520
528
523
528
531
525
523
530
537
528
529
519
526
536
516
526
538
532
518
517
536
528
530
510
517
536
528
504
524
571
555
398
147
