650
662
615
593
624
629
601
606
614
609
577
577
588
608
598
575
567
551
519
506
513
531
507
503
559
630
649
631
625
626
645
636
620
645
651
616
527
460
447
514
579
622
627
623
626
635
610
609
617
622
615
598
599
611
628
581
515
476
488
498
504
491
497
504
478
492
505
513
524
519
513
508
518
512
506
504
505
493
514
538
585
602
593
587
580
575
580
593
590
556
516
487
484
493
496
481
477
487
497
500
494
504
493
496
500
497
495
487
502
547
570
572
544
536
552
568
543
507
491
498
506
501
486
508
535
590
623
623
614
607
594
612
606
592
591
607
617
621
591
549
509
509
532
542
514
517
546
614
649
656
627
615
636
644
586
505
465
461
475
479
479
479
466
431
410
412
408
402
402
458
585
672
653
591
562
580
580
573
549
563
580
585
585
587
596
596
582
583
608
591
555
541
554
563
533
469
438
428
451
442
436
441
432
428
437
448
463
503
508
520
504
488
504
521
572
616
630
619
567
515
487
477
495
485
491
471
480
476
489
481
488
488
481
493
496
503
507
530
543
576
575
573
584
584
578
571
574
607
638
636
626
606
617
635
615
573
555
560
555
556
545
546
552
541
523
545
557
591
602
598
588
597
590
588
594
594
576
523
499
493
496
510
513
511
483
468
472
465
471
477
472
470
479
479
482
484
492
497
497
485
482
488
493
506
490
463
449
433
439
431
431
431
439
448
419
394
368
358
359
356
339
345
362
368
358
387
433
465
470
452
442
475
549
590
630
626
634
635
627
619
610
641
636
588
533
501
497
494
483
483
477
486
472
448
439
455
457
436
437
436
485
561
604
607
583
580
591
590
572
539
507
502
553
618
658
640
586
514
490
471
490
485
491
482
472
445
413
412
434
440
399
385
443
519
569
577
562
555
570
555
572
563
570
569
560
563
571
575
560
551
568
568
565
573
584
585
584
574
589
581
575
529
505
506
522
519
511
510
519
533
548
560
562
579
615
625
609
567
526
499
502
513
504
512
517
498
493
499
522
504
495
480
542
654
716
720
686
672
683
677
664
675
694
696
667
622
583
581
589
600
595
569
522
473
473
482
510
486
490
484
491
470
475
493
490
471
426
399
411
422
425
412
413
426
448
420
423
424
436
437
403
387
374
377
391
418
452
481
478
479
482
470
484
480
480
468
465
465
471
516
562
590
597
594
580
584
586
595
585
561
521
504
499
503
508
503
501
502
506
528
571
611
611
591
588
615
600
598
575
583
605
578
555
549
534
560
554
540
549
550
565
566
564
554
554
570
587
583
544
467
434
420
428
422
427
437
435
431
398
421
490
554
573
587
581
619
642
658
651
637
645
655
647
609
596
594
600
588
586
605
606
581
542
520
518
524
509
486
475
474
478
468
478
472
454
421
397
386
397
399
396
389
403
398
391
389
387
395
374
375
374
387
381
359
370
438
521
589
586
546
583
627
649
641
624
611
630
630
616
599
589
576
576
578
584
576
573
563
551
547
535
541
549
538
542
538
511
502
480
479
477
484
488
486
457
460
533
631
695
700
672
668
674
680
680
663
677
696
681
621
555
513
510
528
519
513
513
539
574
593
600
594
597
594
597
599
597
588
590
595
599
611
573
547
504
514
522
517
520
512
508
482
426
387
386
414
414
398
364
388
406
405
383
373
470
558
633
630
608
595
618
621
607
612
612
626
608
584
534
500
511
513
511
503
492
507
486
469
453
434
459
448
449
438
442
453
447
446
436
440
442
431
438
444
447
441
445
456
486
511
519
497
484
505
508
506
491
492
508
504
499
501
505
492
492
507
515
508
503
530
572
579
600
581
563
554
532
511
524
523
528
531
565
583
580
570
564
584
588
533
472
422
423
423
427
436
446
437
428
437
449
441
417
403
494
598
643
624
605
641
639
625
544
493
493
508
499
493
510
526
524
508
512
512
508
511
526
511
501
504
510
498
502
515
507
522
502
506
537
575
593
581
586
595
612
597
545
513
515
526
508
517
503
481
472
458
448
465
456
462
454
453
446
421
421
427
432
426
421
407
392
395
387
385
371
391
396
392
383
393
419
441
478
469
463
453
445
450
496
555
588
586
577
576
589
586
578
580
582
598
583
582
590
567
566
546
541
556
545
558
532
553
551
535
513
505
508
500
494
494
508
507
511
506
498
503
521
537
577
565
543
557
560
546
530
513
494
508
504
498
494
499
504
511
530
580
615
613
589
596
631
623
583
550
525
535
525
535
527
532
528
531
524
524
532
529
526
532
527
526
527
524
518
525
524
540
519
502
534
545
533
504
504
556
557
399
143
