609
625
553
552
575
588
562
568
611
629
607
585
597
622
616
587
562
558
563
539
557
563
565
553
562
573
546
468
430
477
548
600
597
577
585
595
589
584
594
595
604
597
591
586
592
586
586
599
591
602
581
586
601
593
585
566
563
545
529
540
552
543
534
525
547
555
570
580
585
611
587
551
515
504
503
476
461
433
441
442
444
435
443
454
441
437
437
450
450
449
444
441
442
445
420
403
399
398
404
418
429
445
441
436
429
440
452
442
433
421
420
403
410
415
408
406
421
426
463
459
451
455
472
475
461
453
490
550
589
587
581
564
574
575
562
568
563
568
555
587
621
651
654
640
638
637
614
551
520
525
521
509
479
469
468
450
457
460
473
471
490
517
569
619
608
591
589
603
603
574
547
543
541
553
555
533
544
546
544
549
542
547
544
536
542
530
511
485
482
496
507
498
498
504
550
571
575
559
566
569
574
568
575
573
569
564
550
571
563
560
574
570
563
562
581
590
614
590
589
580
611
598
541
472
439
396
375
404
498
612
678
697
700
676
675
663
602
594
579
606
620
608
573
539
512
492
502
511
508
497
499
511
512
526
513
503
475
447
460
455
459
469
454
454
461
455
476
486
480
476
479
492
479
485
507
545
572
574
563
548
555
552
569
552
556
562
567
530
501
471
464
477
489
487
466
493
520
528
522
513
522
534
519
524
557
614
658
663
655
652
668
637
575
556
549
581
571
534
527
535
548
541
525
536
557
642
687
702
666
599
573
562
585
582
547
490
446
450
460
465
451
457
447
458
437
406
405
468
554
608
622
596
565
577
618
603
572
516
482
480
486
511
508
502
487
491
472
460
438
443
444
448
452
449
450
454
459
458
464
462
464
473
466
477
481
467
463
455
483
475
455
432
415
423
420
425
422
404
422
442
465
471
458
460
463
471
467
449
496
556
585
584
573
577
581
590
563
562
542
557
546
578
605
624
633
611
599
603
632
620
603
591
617
635
634
583
516
492
524
600
635
634
610
599
629
625
616
588
548
502
480
499
523
504
443
381
395
435
457
459
453
447
457
446
441
491
560
612
608
601
592
607
610
579
550
538
538
541
534
543
534
547
550
547
536
540
549
541
547
547
550
547
539
526
522
512
511
510
514
515
513
516
513
513
517
508
503
536
591
615
618
600
595
613
609
604
607
604
602
599
599
593
610
607
608
614
614
608
604
594
607
611
607
610
613
609
612
609
607
619
593
561
555
556
556
562
560
556
550
543
548
536
546
546
528
560
596
622
616
603
600
625
621
595
583
568
542
522
503
508
499
494
500
530
580
600
614
594
576
542
534
553
583
611
611
597
602
592
614
594
576
560
578
565
529
481
444
450
459
452
454
449
460
459
456
460
451
431
415
414
429
429
434
419
429
416
416
421
469
548
592
598
594
593
608
606
604
560
507
428
422
472
559
604
603
585
592
613
604
600
582
581
572
586
601
593
547
494
449
455
467
463
457
442
442
519
601
664
681
661
658
645
655
652
654
660
666
671
643
602
589
596
605
590
577
581
586
582
592
583
578
579
578
575
587
590
578
592
585
586
588
568
552
535
544
549
548
537
503
508
506
479
493
530
579
614
614
595
597
613
620
598
570
508
494
473
484
492
504
495
493
488
476
464
464
470
478
464
465
473
502
549
578
573
582
570
559
557
556
524
526
529
536
530
522
520
558
603
626
631
622
616
582
544
503
512
529
540
508
507
530
580
601
593
586
592
595
601
581
585
568
558
553
553
560
569
547
555
563
546
558
559
556
549
558
543
559
588
608
592
582
596
590
579
533
497
468
442
436
411
412
437
423
409
417
441
473
454
441
460
494
540
572
582
584
591
589
576
576
571
581
572
558
554
565
554
561
548
530
540
543
541
533
527
578
625
670
673
663
660
668
649
587
555
530
542
572
550
539
550
542
541
560
554
546
548
543
555
546
545
543
538
538
549
552
556
557
539
513
490
498
516
503
486
480
524
586
631
614
619
621
622
626
619
605
604
587
562
538
515
480
460
436
429
440
440
448
445
443
445
458
447
441
436
455
452
427
401
383
377
414
403
380
378
406
446
455
436
454
465
462
460
454
486
540
593
594
569
568
588
585
576
545
548
541
556
538
544
550
560
544
532
515
513
512
500
498
500
505
510
497
511
513
529
557
560
549
548
548
554
556
547
545
525
517
489
495
546
582
602
606
610
605
597
558
538
515
532
521
518
514
525
533
528
517
531
527
516
526
523
545
526
523
525
526
521
518
526
545
543
534
516
523
530
531
507
517
538
537
512
515
541
539
518
516
543
532
504
512
562
549
378
145
