642
652
592
577
600
606
585
589
600
577
537
499
516
528
504
531
603
657
630
613
638
662
608
505
458
462
475
471
501
580
646
625
604
619
647
648
616
598
623
621
613
607
645
636
608
613
625
627
576
501
467
485
487
486
485
483
477
465
472
469
479
471
513
587
632
630
619
630
636
603
522
470
488
515
523
496
486
506
485
451
412
412
445
433
402
408
442
477
505
502
484
509
543
551
546
557
545
542
558
532
497
480
479
474
481
474
468
481
495
470
442
457
532
610
672
667
665
663
638
598
578
558
567
568
567
565
569
566
561
563
575
581
589
616
635
590
522
461
459
485
466
477
470
467
438
410
388
423
418
387
379
468
590
675
663
640
633
657
658
632
593
567
564
569
579
604
593
593
583
582
592
582
569
554
553
555
559
541
559
562
528
469
436
430
448
441
437
418
431
456
481
498
511
506
501
495
494
500
518
574
618
622
604
599
601
622
620
573
524
496
472
488
503
500
494
491
489
491
489
481
492
497
498
504
499
509
495
485
504
526
549
570
581
583
578
571
576
579
601
637
633
621
600
580
553
546
550
553
566
547
546
546
553
546
553
553
543
545
548
555
582
585
599
590
592
603
599
575
530
512
502
500
482
460
464
477
475
465
465
474
469
476
477
482
471
479
482
478
479
481
493
491
483
486
499
488
468
436
424
426
430
424
442
436
418
387
372
368
382
372
364
356
392
425
451
445
441
448
460
436
432
482
552
587
591
585
576
571
576
578
610
632
637
622
628
638
638
595
521
483
479
502
505
502
488
474
449
426
436
490
559
593
613
587
587
588
613
609
562
528
515
511
522
519
514
499
509
552
609
659
667
635
602
530
475
471
489
505
477
441
406
413
416
431
398
415
465
527
569
565
556
545
564
574
561
559
564
564
566
569
559
568
578
584
577
568
531
498
507
507
521
513
493
507
541
553
561
554
560
551
546
550
541
535
546
552
563
565
566
553
552
531
545
570
599
612
619
610
615
603
565
547
544
561
564
581
592
592
565
516
488
472
499
497
501
499
481
443
414
399
414
428
430
423
434
433
433
429
438
442
429
411
394
394
378
389
429
453
469
484
473
468
481
471
513
570
611
632
606
611
632
641
587
556
562
564
563
531
500
475
463
471
487
477
471
478
483
484
474
466
483
528
624
694
710
679
644
671
686
678
636
586
556
554
559
562
579
564
534
465
405
403
442
449
430
425
477
535
576
575
580
589
580
562
565
577
635
647
655
639
643
650
652
628
594
587
585
586
597
598
590
578
575
590
593
592
579
544
529
525
521
524
522
526
526
522
531
530
520
492
481
466
475
483
479
482
478
477
494
486
452
419
408
395
403
391
389
387
389
384
359
378
423
530
573
577
563
560
587
586
563
564
587
616
633
620
636
634
630
631
618
608
575
572
572
589
590
582
588
591
583
552
528
538
553
526
484
467
490
488
459
472
554
649
650
573
508
495
531
538
513
509
538
579
593
595
602
602
609
604
605
603
592
600
593
612
608
601
594
575
542
525
521
536
544
528
518
535
533
536
527
527
534
514
473
443
448
460
445
417
413
403
405
414
402
401
398
396
411
448
482
455
442
487
583
644
621
607
622
654
648
583
521
508
494
485
435
410
392
391
414
412
387
394
418
470
501
500
498
504
512
519
501
506
534
558
588
581
584
577
587
587
588
581
565
541
526
529
540
555
547
553
565
578
564
551
533
525
516
531
526
526
519
525
559
589
599
581
570
570
579
534
476
420
420
449
432
417
418
435
439
427
424
425
423
424
400
432
465
458
417
417
472
560
640
648
633
625
638
644
647
628
629
616
624
622
602
567
500
488
509
520
516
512
526
576
610
609
588
590
602
609
590
560
531
522
528
511
515
522
519
506
486
457
454
466
458
425
407
402
414
407
421
407
415
398
418
433
433
440
430
414
418
412
414
415
409
410
413
430
443
467
480
466
440
465
506
568
584
595
583
590
579
582
570
561
549
535
546
546
548
551
541
519
510
509
509
509
509
503
500
517
537
557
554
555
552
552
544
541
530
492
490
503
516
507
512
513
521
533
535
526
523
533
531
531
531
520
528
532
525
529
538
529
535
530
532
525
539
534
526
523
532
543
528
522
516
536
521
525
516
530
535
518
515
521
532
522
510
527
534
531
511
523
550
535
501
510
561
549
390
154
