649
665
610
590
620
623
581
552
597
597
603
556
535
523
509
511
557
614
651
639
646
646
596
518
460
456
499
487
465
458
510
593
637
639
621
619
622
620
631
625
623
604
545
528
532
537
533
523
530
526
537
521
499
484
484
488
488
464
403
404
424
465
476
467
450
471
470
461
462
495
549
576
584
578
572
570
577
580
609
631
610
603
599
631
625
575
528
500
502
505
499
508
523
502
490
551
642
713
704
678
676
685
684
674
696
703
709
673
669
675
686
663
624
603
586
602
596
591
596
583
588
595
600
574
509
467
474
493
489
473
466
485
495
493
486
510
528
514
506
516
524
513
504
510
551
592
600
593
573
605
604
564
519
496
488
507
509
496
490
474
464
444
462
463
473
460
455
448
466
454
432
405
381
373
374
384
402
388
387
396
408
397
371
383
453
552
613
613
605
596
608
605
597
591
606
597
604
597
596
614
592
590
602
596
597
593
597
600
599
599
590
614
601
600
595
594
589
598
600
588
557
525
464
472
474
485
480
456
470
465
458
456
458
465
467
450
462
494
558
592
600
573
583
573
584
586
592
589
582
584
592
575
571
556
564
571
565
575
568
552
532
506
519
521
529
524
520
521
510
515
508
515
508
503
507
539
568
578
595
582
588
580
598
596
592
578
579
574
590
583
564
519
505
491
491
480
505
484
454
400
356
349
365
363
360
342
363
386
383
376
369
371
376
378
362
380
437
501
547
559
546
547
550
554
538
541
561
562
570
562
562
577
563
548
581
618
633
636
630
638
635
622
617
600
596
590
590
588
564
537
507
505
503
514
498
500
518
538
514
477
448
437
437
445
446
441
428
379
351
337
361
377
353
349
360
400
410
403
402
418
403
377
383
469
593
684
678
653
647
668
673
625
579
563
567
564
563
553
558
565
540
514
498
504
498
502
498
500
494
493
499
525
549
542
539
539
564
570
534
489
452
459
470
452
459
448
462
469
454
442
485
540
587
593
586
584
587
604
572
527
472
432
426
433
441
435
434
434
466
461
473
504
485
490
492
494
493
497
480
518
566
622
634
622
576
559
524
507
513
520
523
517
491
471
461
462
464
447
452
450
469
458
461
450
445
448
445
442
457
470
489
475
466
493
536
599
647
652
641
628
652
671
652
613
536
480
460
483
485
486
478
479
466
469
458
455
435
440
458
463
434
442
508
605
692
709
687
674
688
686
692
688
652
617
568
562
578
597
591
573
570
574
565
573
552
554
555
556
567
590
626
661
660
644
632
660
666
633
562
533
521
523
525
541
540
525
487
456
454
464
472
475
473
469
505
493
474
482
500
529
544
547
556
545
553
567
630
663
682
640
645
652
669
640
593
560
553
567
553
553
568
578
571
548
527
539
529
531
525
530
547
546
561
553
542
537
561
571
571
542
484
444
452
473
460
433
452
490
568
593
606
597
576
567
509
513
533
560
572
581
577
581
579
594
579
597
584
594
601
617
613
637
639
638
592
523
481
481
505
498
501
499
503
514
503
521
547
590
590
557
527
503
502
505
506
503
501
500
504
509
501
494
504
512
539
565
566
532
472
452
443
447
447
491
539
585
577
547
521
528
540
530
519
531
549
570
572
573
571
577
563
577
561
556
539
548
572
562
547
527
545
594
601
578
528
515
497
500
510
501
495
490
469
454
455
459
462
460
449
437
433
427
438
438
438
437
473
495
496
489
487
495
488
497
479
502
512
552
594
594
575
586
589
616
614
605
606
623
626
578
549
523
520
526
543
533
530
528
531
525
538
535
527
518
518
517
529
560
592
640
656
626
635
644
656
606
523
473
478
493
496
509
497
475
451
409
412
430
425
413
414
435
437
416
402
454
574
647
645
570
524
507
510
495
493
523
589
618
611
629
594
594
600
600
605
586
521
471
477
485
482
466
464
498
525
522
518
509
514
522
522
534
565
567
580
565
573
574
575
566
539
529
528
528
523
524
522
558
589
598
604
602
588
624
622
617
591
561
558
560
560
529
489
455
460
466
473
446
450
454
458
454
462
486
471
471
455
474
476
472
471
508
555
586
578
573
572
584
583
576
574
574
567
547
534
545
553
537
540
537
560
554
539
527
507
506
503
505
515
504
490
518
537
548
553
562
546
561
565
555
537
528
499
496
500
512
500
483
500
537
585
616
620
614
605
618
622
611
605
606
621
589
553
516
520
529
540
526
528
535
531
525
528
528
537
541
515
542
542
518
525
540
560
541
518
527
543
529
496
508
569
555
385
152
