436
446
406
406
426
405
409
447
560
637
625
603
599
615
610
584
573
543
503
503
533
601
647
640
632
625
648
640
576
514
473
469
486
470
454
469
512
585
624
640
606
594
605
623
609
607
625
633
639
587
510
472
479
482
474
442
444
467
456
437
437
525
624
696
715
688
692
679
665
588
589
586
606
561
496
470
483
495
489
482
475
488
487
491
475
493
489
496
491
508
507
497
488
513
540
556
557
543
544
552
551
547
568
575
550
517
498
488
477
467
473
484
470
455
449
523
642
688
650
590
561
565
568
572
562
559
580
605
618
625
615
629
640
622
572
499
462
474
487
466
421
387
400
405
413
404
412
413
423
407
403
412
407
400
399
398
402
394
387
408
414
409
401
403
404
395
408
407
410
391
400
405
416
395
403
429
414
384
394
462
591
676
663
650
647
677
669
654
642
653
639
593
567
558
592
582
571
577
573
596
580
588
593
599
582
561
563
553
556
546
556
574
550
514
469
438
424
466
483
505
506
493
502
508
502
530
580
617
610
567
509
477
479
484
494
482
484
489
491
489
487
481
472
479
491
492
498
506
506
499
499
503
532
564
570
572
574
565
572
581
588
618
617
625
612
616
625
641
600
570
546
550
560
561
557
556
563
550
548
533
543
556
544
543
560
561
593
591
584
579
592
583
564
525
500
501
505
498
510
503
491
487
468
466
465
470
454
466
453
467
460
474
467
465
464
465
469
471
478
475
487
480
476
474
479
472
473
469
465
462
429
404
409
394
404
386
400
427
461
492
493
469
471
475
475
465
466
464
480
510
538
579
600
608
611
627
626
623
616
593
546
522
512
523
526
524
521
550
585
636
634
622
601
611
613
603
551
516
522
579
623
647
644
642
631
636
638
659
648
607
530
480
474
483
504
498
471
489
492
490
446
420
407
425
418
410
421
463
529
574
576
560
569
571
574
563
563
563
554
547
565
563
576
575
555
566
566
560
565
570
580
587
580
534
519
500
511
502
509
500
509
504
517
540
563
565
545
539
548
550
543
538
544
546
559
548
553
553
557
560
541
553
554
555
572
547
536
557
565
567
548
549
554
558
554
551
548
558
553
548
563
562
564
580
612
603
602
597
614
602
577
563
533
534
546
546
552
537
554
579
593
605
598
562
506
487
481
493
494
486
481
481
473
433
411
415
419
432
416
427
430
420
421
426
434
428
420
419
436
432
417
400
383
382
373
378
401
432
474
482
470
473
481
495
485
468
455
487
542
596
598
570
571
592
597
556
527
495
507
506
502
497
498
503
510
531
567
609
614
577
578
580
597
584
574
586
591
575
557
530
549
556
553
552
544
537
554
551
571
563
563
562
561
565
586
581
529
476
450
431
427
419
460
523
584
586
555
581
619
655
656
643
636
648
638
637
636
651
654
642
620
600
595
583
595
603
592
587
586
582
587
594
584
575
589
592
594
584
545
510
517
532
537
515
476
497
485
489
467
473
487
467
416
384
387
402
398
396
404
403
392
367
362
382
388
377
368
426
518
578
590
565
574
577
568
561
595
624
644
622
620
635
633
634
616
590
570
588
596
580
585
599
593
565
540
525
524
547
535
544
538
526
500
470
463
475
486
460
458
534
639
694
690
672
695
699
637
571
513
502
514
517
534
568
607
612
609
601
606
612
610
607
581
553
509
522
525
541
550
533
501
488
467
454
438
420
413
397
404
419
409
397
408
424
413
410
390
421
412
397
396
406
421
416
377
393
463
571
629
632
604
598
606
615
612
610
599
611
608
596
563
519
493
475
488
475
492
503
499
489
480
489
510
473
427
399
388
403
407
396
398
396
389
390
433
493
515
496
505
505
516
513
505
501
518
517
513
512
560
590
596
579
584
569
550
523
519
527
536
530
526
531
560
566
577
551
549
532
515
518
510
523
509
508
513
527
555
580
580
581
575
585
587
592
578
568
568
577
572
578
574
564
561
565
580
582
525
472
415
421
428
443
428
424
434
453
470
458
444
464
511
586
628
656
640
623
619
625
639
641
600
540
488
472
489
516
502
480
462
464
458
432
445
503
573
604
618
594
596
614
618
584
540
514
504
519
510
493
471
460
462
468
465
467
460
466
467
470
453
436
437
420
425
428
436
422
400
390
388
397
377
385
386
400
393
388
410
447
460
467
470
466
460
453
454
481
552
591
592
592
580
585
573
568
544
548
552
547
537
556
547
536
512
510
506
506
509
504
501
516
504
496
503
499
494
497
490
502
495
493
506
519
540
567
554
549
543
551
554
547
541
529
510
500
496
507
507
505
494
531
588
626
616
612
621
627
603
560
518
526
529
529
526
520
520
519
515
539
545
537
529
531
532
541
527
526
535
537
524
523
527
544
537
508
510
543
534
493
518
566
552
395
148
