649
663
589
571
600
613
576
578
614
613
558
518
506
524
515
506
518
517
498
506
541
606
645
616
610
623
643
598
518
458
470
489
492
472
458
461
517
572
623
649
626
620
620
628
633
620
607
617
633
632
621
587
528
468
453
469
488
489
475
474
474
476
458
440
467
488
460
439
439
523
635
706
689
638
583
595
598
588
591
589
561
516
469
478
497
490
478
473
491
514
504
487
484
533
534
560
554
556
562
554
551
536
500
467
463
483
486
471
463
474
532
616
671
683
671
672
686
690
646
593
559
562
588
567
563
576
602
608
614
614
627
628
623
611
612
622
623
620
617
630
635
612
617
640
640
593
521
483
468
481
490
490
498
481
481
492
490
490
464
441
433
411
379
397
474
585
665
672
644
628
646
674
660
619
589
575
564
567
568
578
569
582
593
588
591
581
578
594
590
588
577
550
551
562
546
553
551
558
556
534
469
425
415
441
449
451
435
444
441
441
449
487
509
503
490
486
480
501
531
557
582
570
569
559
575
570
556
532
517
520
521
511
490
492
517
514
481
484
517
553
581
575
567
575
568
582
572
574
575
576
567
591
610
627
623
616
632
637
634
602
562
552
553
559
557
561
556
541
546
540
541
538
542
546
574
591
581
587
592
590
565
508
491
488
499
507
511
488
462
443
432
432
440
440
436
430
446
451
448
448
440
448
445
445
443
457
468
503
487
507
496
481
497
496
485
490
497
499
497
481
489
491
494
487
493
496
492
478
447
421
421
423
440
433
410
386
358
333
356
397
442
455
438
434
477
533
587
593
571
579
579
596
614
628
622
619
618
626
620
583
534
502
507
506
486
456
439
439
435
437
443
453
436
453
491
556
601
611
585
588
585
598
617
616
589
552
512
518
522
519
519
563
612
645
667
663
648
612
539
483
463
494
496
489
480
485
495
489
481
496
495
489
484
493
485
482
443
404
411
426
432
411
398
411
463
524
566
585
573
563
555
572
570
565
561
560
553
565
560
575
579
573
569
595
596
580
572
589
590
569
521
496
510
519
512
512
502
511
495
509
534
568
558
546
540
551
585
607
616
610
633
615
614
624
625
593
553
524
530
537
533
532
531
539
530
516
522
532
527
520
521
556
557
568
552
556
579
602
621
619
628
618
622
628
618
575
525
506
517
512
511
487
500
514
492
442
414
412
422
429
432
427
429
446
431
422
440
425
427
441
441
441
432
435
417
388
380
375
402
395
384
376
387
393
443
483
489
468
462
502
557
602
593
583
576
584
588
596
591
590
581
577
571
584
591
588
588
603
592
596
597
580
577
584
586
601
574
521
501
487
519
521
503
497
514
519
508
504
544
578
607
602
584
588
597
596
592
594
583
573
587
573
559
552
544
551
554
539
543
532
553
558
570
563
561
551
558
568
563
528
468
426
418
451
427
407
419
472
549
603
588
560
558
571
577
575
569
572
584
592
610
658
668
636
639
640
645
619
589
585
598
607
573
540
521
537
528
517
491
471
488
476
455
411
393
389
406
416
392
379
378
390
387
359
360
426
539
579
582
583
599
650
630
595
569
590
592
588
575
572
596
588
590
573
553
542
543
535
543
545
529
531
522
504
469
462
474
488
473
446
476
538
602
664
707
691
637
573
529
514
535
532
516
516
534
569
605
612
598
608
610
598
607
598
600
620
609
583
599
612
609
597
583
599
611
613
583
550
527
535
517
535
521
516
527
536
499
473
452
456
464
446
403
399
408
413
416
403
402
396
411
396
407
425
408
397
401
415
431
426
383
390
455
555
629
636
609
600
616
614
619
616
613
629
627
610
605
607
618
605
595
604
611
605
565
499
481
466
466
473
486
471
473
426
419
410
410
403
408
402
407
402
432
474
498
501
498
510
552
587
597
577
575
589
574
561
551
540
535
521
525
550
561
557
549
555
582
566
550
530
513
518
517
533
525
519
533
509
505
522
533
527
533
516
514
519
521
514
515
505
519
530
520
514
527
521
532
526
526
528
527
513
499
530
527
535
565
579
582
575
576
591
584
546
465
418
420
439
441
422
429
435
443
430
424
424
433
424
419
422
415
417
422
429
440
445
430
444
458
452
419
430
492
587
631
646
640
625
627
618
632
638
602
533
487
487
520
507
492
486
528
574
585
590
606
616
608
600
602
605
579
530
518
514
519
514
508
536
499
492
471
457
446
441
414
429
436
427
438
423
439
440
434
416
401
400
394
378
373
404
440
450
444
452
462
456
446
456
491
553
587
585
576
578
594
582
555
544
561
549
555
538
543
541
541
508
487
495
507
493
485
495
512
537
557
556
549
540
559
552
541
520
495
500
512
501
503
501
528
583
617
612
599
600
619
623
594
543
513
520
538
526
532
529
535
518
517
533
521
523
526
526
535
525
535
535
535
527
517
516
534
518
514
521
539
534
498
513
580
557
396
146
