649
662
603
597
623
626
598
587
600
588
599
578
571
539
507
531
611
662
663
625
630
646
604
527
462
472
493
476
435
458
538
602
621
623
617
616
619
610
615
609
621
620
605
576
533
488
478
500
488
484
491
514
519
516
505
513
527
545
566
564
561
561
588
571
539
479
447
494
575
635
630
583
546
506
490
504
501
504
480
440
414
413
422
437
441
428
446
435
438
445
433
420
422
424
408
401
417
448
474
462
456
494
539
596
581
582
577
577
584
579
574
567
570
567
565
559
560
595
638
663
660
646
638
653
653
614
562
537
514
525
519
502
472
462
459
461
463
456
466
466
476
464
462
457
465
458
457
470
471
481
471
485
508
487
469
484
507
568
594
592
597
590
584
554
551
539
542
541
550
556
538
509
494
501
509
489
484
509
564
579
573
559
569
580
582
593
606
602
562
479
431
426
446
424
397
419
425
422
404
399
439
437
435
407
406
482
595
709
719
661
613
592
606
618
582
542
507
506
499
476
463
462
470
464
460
461
459
467
480
475
477
484
462
480
485
490
475
463
496
541
572
573
556
536
552
563
566
538
500
469
480
483
496
487
467
500
527
535
537
537
530
526
514
522
559
603
658
647
628
576
547
554
573
566
567
579
569
560
532
538
538
530
495
528
575
648
678
676
681
674
651
603
574
593
583
573
561
577
579
551
477
433
438
456
442
435
413
406
412
451
528
598
624
593
574
575
597
580
526
484
484
493
477
477
447
439
449
452
439
443
442
443
463
460
460
464
468
459
457
432
413
417
430
425
420
416
441
452
473
461
469
481
465
453
450
489
548
598
601
592
586
605
604
581
561
538
537
536
553
532
513
497
513
566
619
622
625
603
617
626
624
580
525
481
482
491
499
489
502
519
504
463
394
338
356
391
438
466
499
545
576
585
569
560
558
572
572
563
548
512
495
488
519
510
499
497
495
519
543
549
560
556
553
553
536
511
501
526
568
605
608
595
591
608
624
619
586
556
550
558
547
562
567
568
548
530
523
519
529
506
505
509
515
514
520
516
519
507
510
524
546
543
526
523
538
533
533
555
615
658
679
668
654
675
676
641
576
562
543
559
565
547
561
562
528
471
430
435
482
545
595
594
576
583
597
605
596
584
601
593
594
584
596
601
605
574
550
530
540
535
529
527
517
527
540
557
595
599
618
613
599
590
578
572
561
549
559
579
568
563
574
572
576
530
477
454
443
436
445
459
467
447
432
431
458
438
428
428
484
571
619
612
607
595
604
627
596
571
513
467
453
468
486
476
461
466
477
465
468
471
480
467
458
498
592
641
646
644
660
665
605
528
479
481
480
476
521
618
671
678
638
642
671
666
643
601
585
600
589
572
588
603
579
557
550
556
552
554
547
555
546
538
517
500
499
515
509
505
484
488
532
578
615
610
580
586
602
617
602
583
592
607
580
520
476
478
488
493
481
464
472
461
472
471
471
458
465
500
549
575
562
556
575
596
581
564
543
540
531
524
530
550
588
619
607
601
614
609
606
607
614
611
609
601
588
578
543
506
512
534
539
531
516
559
592
587
600
577
585
582
585
582
578
566
543
540
565
564
552
552
554
551
552
537
539
564
587
593
588
614
604
571
517
480
480
497
502
497
489
476
454
426
423
418
440
428
432
414
423
425
410
409
423
418
422
421
423
423
423
424
429
422
430
418
414
419
417
413
424
412
419
420
427
439
440
442
447
468
488
516
507
516
511
513
511
508
505
540
609
675
674
633
580
578
577
577
558
562
574
558
536
524
544
560
520
509
561
635
672
635
566
554
548
528
503
490
509
501
505
526
582
625
620
587
585
612
609
602
609
611
607
590
593
593
589
592
588
605
600
594
591
591
596
576
575
597
598
571
507
501
514
519
499
452
433
439
452
457
447
432
412
385
379
385
394
395
390
393
378
403
442
474
453
448
475
469
463
453
494
549
598
593
567
566
560
587
563
555
550
550
544
555
540
546
511
490
505
503
507
507
510
519
549
556
558
550
555
545
541
547
556
554
540
555
547
561
559
551
532
526
507
507
509
519
509
492
498
536
584
611
614
613
609
584
559
521
518
528
535
543
531
516
528
534
529
537
529
536
532
537
523
532
531
525
526
537
537
523
525
531
533
534
525
527
533
531
536
535
529
539
523
515
521
527
524
522
541
545
523
524
533
536
529
504
521
538
532
493
513
561
552
396
158
