662
685
607
577
593
629
597
574
594
606
590
564
547
517
514
505
517
526
514
500
543
622
655
662
637
641
655
653
602
510
454
464
489
488
482
472
480
482
460
454
495
587
638
643
615
614
623
633
618
616
624
620
635
623
599
562
539
531
546
557
544
515
511
506
496
503
498
516
509
489
484
497
501
491
460
442
444
463
449
419
405
364
346
363
433
501
554
559
551
545
540
540
552
564
560
575
566
578
572
574
575
580
570
529
482
431
428
441
466
475
474
471
475
479
482
481
480
463
474
476
479
492
482
504
555
572
555
515
488
492
502
498
491
491
503
504
538
548
558
552
545
558
553
547
539
576
598
612
575
536
511
521
518
535
518
524
514
500
516
524
516
514
499
531
567
585
579
592
595
594
601
586
585
573
574
576
573
590
591
572
587
588
586
574
572
587
584
585
573
585
589
592
581
575
582
586
578
579
572
579
567
564
571
574
576
561
516
500
494
503
512
504
474
449
425
411
413
417
414
417
418
418
412
367
334
338
379
424
460
464
466
462
457
462
463
451
444
462
499
549
595
601
581
570
591
592
586
560
525
501
490
511
503
501
502
504
541
566
548
555
553
557
548
555
560
558
546
554
575
608
638
634
618
587
555
552
561
561
563
545
536
543
532
520
501
514
534
547
552
573
589
561
557
561
575
575
532
467
433
418
426
426
441
462
479
470
468
471
475
494
518
548
544
525
517
561
636
667
659
637
663
668
669
655
618
576
568
584
600
586
592
582
604
587
558
514
477
488
485
482
487
494
500
476
417
401
401
418
424
409
411
415
411
403
409
399
408
395
408
412
423
428
436
438
448
437
450
438
423
413
402
402
399
410
401
400
396
403
406
401
388
380
373
386
384
372
367
448
571
652
661
626
628
644
648
606
580
570
576
573
576
584
576
582
580
579
572
574
561
567
571
570
570
560
567
571
579
577
580
585
592
579
591
580
579
569
577
566
550
535
526
533
528
524
537
538
543
529
528
531
508
467
430
440
467
452
415
421
502
619
694
691
675
660
668
653
594
548
554
573
551
537
535
567
570
519
464
426
439
451
449
443
436
446
448
455
443
431
460
467
477
478
481
496
524
516
507
500
543
587
609
617
602
603
613
612
601
605
596
605
603
604
586
556
521
457
458
456
452
425
413
429
449
438
428
427
442
437
415
415
480
568
612
607
585
598
599
575
509
468
459
471
491
480
477
474
470
470
449
450
503
563
595
583
580
578
578
576
567
579
572
571
556
551
549
550
559
548
570
559
540
509
483
487
503
497
490
490
488
484
478
502
496
500
499
509
490
492
505
528
530
532
524
534
535
537
522
535
541
546
547
556
560
536
532
560
610
646
598
545
499
502
522
507
495
490
502
505
504
504
508
511
517
506
504
507
512
513
512
496
492
527
591
610
603
596
606
620
617
594
612
623
622
618
613
622
623
609
617
624
618
596
562
531
533
533
521
519
537
510
483
462
454
471
473
461
455
466
457
469
464
474
460
454
455
465
476
468
465
454
458
451
453
470
467
463
452
458
468
464
467
463
481
491
487
485
490
483
484
482
482
497
521
514
512
536
539
539
528
532
536
536
540
539
538
525
543
554
544
542
530
555
594
630
634
626
620
627
636
590
563
571
574
581
560
567
570
573
557
568
556
535
483
423
384
392
397
404
415
407
397
398
421
495
548
558
538
538
536
536
536
534
560
571
565
550
560
564
559
564
576
590
592
597
578
588
597
606
597
547
477
417
412
434
449
434
409
434
495
555
590
591
587
577
581
573
560
568
581
566
575
581
572
570
582
595
564
508
476
470
491
489
487
483
474
480
485
509
546
595
592
579
560
585
581
548
508
485
485
483
480
472
476
487
495
460
438
411
417
424
417
407
410
407
406
411
437
464
486
470
486
485
482
472
451
500
579
637
635
600
596
639
646
593
538
508
506
521
507
504
515
523
518
503
520
532
594
608
624
630
625
618
612
630
620
626
630
630
611
626
606
601
630
638
590
536
494
489
490
478
460
444
454
454
456
439
456
450
449
450
449
457
454
448
467
486
472
451
475
473
471
473
471
473
475
474
478
471
486
476
477
474
477
483
476
476
456
410
398
423
462
474
441
408
433
492
577
624
574
516
522
531
553
531
517
528
554
578
578
575
574
571
577
573
573
594
603
618
633
612
608
617
624
609
583
541
500
511
509
521
523
526
524
514
531
531
533
519
493
446
412
420
427
448
442
456
470
467
461
453
465
475
453
451
449
497
558
583
589
579
580
580
568
540
542
535
536
553
552
553
551
551
548
519
508
505
507
511
502
498
524
547
557
561
554
547
552
553
557
559
539
512
501
504
497
506
501
509
502
501
499
509
522
531
539
529
525
526
534
533
537
549
529
524
525
527
531
535
531
539
524
525
523
537
537
531
535
535
533
527
533
533
539
531
523
531
541
526
520
534
540
527
512
525
575
546
394
148
