631
658
598
585
606
630
617
587
607
611
601
578
576
597
595
586
565
536
511
512
520
530
523
496
504
548
616
653
647
581
507
456
467
495
479
469
454
461
467
519
578
632
648
615
608
622
636
623
635
624
634
614
616
618
623
595
546
516
520
548
534
529
523
531
518
476
431
440
458
449
432
447
462
419
379
379
484
609
682
684
668
654
677
629
590
532
521
536
574
598
618
622
638
610
611
620
636
622
570
513
497
503
503
504
508
500
468
410
366
361
385
386
373
362
402
463
480
484
468
477
470
479
496
545
581
588
560
540
567
580
559
520
487
445
440
446
452
462
440
433
450
465
460
439
445
519
574
626
601
604
599
610
596
620
617
617
614
621
630
622
596
549
533
527
544
551
532
521
478
462
458
471
475
474
455
465
462
455
459
447
456
457
460
446
448
460
448
435
465
484
503
517
540
560
574
570
559
576
575
540
477
429
421
446
447
438
436
497
571
613
606
594
585
576
597
601
604
610
603
604
596
584
605
621
607
569
509
463
466
498
497
462
434
421
420
430
432
442
434
428
414
420
443
442
420
404
471
556
603
586
555
555
566
588
564
532
490
480
486
516
493
467
478
549
634
697
706
687
682
691
693
681
672
673
673
666
703
699
649
607
567
562
585
594
571
535
490
451
452
462
462
466
462
451
465
460
478
535
556
557
542
555
587
607
607
597
602
597
589
601
598
572
515
488
497
507
482
454
432
429
419
383
367
388
392
380
386
394
401
377
369
445
558
629
618
592
593
610
611
590
595
605
606
583
595
599
598
574
536
499
505
498
488
494
498
517
515
479
464
469
483
478
473
463
488
537
577
586
565
570
578
575
553
556
574
574
575
591
605
613
613
595
598
606
602
596
596
608
615
594
602
618
621
574
552
548
584
636
643
634
615
607
630
618
618
615
580
555
514
491
521
524
510
500
495
551
586
610
623
623
604
580
532
509
507
520
500
468
429
442
438
459
446
429
429
415
364
324
366
376
374
331
342
430
531
572
586
564
561
562
551
563
590
622
628
614
624
634
628
621
625
635
612
568
552
570
585
564
554
565
577
531
474
445
440
433
400
366
364
381
383
357
361
375
373
368
366
376
379
355
361
412
508
571
571
556
556
564
571
554
566
593
585
573
566
567
611
597
540
494
471
478
478
454
448
520
608
679
694
650
639
650
655
667
656
669
660
668
665
664
674
686
662
661
662
662
660
655
640
667
658
664
652
653
637
607
587
569
569
577
571
588
593
557
532
515
501
521
515
491
491
494
502
489
477
455
457
469
472
453
428
420
415
408
420
402
401
420
408
397
384
378
384
379
367
371
409
456
487
491
493
502
490
495
516
555
614
610
612
598
596
602
603
595
618
608
596
587
570
550
555
555
575
602
618
630
611
584
570
549
555
550
552
562
558
599
602
586
570
575
592
598
549
510
475
474
493
484
473
464
439
427
420
424
438
435
415
423
439
439
423
428
467
544
599
603
581
574
593
599
569
534
502
505
501
504
540
588
634
645
634
629
629
642
646
629
594
535
497
489
503
491
489
483
477
505
500
457
423
403
410
399
401
394
397
411
407
403
395
418
459
513
513
520
498
495
507
509
496
499
535
581
604
610
602
605
605
569
515
470
472
501
494
453
442
427
429
428
426
421
433
428
423
428
414
394
362
354
366
378
351
348
407
496
561
556
526
531
555
566
542
525
520
529
525
532
542
564
573
571
575
581
573
571
567
584
579
576
571
562
542
528
529
514
510
542
604
624
630
603
618
621
634
608
559
513
520
539
528
480
457
424
415
428
418
426
414
405
405
400
384
385
397
396
383
385
380
402
403
386
369
374
393
402
356
369
451
576
675
685
643
618
638
653
643
637
637
663
656
650
630
645
641
643
666
645
636
632
657
653
653
652
647
660
659
651
635
654
647
660
641
645
660
649
618
598
581
586
571
510
484
485
501
518
489
486
481
499
510
466
432
407
399
410
416
414
407
400
403
389
391
401
401
401
392
391
376
397
401
386
379
462
575
653
664
620
633
657
653
613
570
558
565
554
540
546
557
561
543
531
512
503
480
494
543
560
524
488
457
461
473
465
504
539
592
588
563
559
566
562
554
548
552
547
547
537
534
528
502
497
495
503
542
550
547
552
536
550
553
544
516
500
498
496
514
503
515
499
514
537
580
627
632
612
600
617
611
591
552
527
527
530
531
536
526
524
522
519
529
528
526
539
529
526
526
521
522
527
533
533
534
536
532
517
535
541
541
537
529
521
507
521
527
536
515
514
525
545
535
517
537
538
537
498
522
569
558
396
148
