647
654
613
585
627
638
623
601
607
591
591
578
593
611
586
580
593
594
571
529
504
501
526
524
523
509
527
518
499
502
498
542
596
626
642
620
625
660
652
602
514
455
456
478
486
472
451
465
519
579
636
641
627
604
622
641
626
612
627
621
624
608
609
611
629
624
571
504
477
463
470
478
475
482
484
475
463
459
432
431
449
514
617
682
689
677
676
697
703
647
593
558
576
566
555
524
513
521
524
519
505
519
527
524
532
551
564
566
547
555
553
572
532
492
468
479
480
463
464
544
629
688
700
668
637
609
576
548
562
565
580
567
570
600
605
603
622
622
623
624
631
624
623
609
620
636
632
590
506
474
483
486
473
473
497
478
441
397
394
432
420
371
387
469
580
672
674
643
613
588
574
568
577
576
572
561
581
580
584
565
599
597
592
585
576
592
590
583
568
557
554
548
546
552
571
575
525
475
431
418
428
436
448
446
432
435
464
482
504
500
503
502
509
508
501
498
539
589
638
621
594
591
606
618
575
508
472
472
480
491
486
483
496
492
498
487
487
497
491
499
498
509
502
495
502
509
517
499
506
511
509
506
506
518
529
560
572
585
588
564
573
571
590
577
578
571
601
623
628
627
591
577
547
551
555
566
561
554
548
564
565
551
547
544
542
548
539
530
566
581
586
596
584
581
587
592
607
592
571
535
498
491
517
507
512
498
505
502
479
473
464
471
467
465
464
460
477
474
481
473
475
478
484
472
471
476
496
497
493
489
500
491
474
450
437
449
440
414
368
368
359
359
363
371
422
465
472
467
450
449
490
549
577
579
575
578
581
578
581
580
583
601
620
620
648
623
582
532
476
496
497
502
506
478
460
440
449
449
448
441
429
483
564
610
614
595
576
551
536
504
505
511
515
496
525
540
525
505
499
546
619
655
642
631
656
656
643
597
545
496
472
491
500
490
453
424
411
411
416
411
403
419
407
405
410
444
540
562
571
566
560
585
570
565
548
572
571
562
561
566
567
569
567
566
572
581
581
576
581
588
563
540
515
499
504
515
519
499
504
526
543
559
568
558
564
564
557
570
581
593
616
616
613
618
626
629
626
608
594
573
536
530
545
538
521
525
523
531
522
529
522
524
540
528
523
529
545
535
513
485
452
453
435
417
406
411
425
428
417
406
415
415
397
404
411
417
422
425
414
425
423
427
431
432
429
434
428
426
429
436
438
419
421
430
422
431
433
433
437
424
383
364
379
386
391
371
383
410
444
466
481
465
476
477
477
502
554
591
594
581
558
526
507
496
501
522
512
514
520
567
599
601
596
599
602
592
589
588
576
586
589
579
586
589
580
568
554
536
539
546
548
542
532
550
553
567
567
571
578
568
532
475
427
421
444
445
430
407
428
477
531
591
584
574
579
580
572
562
567
593
636
654
644
647
642
649
654
630
593
572
585
593
581
581
594
581
547
519
501
523
536
541
520
537
515
506
471
474
479
480
477
477
487
485
474
463
483
479
450
419
404
410
405
403
405
398
398
380
374
391
387
379
378
433
525
578
586
583
568
560
571
592
610
647
644
616
639
631
644
648
641
621
600
576
587
586
587
575
550
544
534
529
534
549
542
533
534
541
545
542
537
540
526
536
526
527
518
494
474
484
513
496
463
469
533
631
663
678
684
693
641
563
512
518
533
535
534
511
510
505
542
564
599
605
603
600
615
615
613
608
617
593
600
589
591
553
531
510
541
544
512
473
453
453
463
461
464
466
446
416
393
405
401
405
389
400
400
395
393
414
412
392
395
453
555
643
636
596
581
619
612
614
597
614
623
604
604
599
622
618
569
524
492
473
472
481
481
490
457
423
393
389
394
404
415
403
399
385
435
483
507
515
505
495
490
505
531
551
597
587
573
575
577
584
590
579
581
564
545
532
537
547
536
533
540
531
544
552
565
575
563
552
523
509
516
516
525
529
514
510
524
573
598
593
531
469
419
431
439
439
424
418
432
437
421
417
470
578
645
610
553
480
479
530
587
596
573
527
484
509
523
525
496
475
459
471
473
456
464
459
452
433
426
435
444
433
415
404
404
399
393
396
403
387
381
387
409
448
461
462
456
469
469
456
455
476
551
588
600
577
563
574
584
582
565
563
561
548
542
553
546
540
511
498
498
523
513
510
513
527
538
547
557
552
546
541
547
554
536
526
511
485
501
518
578
616
628
613
590
618
623
616
581
564
527
509
512
538
528
527
530
528
544
528
534
526
543
533
521
525
536
551
529
518
524
534
527
508
527
531
530
521
529
536
521
502
525
574
560
391
147
