646
652
585
573
602
574
531
511
522
527
515
537
606
662
643
610
616
664
666
598
503
462
453
475
518
587
621
643
625
611
621
622
618
622
623
629
620
614
622
626
618
613
625
624
606
553
533
528
531
545
538
519
508
489
482
486
485
468
426
408
405
404
412
390
404
392
429
451
470
474
470
479
476
484
475
476
457
468
468
500
549
587
610
605
598
599
616
615
597
622
613
586
513
498
491
508
499
501
553
641
711
721
692
682
701
700
676
623
601
591
606
618
611
560
509
463
465
474
487
477
464
462
474
488
487
469
476
476
475
486
479
470
478
476
512
510
513
504
496
506
494
487
492
532
584
630
644
626
617
621
623
628
619
621
587
570
577
583
576
582
571
562
570
548
495
480
486
499
485
463
450
454
471
455
440
392
383
390
381
398
427
457
443
418
412
478
570
633
627
608
604
626
628
582
516
473
474
478
488
474
474
511
584
607
614
599
587
615
611
565
518
494
486
510
510
510
494
460
425
398
403
414
410
433
452
460
471
449
445
459
461
455
442
465
502
554
586
601
589
588
585
596
594
584
558
544
545
564
549
556
555
546
536
525
511
516
536
517
513
510
495
506
490
500
526
557
596
600
582
587
604
599
594
592
588
590
579
590
590
592
555
515
489
482
500
497
508
500
461
394
342
346
371
375
380
352
365
384
380
371
379
384
379
378
377
432
505
573
561
545
540
559
563
557
555
561
558
545
548
569
602
642
627
628
632
642
631
628
635
639
637
621
590
581
583
580
586
590
585
562
514
475
470
487
494
494
488
462
425
394
380
400
418
395
388
378
421
460
483
494
517
538
557
571
572
554
526
488
499
525
557
570
559
539
556
564
566
541
483
445
453
467
464
462
471
461
439
457
481
548
599
594
581
582
598
601
557
494
433
429
454
442
442
426
439
450
480
490
486
492
471
491
488
479
469
494
488
492
483
483
491
487
485
478
503
510
483
488
522
580
613
612
591
595
597
601
602
599
613
587
546
515
515
533
526
531
521
519
474
450
449
468
480
466
447
462
472
464
453
452
450
452
456
459
467
463
464
468
485
461
443
430
427
454
436
440
438
451
466
456
459
469
471
480
494
577
639
637
609
598
636
634
579
488
431
437
447
436
443
446
423
396
398
405
417
379
384
485
622
693
698
675
679
655
604
566
570
595
587
561
551
588
631
651
641
646
651
654
637
639
643
649
637
640
637
644
643
666
628
610
569
521
518
521
530
524
509
496
486
474
464
469
484
463
468
469
469
470
469
461
467
467
471
462
460
483
516
540
532
526
531
534
532
533
563
616
672
656
648
632
637
651
632
645
655
661
656
649
649
646
642
646
641
591
557
545
553
560
579
558
576
566
554
548
539
528
532
524
535
529
528
538
537
528
534
538
548
566
559
547
557
579
566
539
484
458
449
446
452
480
556
604
608
582
570
612
619
573
527
512
539
577
608
621
623
630
612
619
625
622
575
535
495
501
503
504
497
492
500
508
526
507
510
512
520
526
517
506
507
505
510
521
520
508
523
555
589
588
566
566
582
584
574
571
579
589
579
564
535
508
507
509
529
536
554
583
590
577
540
498
456
464
458
456
441
450
450
460
459
453
449
456
473
477
458
437
426
427
420
417
425
428
426
417
433
426
458
528
578
583
581
573
571
565
562
555
535
524
529
525
531
532
543
562
573
558
560
540
540
545
568
585
585
579
603
582
561
533
494
494
490
510
501
494
505
493
470
449
446
466
462
458
467
459
436
430
438
443
449
431
425
452
477
496
502
505
477
482
504
539
564
586
595
598
622
634
649
640
575
507
471
466
486
496
476
463
511
587
642
635
608
613
620
632
614
609
612
624
612
628
616
619
625
624
613
609
598
608
621
629
614
583
539
482
480
477
488
485
477
481
466
433
412
399
429
428
402
399
470
573
641
632
598
599
624
624
613
593
614
613
590
524
482
496
511
503
508
494
483
493
495
529
573
611
613
595
591
614
609
566
498
476
476
483
475
475
493
501
518
512
521
517
518
524
536
570
566
563
541
532
539
539
539
528
542
582
604
603
609
582
569
553
543
553
555
557
554
531
482
462
463
489
484
460
462
503
559
604
599
576
591
602
584
564
545
549
555
556
546
546
560
562
530
488
459
449
460
456
465
463
458
470
465
466
470
461
471
460
453
453
467
463
457
457
479
500
558
576
601
596
552
551
525
520
533
530
527
527
536
532
519
514
532
532
522
518
521
528
523
521
521
530
523
524
538
538
519
522
534
539
527
522
528
535
526
515
521
549
531
493
513
571
563
398
152
