640
652
594
586
620
640
617
595
604
625
601
567
578
616
611
580
512
513
520
513
494
496
546
609
636
638
638
641
658
599
527
471
458
477
485
489
475
462
472
514
577
633
655
638
613
618
626
628
629
614
618
642
631
576
497
463
479
466
448
452
498
611
708
717
693
670
693
697
690
647
609
587
581
589
590
551
509
472
470
485
485
473
472
495
504
487
493
502
497
491
483
482
518
543
550
546
549
537
500
465
460
481
485
457
458
521
628
689
690
665
665
692
683
638
596
573
565
583
576
593
599
623
623
626
620
614
622
630
623
612
613
636
614
569
504
469
461
478
476
473
481
455
441
412
406
398
414
403
399
376
395
475
584
674
675
639
648
681
681
634
565
550
574
586
574
565
590
603
597
589
585
591
598
575
533
560
562
549
552
567
568
528
453
425
428
447
439
442
435
434
426
453
464
479
486
462
484
485
486
473
476
518
589
627
636
612
612
596
600
592
580
581
595
605
593
565
506
470
468
497
503
484
480
485
502
489
484
491
491
480
478
491
491
507
492
475
479
502
501
503
506
510
496
507
490
517
557
574
576
568
584
580
570
573
593
614
635
626
604
570
555
547
559
548
547
540
530
546
547
565
592
599
601
595
601
597
595
587
587
593
593
594
565
524
508
505
504
495
505
501
507
510
505
505
505
499
500
491
519
511
512
496
497
493
501
503
506
500
492
478
467
459
465
453
453
471
483
460
462
466
459
460
466
458
463
469
470
465
464
458
458
469
462
472
465
460
465
467
461
470
467
466
471
470
462
477
475
471
477
489
483
473
466
476
476
481
486
490
494
482
483
488
468
448
435
444
441
428
434
427
419
388
358
350
354
363
370
370
367
373
372
346
373
389
432
445
457
458
451
439
437
499
547
597
586
591
596
590
579
587
617
629
590
525
483
473
515
515
491
480
499
508
493
485
494
497
489
469
506
512
487
452
453
448
446
426
432
492
571
613
594
580
597
614
621
568
521
519
526
522
511
506
518
499
508
527
552
598
639
658
661
611
522
479
477
491
495
486
496
485
463
437
423
415
405
407
449
527
587
583
565
567
580
565
565
565
569
575
575
565
590
593
565
566
579
592
573
527
493
506
508
505
512
514
535
570
554
549
556
563
552
550
558
613
608
606
596
595
604
586
561
548
538
558
551
553
551
554
553
569
588
594
583
578
580
591
557
499
446
442
467
471
460
443
444
434
425
436
436
439
421
429
436
433
429
418
435
440
453
420
421
463
555
606
619
598
587
556
517
495
490
470
438
392
388
395
401
413
446
472
473
485
468
460
474
510
551
587
601
573
576
613
599
560
533
521
503
509
535
576
593
613
590
607
605
601
587
586
581
592
602
586
585
590
584
563
552
545
538
546
545
546
537
555
555
555
544
535
529
542
538
546
547
540
555
545
554
553
560
577
571
547
551
573
585
565
537
463
440
426
439
445
436
430
439
436
435
419
433
487
541
579
577
570
571
573
577
564
566
570
573
576
580
572
581
580
581
578
589
625
643
646
648
629
650
642
626
595
581
584
591
578
578
571
594
598
566
538
517
543
546
520
508
480
479
475
485
495
479
450
421
402
392
391
405
417
393
375
390
385
388
363
374
423
517
579
591
570
565
563
571
598
619
644
642
624
618
617
611
590
570
586
592
586
536
524
536
543
549
534
552
538
526
493
487
496
482
468
461
478
490
469
475
467
483
494
463
468
514
622
691
689
625
559
511
516
533
515
520
519
515
525
549
589
613
613
593
602
582
595
603
605
600
592
605
600
601
588
532
521
529
533
539
528
509
485
466
456
458
478
464
436
420
413
404
406
394
407
408
406
400
404
410
401
378
401
455
549
624
630
634
612
610
616
621
602
584
606
615
604
553
504
485
473
468
474
481
488
478
432
408
400
401
425
411
389
382
393
424
471
504
519
509
506
503
495
532
566
587
572
544
522
538
540
537
524
523
554
568
569
550
568
577
568
549
529
523
514
512
523
527
514
518
537
542
579
591
579
582
567
582
579
573
586
593
586
574
584
579
575
529
466
418
417
446
429
431
424
436
449
421
434
493
575
655
648
612
595
621
642
631
576
523
498
499
517
526
520
513
533
571
598
600
587
586
592
596
593
573
533
506
495
506
508
510
504
493
516
519
512
511
517
502
508
506
506
487
440
416
426
440
428
420
422
441
468
465
468
457
468
470
463
474
472
484
508
542
556
533
532
544
540
536
528
543
541
540
514
498
509
502
496
497
525
565
603
597
594
595
612
607
604
602
607
592
571
544
542
547
549
557
549
546
527
502
510
514
515
510
499
513
532
550
548
553
552
543
551
543
538
523
503
497
512
500
524
580
624
636
602
599
604
628
625
571
548
524
533
526
528
529
526
525
520
523
528
523
531
522
515
519
523
517
539
530
536
534
533
525
521
513
520
534
534
526
524
521
518
527
530
521
518
526
532
519
527
532
537
526
530
528
527
516
520
534
535
520
520
540
528
531
518
526
529
534
526
529
533
537
541
518
538
548
516
503
526
540
527
503
511
569
563
402
148
