643
659
614
581
610
634
599
588
590
598
587
580
591
600
590
592
596
597
598
586
583
574
539
507
510
517
519
519
539
608
660
656
623
622
657
661
603
490
463
501
585
620
633
629
627
634
621
619
618
621
629
608
619
619
623
580
553
535
532
535
535
541
539
542
554
543
511
498
483
481
464
434
411
403
415
404
403
428
452
460
465
465
474
472
464
510
540
579
589
573
555
569
577
575
577
590
605
618
627
624
605
577
542
518
493
510
533
513
498
499
552
643
701
713
679
681
677
683
685
674
685
701
705
702
693
684
667
642
593
583
603
608
610
553
519
486
476
477
478
508
513
515
505
509
531
509
504
509
544
581
595
603
592
591
569
520
481
484
487
515
509
495
468
461
455
459
451
410
390
378
378
368
381
386
396
404
391
387
406
403
376
375
438
549
609
629
594
606
610
601
592
584
600
608
595
567
523
504
507
511
497
488
492
502
490
467
424
404
406
415
404
420
442
470
470
451
447
473
480
462
433
446
503
566
601
607
597
585
582
586
602
597
578
575
557
554
558
566
556
553
541
545
521
517
518
529
520
515
509
516
513
505
502
500
529
567
599
608
586
590
609
603
594
588
588
607
588
576
589
595
586
567
580
601
573
521
487
496
513
490
489
493
514
467
403
348
368
370
380
360
376
379
352
352
417
505
561
562
536
543
548
548
538
558
562
573
549
549
593
618
632
646
642
627
613
584
585
581
580
594
596
601
564
516
502
497
489
497
487
452
430
383
387
389
391
380
393
412
407
423
424
433
440
404
408
479
611
687
693
658
658
673
692
663
651
651
677
666
634
579
563
569
567
551
525
489
491
500
534
542
540
551
568
569
556
560
551
531
496
471
437
448
464
466
461
435
451
487
559
599
599
562
565
598
602
550
473
430
434
440
434
436
432
451
458
455
441
436
455
467
483
498
493
490
497
487
492
518
564
614
621
592
580
609
616
614
578
543
511
510
519
523
523
519
489
473
462
459
461
458
462
460
450
454
445
448
429
427
442
427
429
434
467
477
476
450
476
515
573
633
632
605
606
605
636
632
594
495
427
431
455
456
442
436
426
418
399
389
416
416
394
389
473
607
691
695
663
651
692
712
680
664
620
592
582
576
581
574
590
586
593
568
569
566
583
574
571
572
564
569
574
556
580
566
570
569
537
559
575
571
567
564
573
593
603
637
661
665
653
654
659
670
618
572
540
530
543
512
479
455
456
459
461
444
451
461
482
485
480
481
478
485
481
470
502
538
564
552
543
549
550
540
537
560
628
651
649
643
658
659
669
645
655
660
658
653
661
655
664
672
632
579
554
563
561
568
561
562
568
561
575
579
558
558
555
546
538
521
534
555
537
526
528
560
563
564
547
555
565
560
520
481
495
553
620
628
603
579
552
526
506
506
529
535
522
513
533
559
592
593
580
605
618
634
638
630
622
622
609
607
628
634
618
582
528
496
508
511
502
492
502
515
513
508
518
519
517
518
551
571
578
573
568
573
594
553
509
496
502
524
537
559
566
564
552
557
560
546
515
500
480
463
477
512
564
635
645
626
604
618
654
641
601
544
512
504
515
524
540
535
519
491
485
451
463
465
455
464
462
458
457
474
500
515
515
512
510
506
509
517
566
618
618
574
538
500
499
504
495
510
495
500
486
467
456
458
455
455
457
468
465
450
453
464
455
446
446
438
462
480
488
505
506
501
482
489
518
549
573
576
588
579
576
578
578
574
572
572
570
571
584
600
629
629
629
619
639
630
600
525
470
459
474
495
467
471
509
579
628
626
616
611
636
620
618
615
612
614
614
611
605
612
607
584
532
488
473
472
491
486
477
468
450
412
409
431
436
426
399
400
488
547
612
621
610
571
525
493
501
513
511
510
499
511
497
491
495
507
512
507
505
503
508
495
492
490
496
499
504
497
499
489
514
562
610
633
617
596
620
627
618
559
509
477
477
499
492
475
481
491
517
513
522
514
520
511
513
522
514
516
514
516
514
529
563
572
580
571
576
575
562
547
536
534
544
541
523
528
555
579
604
607
611
613
621
612
585
571
551
548
555
560
557
541
557
564
537
483
454
452
467
461
445
454
471
479
459
474
497
558
586
585
586
578
586
586
566
549
541
554
546
559
556
549
551
520
499
489
511
531
553
553
553
551
547
542
555
552
540
549
539
548
558
529
510
506
494
501
500
503
507
519
516
505
510
508
521
511
508
493
500
503
585
614
611
599
600
636
611
582
542
527
530
535
528
522
529
537
533
528
529
527
525
538
527
527
519
508
518
535
533
534
535
524
531
522
526
540
529
497
514
520
538
528
516
517
539
531
518
532
553
536
510
518
580
553
378
152
