650
672
604
588
632
635
591
581
585
602
602
585
572
547
511
495
515
523
513
500
534
624
656
649
630
645
664
643
581
525
465
453
476
486
478
460
475
533
594
639
637
620
628
618
620
632
627
632
623
610
620
621
622
618
638
622
588
517
473
496
494
489
467
475
490
485
473
440
494
587
648
652
589
509
472
464
470
471
468
463
476
476
482
472
475
477
480
489
481
462
461
498
544
588
582
564
571
581
594
584
566
539
519
514
510
506
523
515
519
516
520
514
516
510
514
519
511
512
521
522
528
506
502
526
568
600
594
591
588
600
585
584
579
602
573
550
551
557
548
551
550
525
529
519
520
538
527
535
522
531
558
573
590
594
585
582
578
585
586
590
573
602
620
651
647
607
535
488
481
495
499
499
496
497
502
510
513
534
524
522
520
518
544
579
606
608
564
507
473
466
468
440
398
406
410
420
409
398
396
433
485
520
515
506
492
507
504
502
509
500
502
521
506
516
516
542
555
571
574
575
565
571
561
564
571
576
559
507
463
465
491
496
479
475
533
629
687
692
660
661
680
681
689
670
643
602
558
558
589
590
574
567
597
629
619
622
629
641
632
629
641
631
624
623
635
649
648
624
629
637
635
593
514
480
461
474
493
487
478
470
446
459
469
456
433
432
517
625
703
705
684
687
684
664
622
561
580
593
599
555
507
478
473
474
489
504
488
480
448
439
414
418
423
430
427
399
411
422
408
420
415
420
422
425
418
413
420
421
419
404
412
419
409
416
426
441
432
440
448
451
447
431
440
436
445
440
452
453
462
458
458
466
458
455
442
428
426
437
432
441
448
431
433
422
438
436
422
427
432
448
434
426
428
441
439
435
429
437
443
429
423
417
487
585
622
615
588
589
612
644
632
568
496
457
455
459
451
438
489
558
607
600
586
598
593
609
589
587
610
617
605
590
604
602
566
485
419
420
438
460
461
436
446
442
429
442
452
443
445
421
445
440
456
453
446
433
438
450
435
444
451
449
421
439
472
551
582
582
582
578
574
573
566
587
584
588
579
572
582
582
572
530
527
528
547
526
527
526
544
559
569
575
562
554
534
515
503
522
519
523
517
521
548
569
573
559
572
576
568
539
486
434
431
443
445
450
473
500
511
494
493
515
513
506
488
523
590
622
616
595
598
620
616
582
514
490
486
493
494
488
481
491
482
488
482
481
480
490
490
492
509
526
513
501
520
534
577
610
605
611
615
602
602
610
601
598
606
604
616
624
593
603
616
622
575
497
449
458
465
475
469
485
492
478
463
468
463
441
446
511
620
696
719
681
669
688
703
711
676
644
614
572
547
557
588
607
616
622
636
629
615
619
639
636
601
545
534
534
526
526
526
545
538
495
444
426
424
425
438
423
435
432
423
428
423
435
422
434
431
409
413
420
423
407
404
413
474
533
577
577
567
561
567
569
566
568
559
560
546
545
532
539
543
545
528
525
525
550
535
536
528
537
558
566
552
548
558
553
569
571
563
538
499
475
485
485
491
476
479
476
482
468
481
486
446
466
532
637
659
623
556
547
571
576
572
549
583
619
618
613
614
615
616
605
590
570
567
556
560
596
603
598
581
586
588
591
562
511
478
467
478
507
502
503
507
509
522
510
506
515
534
569
606
607
599
556
494
471
483
486
477
491
493
517
516
499
516
555
580
577
577
584
592
567
521
507
522
514
511
513
514
529
522
513
501
516
532
534
540
560
539
545
555
559
548
527
531
520
537
521
528
522
523
539
521
516
540
575
602
598
601
592
584
593
582
587
610
590
593
582
586
590
590
598
589
576
579
588
587
587
568
561
582
607
647
653
632
609
628
637
644
636
630
641
649
617
555
521
495
509
527
507
485
441
414
411
439
435
416
419
445
473
478
466
475
535
559
566
545
554
578
562
516
461
432
430
435
438
436
424
438
437
423
440
435
435
432
461
457
466
507
571
629
631
614
627
643
654
583
516
498
510
500
503
492
500
500
495
501
516
522
497
491
548
652
699
704
698
704
706
668
612
591
593
599
580
586
616
601
550
468
430
443
460
466
454
430
422
398
393
400
418
405
376
382
468
575
666
702
673
623
598
558
551
546
546
553
578
583
607
631
627
597
552
515
503
512
525
513
500
510
511
516
527
527
511
512
559
591
626
623
612
611
613
594
550
544
544
556
552
531
542
575
581
573
571
587
575
542
495
458
450
461
463
467
457
459
480
485
472
468
472
475
483
484
474
484
486
477
477
481
485
469
463
464
507
554
584
582
574
574
594
592
584
571
577
578
583
587
574
560
543
549
537
532
512
508
499
501
518
524
498
506
520
546
555
574
569
554
560
565
568
553
523
499
502
500
508
520
511
508
518
516
514
511
519
528
538
541
531
529
529
529
532
524
517
527
523
525
523
529
535
515
536
547
538
503
516
533
517
506
515
536
540
519
515
520
529
528
514
522
551
527
503
503
561
564
401
162
