655
673
601
584
634
627
601
591
611
609
590
586
610
612
587
537
510
513
524
521
514
518
503
516
543
612
646
638
649
638
604
536
458
436
471
482
453
466
515
583
626
618
612
614
619
613
622
636
625
632
619
614
608
613
633
631
582
514
466
458
478
488
474
454
474
475
457
443
460
474
454
426
441
523
626
679
698
697
675
650
626
583
587
573
535
485
476
480
493
499
495
499
505
503
488
494
491
499
508
495
499
505
497
518
511
510
492
506
531
564
557
549
545
547
563
556
540
545
554
571
537
493
476
481
486
451
445
520
626
692
686
663
678
688
649
602
547
563
588
586
575
560
586
581
590
614
627
628
618
618
615
619
628
605
570
521
475
460
478
493
494
447
421
401
408
415
398
404
466
581
665
685
653
635
642
669
639
581
551
559
577
571
566
582
599
593
572
559
555
546
557
547
558
561
552
517
476
437
436
427
437
459
480
503
513
518
507
507
500
506
527
569
608
612
607
603
610
565
523
480
477
488
497
490
481
474
488
499
487
491
487
478
476
503
506
498
491
522
558
576
584
569
572
589
567
573
585
617
630
630
629
621
610
588
565
554
551
560
547
546
537
552
545
537
525
540
556
573
589
585
574
586
595
602
614
580
598
600
579
557
514
494
497
498
491
511
505
507
497
506
496
515
513
493
502
504
501
484
461
451
463
470
465
465
453
481
485
498
499
474
477
473
486
480
471
469
480
493
479
488
484
484
486
504
478
438
437
430
438
430
420
413
410
381
355
347
358
365
366
359
369
364
366
362
370
356
345
355
389
433
459
463
460
469
464
449
457
496
544
606
601
579
581
586
579
585
576
592
589
572
577
569
581
592
584
583
580
577
581
579
587
583
570
577
587
612
637
633
611
611
623
633
587
521
481
500
501
501
494
462
449
427
435
487
541
588
602
582
561
540
509
484
483
490
532
570
608
622
606
594
594
610
609
585
554
546
547
544
550
559
551
550
549
555
564
568
569
579
567
542
478
432
433
455
456
439
438
450
449
418
412
463
518
560
565
549
554
555
564
557
546
543
546
550
545
540
548
552
560
574
564
553
555
554
559
552
574
569
574
584
590
587
573
519
516
503
511
506
505
517
517
535
557
574
553
555
570
587
603
610
598
592
605
618
615
612
602
606
598
599
600
616
597
589
601
601
608
599
568
550
544
555
553
558
550
548
548
545
555
553
550
540
573
586
611
600
581
591
612
601
554
517
492
476
492
494
489
482
483
481
500
504
480
429
406
400
412
427
427
427
426
432
436
428
423
429
432
423
431
425
438
438
435
424
438
430
429
433
432
435
431
416
393
381
383
392
393
374
372
397
431
498
557
594
604
577
575
579
593
570
533
496
490
535
578
602
605
596
596
591
582
587
597
586
587
583
568
550
550
541
545
545
532
539
547
546
550
550
541
551
553
548
551
559
535
544
543
549
546
539
534
543
547
540
537
539
536
539
547
547
566
558
565
560
573
574
535
451
415
420
438
435
412
417
482
539
589
587
572
571
579
569
578
569
577
577
589
633
655
656
627
631
627
650
649
623
613
594
597
607
589
594
596
588
592
584
569
537
510
506
521
534
536
506
480
480
474
483
484
478
455
428
398
382
397
409
397
398
406
417
397
401
396
400
398
404
401
374
376
387
389
381
373
418
514
594
606
568
560
581
628
641
623
638
638
634
625
592
582
584
582
581
577
575
558
554
545
549
534
536
541
544
545
542
532
544
535
547
539
538
529
553
552
537
551
546
527
495
467
458
542
645
694
695
666
649
671
682
663
640
678
706
700
615
543
511
516
515
509
521
517
515
518
506
513
526
506
508
547
596
607
617
601
595
608
596
605
609
605
595
583
611
593
586
529
520
546
536
527
525
531
549
528
472
441
445
463
456
427
399
383
398
410
385
385
399
420
435
431
453
460
428
406
412
497
626
691
704
706
683
664
614
558
549
572
587
567
565
574
582
570
556
567
551
570
564
573
594
608
600
607
618
617
639
630
585
527
501
497
505
519
498
474
446
443
453
458
444
446
437
438
433
429
439
454
487
520
510
508
497
527
564
587
590
580
576
585
585
583
554
541
514
533
524
528
527
538
551
570
574
556
549
566
569
547
528
522
506
528
561
599
592
539
469
421
422
426
440
428
435
434
442
421
426
431
427
404
411
425
440
433
428
445
452
434
430
463
569
660
672
613
546
505
504
521
531
559
595
609
606
590
559
533
518
508
515
517
519
499
475
458
455
455
469
464
457
441
433
423
402
404
407
414
410
400
388
409
428
455
487
503
483
458
472
515
572
620
605
583
581
587
604
588
560
537
539
551
554
542
514
513
495
499
496
500
509
504
501
497
510
535
548
554
537
534
530
513
501
509
514
517
506
496
497
527
570
620
618
618
604
607
613
621
594
556
517
515
526
519
525
517
526
529
519
511
516
543
529
531
518
538
539
525
521
534
541
528
527
531
526
529
515
528
536
523
512
517
532
535
495
528
576
552
387
153
