604
611
558
564
587
595
582
583
612
636
629
604
590
551
512
516
529
537
531
514
548
595
652
642
637
638
637
653
641
663
646
621
622
627
631
641
639
640
639
636
622
631
636
657
655
610
535
474
458
487
472
463
471
524
589
624
627
627
634
624
610
610
612
634
636
624
639
629
621
616
617
626
590
545
539
532
560
542
532
532
536
529
502
511
492
487
493
509
488
476
458
456
450
424
394
374
375
370
377
422
503
552
566
554
553
567
575
566
575
577
584
569
579
577
560
504
471
472
489
488
467
462
478
478
478
471
484
483
470
466
491
519
541
534
536
542
545
544
548
539
528
511
492
504
503
499
496
491
508
535
555
559
509
483
494
502
496
492
496
538
574
585
608
599
592
602
607
594
597
585
579
576
586
586
575
584
585
581
563
560
594
579
542
488
456
459
471
474
458
449
434
393
340
342
403
440
465
464
469
470
450
435
482
550
610
591
585
575
596
593
554
523
503
498
500
495
503
507
499
495
505
530
549
561
547
552
550
556
553
548
550
569
596
613
619
619
628
628
621
627
636
641
631
619
573
542
538
549
549
548
550
560
553
543
527
521
517
513
517
511
496
506
526
567
580
555
545
573
565
527
472
429
429
442
459
450
460
471
473
469
471
466
470
469
482
468
460
474
499
521
540
548
531
536
534
543
530
538
549
549
540
541
533
533
539
547
538
530
544
535
549
535
531
546
544
525
551
575
636
654
674
659
670
660
633
607
587
538
508
481
466
489
503
500
490
463
433
403
406
410
424
421
421
436
442
435
439
444
442
429
406
391
402
404
400
398
387
401
402
389
388
384
396
397
391
391
361
377
380
393
386
350
359
455
585
654
640
610
618
637
642
623
594
576
580
575
580
580
578
573
582
574
587
575
568
575
575
585
584
589
580
570
548
527
524
521
522
523
526
504
464
437
424
432
443
450
430
425
496
607
694
696
674
654
676
689
640
585
567
541
549
567
564
557
526
473
437
421
446
432
440
432
449
468
476
480
474
465
483
493
506
518
513
523
520
511
518
543
583
612
614
610
604
613
613
609
608
598
605
612
612
579
525
477
483
496
497
488
484
487
473
467
443
424
407
431
480
546
607
619
613
553
510
473
466
460
485
486
478
468
489
475
479
491
483
479
479
475
489
489
479
467
469
456
460
491
545
589
585
579
578
580
584
586
569
579
571
570
571
569
576
559
560
555
561
520
497
490
484
497
493
496
497
504
498
498
502
512
500
500
488
502
498
500
494
510
528
532
529
549
531
533
537
534
537
555
561
556
557
546
549
575
592
634
648
625
599
537
503
503
512
499
506
528
578
594
615
607
597
608
607
606
603
609
607
615
606
591
558
541
530
529
533
537
526
501
476
459
464
471
461
465
465
481
495
491
480
473
489
491
493
476
478
497
484
484
491
498
492
513
504
512
507
506
494
511
535
539
548
539
552
545
541
529
532
536
526
533
562
548
550
563
603
643
634
619
620
625
620
627
596
574
575
570
568
574
586
569
566
587
578
577
574
576
584
568
546
521
536
538
502
441
382
390
402
407
407
385
387
401
396
399
385
395
430
497
555
555
537
531
568
566
561
552
557
568
562
575
590
609
587
568
577
600
595
544
468
423
417
454
457
432
414
434
494
538
580
599
576
578
577
572
573
577
578
578
582
594
590
553
504
466
462
483
497
475
459
487
482
459
467
507
564
583
579
574
583
583
577
586
579
554
516
484
487
507
499
473
446
428
412
414
421
412
412
403
391
387
378
368
367
392
398
430
435
441
451
437
413
419
487
604
693
709
686
664
673
700
704
667
605
571
561
559
568
565
568
555
564
583
615
619
616
607
612
605
602
596
594
613
613
573
528
479
487
494
495
492
488
448
452
423
409
408
423
431
417
401
386
377
359
344
360
415
516
596
598
585
572
571
593
582
584
587
592
581
582
607
590
563
535
505
518
526
535
532
522
528
541
553
572
583
584
563
576
588
582
608
625
625
596
539
486
488
512
506
497
484
487
486
488
474
489
492
477
473
475
520
565
588
590
582
582
599
601
593
561
551
544
549
546
541
536
544
559
539
503
488
508
514
531
543
560
559
548
548
551
559
550
532
521
513
500
500
500
512
513
497
511
536
583
614
632
618
612
625
605
606
594
595
563
542
531
514
539
531
525
528
527
526
527
534
522
536
529
523
524
532
532
530
518
521
514
539
531
534
524
537
536
533
539
524
526
526
528
527
535
527
535
537
541
533
516
532
540
537
502
515
572
555
384
147
