638
648
580
567
582
603
577
582
610
598
559
525
505
502
524
521
524
510
500
536
612
643
610
536
469
456
485
536
582
624
629
617
601
613
620
619
609
614
616
622
618
615
610
630
636
605
561
529
541
535
530
493
468
485
493
491
479
487
497
469
414
399
406
415
426
394
400
414
402
400
389
410
407
389
393
434
459
484
477
475
479
466
456
491
541
582
582
563
569
582
575
570
578
568
578
575
587
578
561
565
557
581
586
576
565
571
576
574
562
569
566
559
583
592
615
630
633
617
616
609
606
602
606
603
608
619
587
550
494
487
508
527
494
504
546
641
706
703
699
688
694
691
655
609
576
602
597
571
510
463
466
489
495
478
487
510
514
535
503
521
526
512
507
516
528
573
590
591
605
601
579
588
616
599
570
522
492
493
499
491
501
497
487
482
460
451
452
454
469
469
443
403
384
371
381
391
387
384
386
392
387
387
396
385
386
384
384
410
395
388
393
377
365
378
445
546
623
618
595
583
598
604
587
596
601
606
606
600
594
598
595
606
612
612
603
594
611
601
573
519
477
476
499
506
512
501
506
507
517
475
438
405
397
396
428
433
444
441
489
551
591
597
586
580
586
601
592
565
541
535
553
560
539
546
523
516
525
519
520
524
515
513
498
513
522
496
493
517
530
569
596
606
583
589
593
602
585
580
593
608
605
556
508
483
492
507
492
490
514
468
412
348
349
382
383
363
367
376
399
383
371
366
369
379
369
424
497
553
560
531
536
548
557
529
544
547
567
577
555
558
570
568
550
561
574
607
628
639
642
642
621
595
595
580
586
585
582
597
584
559
528
502
489
492
506
493
466
413
380
390
418
412
401
420
482
604
689
705
679
663
685
714
693
650
607
588
582
581
577
591
589
559
506
486
476
472
477
468
470
457
438
423
429
439
426
422
427
430
422
407
420
434
438
392
417
467
527
584
590
602
590
545
474
427
419
446
444
439
429
438
452
478
488
489
493
524
581
622
602
601
605
605
592
538
513
498
533
536
527
515
515
516
518
523
524
509
472
452
451
464
466
464
458
467
468
464
453
454
465
456
467
461
457
466
467
447
426
429
433
433
427
430
451
464
458
469
474
465
452
465
519
603
641
627
619
630
621
604
601
637
637
579
485
433
443
457
438
418
440
464
442
428
413
410
381
387
475
610
703
667
597
578
574
589
573
567
587
587
568
559
565
584
585
556
555
571
562
573
564
589
623
648
645
637
631
647
663
662
621
565
531
531
530
548
543
527
533
538
529
524
540
537
543
535
510
476
452
446
455
477
464
458
478
479
465
483
472
479
462
481
488
535
551
549
541
549
564
627
661
665
641
590
557
556
558
551
565
574
580
569
535
526
523
537
546
530
530
532
531
549
556
568
566
563
540
496
460
453
462
466
449
456
496
546
598
596
592
597
598
596
569
546
516
519
525
516
519
527
554
566
591
586
593
588
600
593
582
571
585
594
622
616
644
634
593
522
486
488
515
514
505
507
508
511
520
546
573
584
574
568
560
590
579
556
523
501
492
508
509
506
518
542
559
571
555
546
553
560
530
470
444
461
459
453
442
438
496
571
595
594
564
541
536
527
535
536
535
534
540
538
527
522
538
559
566
567
562
567
581
570
571
551
565
553
548
551
549
544
545
557
566
589
596
598
589
587
588
601
585
561
519
510
497
509
504
487
476
464
452
455
454
477
473
451
442
428
426
440
430
435
445
440
423
425
445
431
432
427
423
425
400
411
467
576
624
638
617
610
630
619
620
608
601
607
600
593
588
592
609
600
574
504
457
446
455
487
475
452
456
508
569
624
616
615
607
613
623
617
599
615
642
625
583
510
474
482
495
494
448
403
411
429
441
434
412
417
467
562
621
633
605
591
628
633
594
507
477
492
510
489
489
513
569
622
620
597
605
606
606
565
498
455
457
484
489
480
468
491
512
502
497
493
502
507
499
494
525
576
603
613
600
601
613
601
591
585
571
598
576
586
583
565
561
560
549
562
562
561
557
552
554
549
547
551
563
552
565
568
556
551
552
562
573
538
481
459
445
458
479
469
452
450
446
453
471
474
487
486
465
459
498
552
569
587
573
572
574
589
582
582
560
560
548
540
545
537
550
556
548
514
506
504
505
489
492
517
547
556
561
552
561
554
532
514
513
506
503
492
493
521
588
636
621
603
602
613
623
612
599
597
622
620
592
550
523
510
529
531
526
517
524
531
514
521
522
526
533
525
520
511
518
526
525
522
530
539
533
520
521
539
546
522
524
528
535
525
521
527
553
536
496
531
581
556
398
156
