622
632
585
579
578
565
515
494
522
527
497
499
552
609
650
632
623
640
660
656
638
606
545
466
444
483
502
489
461
444
515
595
630
631
634
621
636
624
628
612
650
622
616
606
625
624
607
549
528
518
523
526
524
528
550
513
468
437
448
441
458
443
423
409
409
422
405
412
407
467
593
675
675
640
638
673
678
635
570
539
554
556
545
548
577
604
619
618
612
624
614
609
609
607
610
611
626
632
624
604
598
603
613
618
625
621
627
608
605
616
623
587
514
478
486
520
518
461
397
363
366
365
357
389
445
489
492
474
459
468
476
491
527
575
579
566
562
568
600
588
545
472
429
429
431
486
567
616
603
602
593
603
615
605
606
606
618
596
607
617
637
625
604
604
618
626
595
550
523
526
543
533
527
512
530
532
515
484
457
463
467
469
457
446
446
455
463
454
453
445
456
445
445
462
493
516
505
507
510
505
500
512
516
496
498
512
544
577
562
552
552
589
571
519
471
424
434
435
450
485
544
595
604
598
585
592
595
587
580
583
597
598
588
583
597
617
612
570
498
464
452
434
436
445
435
427
428
455
537
581
598
584
579
598
599
598
584
583
556
569
593
587
595
591
589
550
515
483
488
512
498
462
482
546
636
696
695
676
640
606
578
572
577
540
486
442
458
501
511
489
474
500
500
495
503
545
584
592
568
565
562
523
483
472
499
496
482
471
463
461
453
437
452
479
450
398
372
389
398
395
388
399
420
412
372
375
458
544
617
624
605
592
616
622
612
617
613
622
620
621
611
615
620
621
593
593
593
604
594
605
612
614
580
527
492
485
499
501
500
501
505
511
470
459
458
471
469
468
464
451
455
465
462
463
474
471
464
465
463
480
482
518
544
551
533
522
539
562
622
656
684
662
647
664
668
675
626
581
573
567
563
535
515
509
518
511
514
508
504
515
504
509
523
515
506
507
516
501
512
529
588
628
620
608
597
610
616
572
524
501
516
504
496
507
507
505
513
496
492
509
513
514
503
501
508
504
506
505
512
523
512
496
498
526
586
612
614
598
600
606
619
620
585
534
512
497
503
518
528
521
499
515
520
530
497
469
446
446
458
443
438
453
452
432
379
345
345
421
518
571
589
565
560
576
570
563
559
575
564
567
571
558
583
625
641
648
614
573
563
566
569
536
486
434
437
478
468
436
390
395
418
395
382
386
442
532
601
601
586
585
565
555
527
520
521
523
556
565
584
585
564
576
587
587
560
529
498
480
511
513
517
496
466
460
451
467
458
432
396
397
422
422
413
409
403
416
413
402
384
387
393
389
390
375
427
455
494
502
502
482
484
487
515
561
588
605
609
588
589
601
606
600
564
529
511
496
508
508
522
558
610
623
611
604
613
590
592
578
588
596
573
573
573
596
598
594
567
576
594
570
524
492
468
494
497
507
487
457
435
421
419
431
430
421
405
423
432
437
424
442
445
427
429
435
493
556
597
604
592
583
598
598
594
568
540
522
498
502
511
513
494
497
503
500
494
495
497
496
510
504
497
516
506
505
504
491
500
500
518
512
504
498
553
587
620
632
608
615
625
630
627
601
548
505
487
489
493
512
499
474
423
400
377
400
419
407
395
393
438
475
511
512
502
494
494
508
534
559
600
617
598
558
510
474
473
477
506
490
490
489
485
483
495
495
494
480
474
481
481
478
474
477
467
482
484
471
488
479
482
487
468
441
415
429
420
433
422
416
396
338
340
426
533
590
587
570
575
584
577
573
575
587
612
589
547
486
448
440
450
437
411
428
487
555
596
603
576
584
574
577
569
586
597
598
581
589
578
536
504
512
541
578
612
632
632
594
527
502
495
509
521
492
495
476
474
479
489
484
477
487
510
542
546
548
550
570
547
483
421
423
457
446
427
438
514
614
678
683
656
665
671
697
671
645
613
568
571
577
590
592
561
528
498
493
495
475
423
398
408
422
416
386
399
415
410
373
360
438
578
641
638
619
623
643
622
569
538
544
569
553
547
557
548
520
492
481
493
522
534
552
575
577
531
485
453
440
452
460
458
469
488
470
474
485
480
480
470
497
544
580
581
578
580
582
587
561
542
548
537
541
545
544
549
539
506
500
508
505
500
509
512
528
547
552
554
543
540
524
496
490
505
538
573
629
637
612
582
548
525
526
540
534
529
534
528
536
533
521
533
531
525
519
520
527
520
519
531
517
539
538
537
531
522
524
523
523
540
547
520
523
529
537
534
519
525
541
535
484
511
571
552
395
156
