646
665
598
582
623
630
611
597
626
628
611
593
607
616
605
588
575
597
597
600
595
584
587
578
594
597
613
609
572
533
508
517
516
519
511
505
519
562
614
648
665
647
636
643
653
658
611
524
470
461
473
491
481
487
481
478
468
506
574
632
644
616
606
631
647
635
618
611
622
629
625
613
627
637
625
613
621
626
616
577
523
474
452
463
474
459
408
435
525
631
709
707
680
684
704
691
684
697
684
664
609
585
586
604
598
584
585
603
567
525
471
476
490
496
485
487
505
492
503
531
543
565
545
552
564
556
540
484
472
467
484
478
487
481
467
459
464
485
486
451
466
530
612
674
682
689
677
645
598
570
552
566
593
578
570
555
565
590
610
612
620
625
623
584
529
473
465
475
494
489
500
469
440
394
397
419
442
394
390
465
577
665
687
660
646
657
657
658
624
598
561
560
563
579
594
577
587
583
594
589
591
585
582
580
589
592
582
598
575
596
586
580
586
587
595
588
585
575
571
595
595
568
568
552
546
558
558
560
553
548
563
568
563
529
488
446
430
441
453
447
438
442
462
488
504
500
510
503
502
519
533
558
597
611
599
588
588
621
612
575
522
482
486
487
499
483
483
489
496
496
488
492
492
494
492
495
489
511
498
488
503
509
531
559
576
581
580
585
569
578
578
614
638
636
622
617
618
630
622
591
567
562
569
560
560
567
561
566
560
548
537
551
553
543
550
527
536
549
552
548
534
538
541
552
545
544
557
540
539
549
547
552
550
538
545
540
543
532
540
554
551
541
532
557
566
593
602
582
601
580
540
515
487
516
522
507
474
458
473
468
454
466
472
466
466
477
476
484
484
472
474
479
488
488
484
490
489
503
497
482
482
488
491
475
454
430
421
428
438
425
407
381
352
347
351
358
363
347
341
358
399
424
456
467
454
457
442
492
564
596
603
579
580
581
598
619
626
637
610
608
626
648
637
577
528
510
497
509
504
506
501
480
475
466
441
417
437
483
556
623
618
597
568
532
516
514
521
518
506
512
537
609
649
644
630
638
655
644
641
645
640
589
533
476
468
488
492
491
466
495
504
505
480
472
511
580
634
643
633
609
632
619
578
519
480
476
497
501
485
485
497
539
593
637
643
622
618
639
626
602
556
506
507
513
516
524
511
513
531
534
544
548
548
564
551
555
552
565
597
604
605
601
590
608
597
605
602
597
593
610
612
614
575
547
539
554
551
539
544
573
598
590
584
582
607
561
518
474
472
478
498
491
496
494
461
430
414
413
415
423
423
418
427
430
428
419
432
432
440
441
422
402
369
380
395
384
381
371
410
460
465
477
471
473
465
462
506
556
600
603
588
569
581
601
585
579
581
599
593
571
538
513
498
498
502
531
565
604
611
596
591
594
598
587
578
578
580
590
609
601
568
554
537
549
553
550
547
542
551
551
556
554
570
569
553
581
572
576
542
460
428
415
445
441
412
420
466
539
593
605
571
568
571
578
577
568
562
576
589
628
638
646
658
649
643
646
637
601
586
598
598
586
584
596
595
583
549
535
536
517
497
467
477
486
490
488
458
419
383
379
397
413
400
386
367
377
383
362
374
435
515
580
586
570
566
567
580
579
618
630
614
588
573
587
587
589
581
580
561
550
514
483
477
492
487
491
465
477
537
634
703
692
673
683
685
652
569
501
520
533
544
512
503
536
577
601
601
608
611
604
604
601
603
600
587
591
588
603
592
595
599
601
607
586
544
531
546
532
507
472
451
452
462
464
466
458
441
423
411
408
401
400
409
402
418
413
401
379
395
421
403
376
388
463
554
628
641
601
610
604
620
606
600
601
625
622
606
565
527
476
470
487
491
473
421
400
399
410
406
398
387
384
394
406
406
416
392
397
408
407
414
390
404
415
402
401
380
421
485
523
515
498
521
565
585
583
574
573
597
579
581
580
575
582
577
576
585
583
578
567
544
529
529
534
543
532
532
532
537
551
570
571
557
554
556
566
559
536
518
509
511
540
561
589
539
472
415
413
433
455
424
410
424
445
449
409
427
476
591
634
661
628
630
621
625
638
628
589
525
474
457
485
501
492
518
565
614
593
579
591
621
622
581
527
500
500
524
531
515
510
520
522
485
466
437
434
447
443
431
443
432
437
430
448
426
408
383
378
397
400
389
375
386
407
449
459
453
461
471
449
449
489
555
582
568
550
545
532
532
491
493
506
522
500
500
525
562
580
568
545
554
569
562
549
545
559
539
514
490
490
515
511
502
508
539
575
622
625
601
589
550
542
534
531
516
522
521
529
533
539
522
530
523
529
536
530
525
534
529
517
525
530
552
536
515
520
536
536
512
517
532
535
536
514
534
537
529
483
513
556
540
383
148
