638
648
601
574
611
621
599
580
599
601
591
588
598
597
590
594
613
585
542
500
510
533
501
506
551
621
674
645
627
645
590
524
459
440
516
586
626
626
601
616
608
627
634
624
608
609
603
618
607
611
630
612
575
508
475
483
488
493
491
489
504
521
517
540
555
574
565
554
547
564
561
561
535
493
471
443
451
459
453
455
451
482
578
641
641
579
540
516
507
499
498
498
517
489
455
426
402
418
406
411
413
411
423
432
435
444
449
429
431
422
416
406
441
460
476
467
452
481
540
585
595
586
580
588
576
575
566
586
587
581
566
571
568
571
572
569
599
629
645
647
648
654
644
610
563
528
508
534
539
536
513
468
453
452
457
454
477
480
490
485
472
477
507
578
612
603
599
597
606
596
570
550
551
539
549
546
554
553
540
527
516
504
488
500
495
499
503
496
516
558
579
574
583
575
573
578
579
588
606
613
585
592
616
620
556
487
435
430
446
445
441
446
438
424
394
409
433
432
401
406
488
632
706
705
675
675
704
709
661
627
594
604
602
606
601
607
610
619
589
548
512
511
525
546
538
523
495
485
467
474
485
489
477
450
417
392
393
400
399
400
398
403
413
425
423
438
454
430
396
408
484
570
634
630
606
613
625
643
593
541
498
490
503
515
522
510
515
545
610
657
662
628
575
545
572
582
549
531
529
550
536
512
511
556
651
694
698
671
674
684
684
643
587
582
563
572
578
584
577
545
480
442
426
420
425
432
418
404
416
477
548
612
630
596
578
590
610
587
553
517
482
478
496
504
491
479
455
440
449
459
458
435
463
463
465
468
466
458
453
470
478
480
448
428
412
421
421
412
411
415
438
451
462
471
472
471
448
459
497
557
592
582
572
576
586
579
583
566
562
567
571
561
560
576
623
627
620
597
549
517
500
515
505
504
512
537
596
636
641
591
513
485
497
511
513
485
491
506
500
464
398
382
404
449
510
580
609
630
604
602
613
613
607
597
610
619
601
567
559
553
560
547
561
559
531
476
454
437
468
462
457
460
457
458
458
456
471
464
459
457
456
458
466
463
465
473
465
481
479
473
475
513
556
606
603
577
588
608
593
567
542
561
568
555
553
569
569
550
513
521
516
518
508
510
516
516
507
520
535
536
540
533
548
537
523
523
572
639
681
679
663
650
667
661
655
688
681
643
591
554
541
561
576
576
574
552
525
486
468
490
507
491
487
499
532
571
607
616
605
594
577
590
607
613
604
558
537
552
585
602
619
600
593
608
624
611
592
578
573
562
555
567
576
564
537
482
453
447
471
474
468
468
460
462
458
453
441
429
435
440
454
436
425
427
476
553
609
630
613
569
520
465
444
468
482
480
464
469
481
477
450
462
515
592
639
634
630
648
656
601
521
458
476
498
493
467
465
540
608
646
656
641
644
657
633
610
591
582
580
577
592
589
580
565
552
538
553
557
567
549
519
492
492
500
508
495
510
538
584
611
614
591
593
607
620
615
568
523
486
483
490
496
504
488
484
473
489
495
472
459
458
466
471
450
471
505
548
580
575
573
552
545
538
524
537
544
548
540
531
532
534
533
541
531
539
572
606
624
611
606
600
618
608
582
546
526
521
513
518
541
558
591
598
582
591
596
588
590
589
591
599
593
588
575
568
547
551
555
562
556
570
556
555
553
545
549
547
545
550
562
560
560
541
551
561
587
600
601
591
594
596
597
571
514
480
479
502
497
471
447
420
425
415
408
419
419
422
423
422
424
430
423
422
427
429
427
437
446
448
453
444
453
452
450
432
440
443
447
469
500
528
524
489
498
545
622
661
660
654
655
646
647
646
661
661
657
655
646
648
655
651
650
644
648
648
659
661
639
649
657
658
630
598
558
551
569
576
578
560
566
567
561
522
524
515
524
528
533
513
532
566
634
669
690
682
635
589
562
529
554
579
562
551
521
515
497
480
485
537
607
612
629
611
619
618
619
622
609
616
612
615
601
587
577
584
578
575
592
594
570
529
486
501
504
509
510
505
506
490
454
443
440
464
470
428
409
403
413
403
405
396
398
396
381
412
439
462
469
452
441
455
471
458
446
468
496
551
593
593
575
574
578
586
585
586
563
562
540
547
546
544
548
539
538
533
511
505
509
516
521
502
490
504
531
559
557
542
540
557
560
532
528
516
509
508
508
505
501
505
498
512
506
506
492
518
587
623
621
612
616
627
634
590
540
512
520
523
533
522
514
520
519
526
535
533
523
533
530
518
506
528
530
528
526
532
552
540
517
524
539
536
521
523
536
529
485
521
573
556
391
145
