646
658
590
572
634
640
619
590
599
619
606
591
574
547
500
482
514
542
531
482
506
574
630
584
501
457
447
462
472
471
468
464
475
511
576
624
640
638
620
628
632
629
628
624
633
615
625
626
611
623
628
622
606
553
523
533
528
542
542
536
526
509
483
493
498
502
475
462
456
442
433
399
374
341
361
434
539
611
601
592
594
595
602
589
578
583
586
598
587
575
579
575
584
580
557
501
473
466
475
492
483
475
474
471
481
472
461
463
487
517
549
557
546
527
551
550
527
491
477
489
485
469
494
524
539
547
529
523
564
623
656
637
629
643
658
659
622
572
552
561
552
558
537
552
570
550
505
477
515
570
612
607
590
578
604
603
603
588
589
577
579
581
586
586
597
589
577
579
585
569
577
575
572
575
561
546
512
489
493
505
502
512
519
488
438
407
405
416
424
425
428
428
399
352
338
349
362
351
336
349
358
365
359
348
340
364
426
464
463
469
463
452
461
494
532
588
593
591
551
521
507
497
491
494
504
538
550
558
546
539
555
546
538
540
546
558
551
548
548
568
608
621
618
619
615
634
636
626
605
564
553
524
549
538
540
530
520
516
512
503
510
510
509
515
503
505
514
513
508
501
500
513
508
513
529
546
566
574
567
581
588
577
532
474
428
422
430
450
442
444
429
444
471
467
460
468
470
466
481
496
519
548
545
526
534
549
550
537
529
586
634
672
688
680
665
637
610
578
570
566
592
590
585
568
529
493
467
497
472
437
401
391
411
423
414
407
411
420
408
407
404
420
412
412
411
412
420
413
409
407
421
437
437
437
439
426
431
420
415
409
394
390
406
407
388
375
393
398
395
362
383
456
555
654
662
638
627
628
641
626
625
621
636
627
626
628
639
611
570
563
568
573
575
564
570
579
573
583
572
577
584
569
566
551
529
529
519
523
531
526
509
478
442
424
434
447
438
411
438
506
624
688
695
662
680
687
649
592
523
539
575
569
519
449
418
429
429
435
454
474
479
475
470
472
476
489
532
581
616
607
585
599
596
601
609
588
615
613
605
596
607
609
603
611
606
598
595
595
601
606
577
514
469
479
485
489
477
488
482
474
443
423
426
455
443
407
406
480
570
625
612
587
601
612
579
511
466
473
486
494
477
464
470
461
467
465
473
458
463
489
550
593
603
578
570
576
589
575
574
580
582
577
578
578
582
580
569
555
545
541
549
558
558
553
540
509
492
485
487
503
507
488
493
500
492
499
499
508
499
504
500
500
527
528
546
526
534
531
520
524
531
535
548
555
557
547
548
570
608
635
635
625
619
637
620
593
546
504
514
509
510
508
511
515
516
508
504
497
503
531
595
623
615
610
606
613
603
590
604
618
623
621
606
621
611
583
555
525
530
534
542
525
515
511
515
500
516
527
532
538
535
503
469
456
453
459
463
446
457
467
477
484
497
502
507
519
511
498
504
513
533
542
538
539
538
540
534
539
532
545
558
541
530
559
559
601
627
619
618
626
617
620
617
616
599
583
574
576
578
581
581
573
574
585
584
572
577
572
582
574
570
542
523
522
530
492
444
395
370
393
441
499
546
547
541
551
545
570
554
545
554
552
555
560
567
591
601
590
542
469
436
436
439
445
420
412
477
551
591
593
563
567
570
584
581
583
583
576
575
568
567
586
584
548
517
485
487
489
475
476
472
471
483
486
478
461
463
501
551
581
572
573
560
569
564
565
522
487
485
489
506
505
474
446
391
358
370
386
374
373
367
404
445
426
426
423
429
444
403
431
499
614
699
708
683
647
606
565
546
568
589
581
556
578
599
631
619
587
602
618
621
567
525
495
495
497
496
494
492
485
492
486
491
492
474
438
415
429
413
423
418
413
412
412
432
432
417
421
405
422
415
416
412
420
435
430
419
424
420
414
413
417
414
421
412
404
416
425
425
418
414
426
397
386
365
359
380
386
381
357
366
440
532
596
604
585
567
597
583
586
574
587
602
570
528
540
527
538
524
534
536
527
520
516
539
569
579
567
560
572
576
571
577
611
634
628
623
622
612
643
620
613
626
616
592
541
503
510
517
529
513
516
513
508
517
515
525
514
501
523
533
528
496
455
417
423
408
414
444
466
465
466
458
472
476
471
452
494
561
593
587
571
569
581
594
565
545
544
552
551
557
543
556
548
550
522
497
499
499
509
507
491
502
509
504
502
509
507
504
510
527
539
559
565
542
541
550
562
564
555
528
515
506
507
505
495
500
515
514
503
502
536
585
597
577
532
515
538
546
536
519
525
524
515
514
531
535
523
509
527
531
535
538
535
537
526
517
519
523
526
523
519
521
543
520
513
531
536
525
518
536
526
524
522
533
544
534
507
512
575
560
395
153
