642
659
599
598
641
648
588
562
584
600
583
576
597
608
579
538
512
519
517
499
514
527
516
506
542
590
646
634
614
602
632
638
590
521
492
492
504
502
497
521
570
631
649
603
525
499
540
603
646
623
610
609
629
615
586
532
501
478
465
439
439
453
449
445
456
428
430
414
371
358
367
422
500
559
556
536
543
541
548
556
538
553
545
540
550
554
566
571
572
568
582
579
569
577
602
602
560
509
458
454
481
480
475
485
482
471
472
461
476
498
536
551
540
535
540
553
533
506
479
487
504
513
500
492
499
516
526
545
561
566
572
598
603
586
563
527
522
523
523
518
510
525
565
592
597
580
577
593
589
589
584
593
584
581
587
574
593
599
598
573
577
571
574
549
502
499
500
509
494
492
494
507
488
447
405
417
440
445
404
354
346
341
337
336
346
358
360
352
374
411
461
455
437
435
500
548
584
593
582
584
604
597
565
517
491
483
497
506
545
550
564
541
548
554
540
551
542
537
550
546
546
545
544
552
555
562
594
636
631
633
593
565
543
551
570
560
547
547
544
559
559
551
538
546
554
559
544
535
524
510
488
505
511
514
516
526
556
571
570
550
568
571
531
470
411
422
427
421
427
437
453
458
463
492
532
542
533
534
544
537
534
531
573
634
667
686
660
656
658
670
635
591
569
581
604
588
565
504
488
491
486
481
470
484
490
473
424
398
399
425
423
409
402
412
412
425
445
455
434
441
428
433
431
415
408
400
402
410
405
407
409
427
437
467
477
460
441
447
496
567
602
585
574
555
591
589
575
578
591
578
570
546
550
541
526
526
536
537
499
478
455
443
438
443
466
451
431
439
517
607
684
693
666
657
671
685
682
635
573
541
535
558
584
581
525
472
437
445
442
435
445
435
459
482
474
464
450
480
506
511
518
510
525
518
516
507
533
584
607
620
600
599
606
615
602
603
603
603
599
607
612
607
605
596
563
532
472
472
498
498
474
466
469
483
475
438
429
436
433
409
408
472
563
615
615
601
580
595
593
604
599
551
505
452
454
479
486
480
475
479
485
457
464
468
463
471
467
472
474
444
448
487
551
606
597
573
579
594
580
566
569
574
586
561
554
554
567
548
549
549
544
559
539
558
565
555
537
513
486
486
496
487
493
486
479
492
493
496
504
505
511
493
508
497
514
503
501
507
540
547
520
539
535
545
531
536
540
541
548
557
570
581
623
634
621
628
617
639
600
544
502
510
532
528
493
500
530
576
609
627
609
603
604
615
611
600
620
609
607
603
612
620
578
538
513
503
528
532
515
494
462
466
466
463
472
474
463
464
467
464
460
477
474
462
470
481
462
466
466
494
505
524
506
500
485
510
507
507
504
508
498
503
503
508
501
509
494
509
499
506
496
498
501
497
498
491
514
506
497
514
515
543
542
529
527
532
530
540
530
547
545
553
557
541
545
533
574
614
629
633
617
612
631
614
585
564
552
539
536
524
521
534
541
535
487
431
382
389
408
418
392
389
436
498
535
546
525
538
550
547
533
544
557
561
560
551
571
567
566
562
561
589
606
601
597
596
586
571
588
585
590
586
592
596
596
584
587
579
587
592
589
595
588
581
596
596
599
595
591
589
553
478
421
432
460
452
423
422
466
553
593
584
568
576
585
576
574
588
591
557
506
476
472
480
489
493
478
457
465
492
541
572
582
560
561
565
581
568
567
514
496
490
501
504
490
438
407
414
433
419
407
412
408
391
381
383
395
399
390
370
367
397
416
433
439
445
440
429
428
508
623
706
722
685
656
677
715
699
654
601
574
567
567
577
569
569
567
577
608
616
612
588
589
612
602
576
513
487
478
482
475
491
481
464
430
418
426
420
397
382
368
357
364
352
426
531
594
615
576
571
585
588
580
579
584
580
586
577
590
576
549
510
528
536
535
518
530
545
568
576
578
579
592
605
620
625
628
620
621
621
595
547
504
504
512
523
508
522
520
527
515
481
452
444
421
419
425
440
455
459
471
469
459
461
462
497
541
586
579
573
566
575
579
571
571
564
559
538
535
547
540
553
538
520
506
503
513
506
502
511
539
584
621
608
584
547
532
511
530
524
524
521
518
511
539
532
517
523
531
542
521
520
520
525
531
520
519
514
535
525
523
521
529
525
531
545
542
540
524
529
535
529
494
526
563
560
409
145
