716
726
660
638
693
728
699
634
598
579
557
560
550
527
497
493
495
500
559
589
632
647
634
621
583
524
469
458
486
488
469
455
517
600
644
639
602
618
631
637
617
621
624
614
626
636
624
583
507
464
460
491
489
482
471
469
460
449
430
443
506
605
705
714
652
599
578
609
606
587
589
585
568
507
477
475
508
496
485
480
494
497
508
505
514
509
495
490
508
530
563
580
550
540
557
556
541
490
472
469
493
480
465
463
523
617
696
698
674
655
667
684
694
674
664
687
682
654
603
568
561
570
572
568
582
590
580
583
572
568
579
603
628
622
614
618
630
631
582
509
465
464
489
493
466
446
441
413
391
400
417
407
371
381
462
587
665
680
651
657
683
642
597
569
565
576
586
576
568
578
580
589
591
574
567
555
548
553
561
573
566
523
469
435
430
455
444
433
441
467
482
507
518
507
490
488
535
607
640
581
508
467
466
478
456
417
403
403
413
442
519
563
576
551
544
557
553
567
544
570
575
569
565
565
562
563
575
609
642
641
647
622
643
648
647
630
635
632
631
631
645
638
627
622
592
583
579
562
587
586
596
587
580
586
594
585
592
585
591
587
553
516
467
478
483
490
485
491
498
508
517
522
513
507
525
535
518
508
504
546
581
605
608
604
595
606
597
599
595
593
540
490
494
495
505
510
485
475
475
462
458
464
477
460
468
467
476
482
479
488
482
481
469
473
477
479
479
477
483
478
478
491
483
465
469
475
478
480
485
483
491
493
490
467
454
434
425
436
429
441
436
418
372
353
357
360
378
363
351
355
370
386
430
442
452
456
457
452
451
482
544
580
592
591
565
576
574
586
579
589
612
639
622
602
604
619
628
591
551
538
534
547
544
539
533
528
539
529
525
536
532
516
529
546
538
523
524
551
616
650
659
654
637
595
515
472
487
495
515
484
479
491
507
494
488
486
484
533
608
665
669
632
628
652
662
640
633
650
630
596
528
483
471
486
488
488
493
471
442
413
419
415
410
405
423
428
413
411
439
515
582
591
556
560
574
581
559
556
570
572
561
539
560
572
563
569
593
582
592
579
569
579
577
583
573
590
590
558
513
496
510
523
513
499
500
547
561
566
547
556
567
556
540
568
581
606
615
582
568
548
550
566
550
566
572
594
588
580
591
592
609
600
566
524
477
479
488
499
499
487
483
492
474
434
411
413
402
414
411
412
412
414
416
417
416
409
416
431
442
401
393
369
372
394
392
373
375
416
455
486
468
474
477
476
486
481
512
545
591
590
579
563
587
601
588
571
537
495
490
506
522
526
504
507
541
573
595
598
607
598
597
581
595
593
605
585
582
594
580
568
556
553
536
544
551
542
541
544
558
540
547
542
538
558
543
552
540
543
541
546
549
554
549
550
544
538
538
534
544
554
552
538
550
560
577
573
560
561
576
586
544
475
438
445
444
424
432
473
541
584
581
578
558
556
574
608
621
657
649
643
643
638
644
629
632
636
645
639
638
642
636
629
608
590
596
596
597
592
582
567
552
521
514
530
540
541
511
491
479
475
483
467
437
405
386
407
416
397
378
388
406
396
374
369
428
530
583
578
558
577
617
644
640
611
593
588
586
578
589
588
567
564
540
526
531
547
547
545
526
488
484
472
464
470
532
625
688
685
654
655
688
696
645
545
509
512
558
584
598
606
602
591
597
606
598
599
593
590
607
599
602
584
590
611
597
586
544
536
522
524
529
531
536
515
481
465
448
459
462
454
449
464
466
455
443
450
466
469
454
443
416
406
402
399
393
413
407
404
407
405
398
379
414
471
568
625
635
602
601
595
623
611
594
603
604
621
563
508
479
477
484
480
469
472
488
492
488
458
434
407
386
403
418
410
411
384
427
479
507
506
504
507
571
586
590
583
586
588
576
542
528
530
529
540
544
535
546
553
563
564
556
543
513
513
510
529
567
583
594
573
590
573
583
568
579
587
551
472
421
404
431
443
432
429
431
438
425
415
442
448
438
432
415
431
448
445
431
442
439
430
438
435
447
437
443
432
440
434
441
436
448
439
436
440
429
442
425
446
444
422
408
479
569
654
650
613
606
644
635
577
531
508
502
520
506
514
514
502
503
511
505
507
511
501
500
504
507
498
504
526
579
602
624
612
567
555
514
497
483
469
464
471
476
471
477
475
453
443
431
424
417
428
420
422
448
454
445
491
524
578
576
588
585
587
574
558
535
536
558
547
545
545
563
542
507
500
508
506
513
507
523
534
557
562
544
554
561
551
521
497
503
507
511
503
497
506
533
572
611
623
618
604
601
616
617
595
547
520
525
546
537
531
531
529
529
528
540
535
516
523
518
519
540
529
528
532
507
522
538
542
526
517
517
529
540
518
521
531
537
526
525
535
545
524
510
515
533
523
490
507
576
556
388
150
