660
665
589
583
615
636
616
593
594
618
600
577
552
511
495
499
515
520
484
498
550
610
642
639
648
647
599
519
453
442
459
487
477
463
452
455
500
569
630
638
628
615
616
626
610
614
624
633
625
601
608
635
641
603
558
533
527
527
538
538
544
544
533
502
485
477
489
493
492
471
481
503
498
463
416
395
400
419
414
420
473
518
500
491
478
479
476
487
502
549
577
562
542
556
576
570
525
507
482
482
469
469
475
477
491
483
486
479
471
481
493
496
470
476
536
630
707
715
684
680
694
707
675
645
611
590
603
586
581
588
612
598
565
519
493
482
497
492
502
505
503
503
521
507
500
513
537
576
602
595
587
583
590
604
576
519
482
471
498
508
489
474
459
460
451
429
409
389
368
376
398
396
386
361
383
394
407
387
397
470
545
600
618
607
596
594
611
601
597
607
611
598
592
607
616
603
611
580
532
471
433
414
412
399
396
407
406
400
420
460
465
459
447
484
552
598
598
583
593
591
604
595
588
578
573
557
552
561
560
554
544
549
555
557
538
533
539
516
514
513
519
524
515
502
499
506
510
503
508
498
539
567
591
591
584
598
581
587
575
595
600
597
582
582
592
601
569
516
477
497
512
517
458
393
357
364
384
387
376
368
394
394
364
364
422
511
580
565
534
536
556
565
550
547
550
579
578
570
586
560
564
570
604
637
635
618
619
638
644
613
604
589
589
574
587
608
606
567
514
484
489
494
494
489
482
511
497
472
409
385
387
397
395
370
376
400
425
428
401
419
435
440
404
399
477
602
692
687
664
670
682
652
571
551
552
578
564
570
584
562
544
512
492
495
500
499
480
523
548
572
559
547
548
544
537
550
567
568
556
559
564
529
480
433
444
476
477
457
456
448
474
463
453
448
480
546
595
603
580
578
597
609
585
548
484
425
421
444
444
439
434
433
453
478
488
493
507
499
486
467
493
528
577
603
622
613
594
569
540
506
505
509
519
510
512
514
510
513
501
513
523
521
491
463
452
443
465
471
479
464
455
446
458
462
469
458
453
462
459
448
446
434
436
437
431
440
450
470
479
475
464
467
488
480
459
463
521
584
620
628
642
618
577
494
427
417
454
472
449
432
449
472
450
400
391
481
603
708
698
672
648
667
680
688
679
680
685
688
649
609
587
575
592
584
577
590
572
580
558
570
568
568
563
570
576
590
622
644
649
628
614
637
637
605
545
494
487
503
496
483
489
501
500
494
491
493
527
547
548
544
543
571
623
663
666
636
657
661
668
646
583
560
561
578
578
575
555
559
543
536
525
534
542
533
521
526
538
550
549
548
563
558
527
490
461
449
448
462
454
468
467
460
471
456
459
457
464
472
467
458
457
498
567
613
604
576
531
529
528
516
515
509
529
510
520
531
529
525
500
503
539
565
587
593
579
577
579
580
593
584
588
586
588
583
583
601
570
574
567
579
605
612
634
637
632
627
627
652
646
605
556
516
516
535
536
503
478
473
468
474
475
463
469
482
458
475
477
480
486
476
488
468
471
469
501
534
568
572
543
517
496
515
506
506
504
514
542
561
571
563
536
502
448
450
492
558
601
583
546
533
534
533
521
535
534
531
539
545
563
575
582
560
563
567
573
576
573
568
559
563
574
564
555
544
546
546
546
551
538
534
529
564
589
600
599
583
592
603
591
552
525
503
503
515
510
500
500
499
511
508
480
463
464
454
467
463
461
468
467
475
470
452
438
444
419
420
441
444
432
431
466
483
495
486
487
489
488
479
523
569
594
565
569
583
589
581
578
589
621
620
618
627
635
592
513
469
464
480
478
475
509
589
649
636
605
617
623
631
604
613
619
611
609
615
621
587
518
467
467
503
507
482
466
440
437
417
390
413
472
551
619
644
630
618
611
625
623
586
516
500
480
499
508
502
475
487
490
496
495
531
571
609
602
595
574
615
617
578
508
468
474
492
488
466
472
479
509
537
522
510
511
528
557
571
576
562
578
569
551
530
531
529
529
537
556
593
597
612
608
607
612
603
612
595
577
557
547
557
560
545
480
448
442
477
474
454
452
456
482
481
471
476
497
555
576
583
580
566
589
587
575
546
534
545
529
536
553
548
548
520
505
506
506
508
493
503
510
531
548
548
555
543
542
508
499
498
513
523
512
507
497
491
484
533
576
620
620
586
553
530
525
532
521
534
532
537
524
518
525
524
531
535
523
529
536
521
544
536
535
513
513
527
526
517
524
531
533
525
512
517
538
527
514
522
551
533
506
516
579
568
393
151
