641
667
605
586
615
640
600
572
579
617
625
591
575
560
525
523
504
506
540
588
635
648
645
631
630
650
653
632
611
636
660
641
627
637
633
636
628
635
646
653
640
627
646
648
655
630
631
653
651
593
513
472
463
481
473
470
511
570
630
646
630
630
615
621
614
606
622
619
604
615
627
628
638
597
553
532
522
530
540
533
529
518
493
487
490
488
488
480
478
488
473
440
398
396
401
412
407
391
389
432
466
470
466
473
469
481
465
478
500
561
582
584
577
577
601
583
562
561
591
608
614
611
622
619
582
519
496
532
649
708
707
682
668
691
703
668
616
586
600
595
584
529
482
471
483
493
491
476
484
487
497
515
510
508
519
513
501
507
542
583
623
611
595
603
623
612
572
513
504
488
495
504
483
464
440
436
463
472
450
409
384
387
390
379
383
377
378
371
378
392
397
403
393
396
405
390
387
447
547
622
613
601
597
612
620
597
597
612
617
610
600
604
612
588
589
603
605
567
511
498
505
491
507
490
518
499
446
386
389
423
418
406
399
430
459
457
459
456
454
447
485
554
595
592
572
565
584
598
588
583
579
590
583
575
560
561
552
554
552
555
559
552
555
523
519
520
521
529
519
510
522
526
516
514
518
523
505
504
529
555
604
604
575
582
588
592
589
594
584
583
584
584
595
606
558
531
499
486
479
496
504
505
468
390
354
368
385
371
359
383
380
364
368
419
496
544
551
536
534
564
564
572
564
555
560
572
613
651
642
632
620
629
644
645
617
599
571
564
591
586
587
574
591
592
591
601
595
586
582
586
569
580
583
586
583
585
592
580
577
591
585
564
521
480
492
497
492
465
424
383
383
396
403
381
388
397
397
407
407
427
430
433
411
414
480
586
658
679
660
655
669
673
657
667
678
678
661
665
671
689
687
682
669
679
656
652
669
679
686
671
667
662
673
678
681
669
675
682
673
668
673
664
672
666
646
602
567
543
556
554
555
554
570
577
565
524
519
504
493
486
501
542
570
562
548
561
561
524
473
444
456
469
466
458
462
461
455
439
482
544
589
603
580
572
600
589
544
479
444
420
439
454
454
432
433
475
502
501
485
482
514
590
612
614
618
596
568
536
500
493
507
516
498
506
491
475
472
456
465
463
465
455
463
470
459
459
454
456
467
454
445
432
444
445
469
466
462
470
463
467
474
470
454
451
500
583
650
648
610
616
626
626
554
483
436
430
439
453
442
437
458
446
432
433
450
466
446
440
441
432
436
436
444
440
445
444
443
451
445
443
447
462
456
435
441
451
447
454
434
446
458
430
412
405
426
420
397
397
468
600
675
693
668
657
682
669
671
678
690
695
682
664
676
673
649
601
576
580
586
576
576
572
588
567
570
560
555
569
580
633
669
673
658
634
646
663
649
627
565
526
537
540
534
526
538
547
536
510
479
457
457
469
490
480
489
491
487
482
481
487
479
484
478
492
479
486
493
522
547
553
544
537
570
618
655
658
652
653
661
651
620
589
568
551
562
565
577
564
566
565
532
534
521
521
555
575
588
602
591
574
559
566
548
551
565
545
547
555
602
631
638
626
631
625
638
639
640
637
637
636
634
627
626
643
647
602
555
533
534
544
530
531
549
568
589
589
563
580
589
581
580
600
616
607
525
485
475
494
506
503
496
524
520
504
506
527
558
579
582
583
588
565
570
571
572
566
525
493
497
503
529
539
549
570
564
545
556
560
569
559
530
504
487
469
470
481
496
496
477
480
523
600
640
653
633
612
621
619
629
623
589
556
532
511
517
527
514
512
517
536
519
531
510
501
481
454
465
458
475
463
461
467
465
458
463
493
519
570
599
603
574
514
488
493
505
504
497
501
508
496
468
451
460
465
452
452
461
460
449
443
441
450
445
436
421
440
448
461
482
491
493
490
486
493
483
499
520
553
587
595
581
571
586
583
581
612
633
630
579
504
477
476
494
483
470
477
532
570
614
630
627
617
624
624
629
611
596
616
639
618
573
508
493
476
490
492
482
480
458
441
429
426
425
420
419
431
419
401
406
477
560
613
620
608
607
616
618
624
624
577
519
485
473
499
538
577
601
598
593
587
603
611
610
567
504
464
463
470
483
486
510
518
530
514
514
516
525
517
510
525
556
578
578
536
535
538
552
540
534
527
519
543
578
610
621
591
569
559
554
552
551
565
571
542
488
443
442
472
474
448
452
459
476
486
474
479
461
469
471
482
479
461
470
503
560
586
588
585
582
597
592
569
552
538
554
549
547
517
514
500
501
507
514
513
512
519
543
547
556
534
546
554
560
562
528
522
501
507
514
509
518
507
494
511
547
577
616
627
625
598
580
539
517
524
528
528
516
524
539
532
520
535
526
535
529
521
524
532
520
520
529
537
530
517
537
532
534
525
537
537
525
532
532
529
529
518
515
533
535
509
517
541
533
507
506
566
558
388
148
