641
650
608
582
593
607
591
586
588
607
595
560
525
520
509
512
527
505
518
545
603
644
659
644
651
626
633
633
647
640
642
618
631
631
627
628
637
642
645
637
654
649
638
634
641
654
605
513
465
460
472
482
459
465
521
598
636
637
619
623
625
618
613
631
635
634
626
613
615
635
631
578
522
487
469
477
487
476
477
461
475
452
459
467
456
432
442
523
652
706
702
668
670
694
690
673
698
707
675
604
565
581
606
573
582
583
607
600
579
572
602
604
559
498
467
488
499
503
491
497
503
504
502
534
549
561
560
531
552
556
545
481
458
462
489
498
468
459
527
630
690
668
590
553
576
581
572
557
558
588
602
614
627
647
627
612
610
636
638
589
521
476
470
472
458
483
485
462
399
382
461
591
677
684
656
659
649
665
656
643
621
588
573
572
569
560
567
578
573
578
576
582
579
584
595
590
576
571
547
556
556
552
542
571
566
520
472
430
434
454
502
511
499
493
526
567
618
614
573
507
482
475
489
482
472
477
487
492
488
483
474
471
487
487
482
482
489
536
546
545
546
571
627
662
661
647
642
654
676
633
598
549
552
560
558
546
533
535
542
541
542
542
537
562
573
594
600
595
590
580
605
590
574
525
492
481
491
510
496
496
504
481
480
464
469
466
462
456
462
458
468
457
455
466
476
470
479
490
497
480
492
484
466
476
471
494
487
493
480
487
488
480
497
478
487
485
494
479
476
445
428
424
422
432
433
426
417
399
357
351
381
378
361
332
346
400
439
465
465
452
452
452
459
452
457
483
542
572
593
579
576
587
606
618
619
621
637
618
606
620
635
631
584
519
494
493
502
505
494
485
459
436
427
454
466
437
440
497
565
611
612
590
592
611
600
565
536
515
513
516
531
519
505
501
551
621
661
656
627
628
657
683
654
613
548
482
460
479
498
501
472
445
416
404
407
409
427
409
421
414
413
410
416
420
428
427
423
413
403
418
417
419
416
420
427
419
417
422
415
417
414
421
425
419
408
411
417
424
408
412
450
523
586
592
553
551
567
575
568
560
567
567
568
574
580
570
575
576
584
583
586
551
512
474
479
513
562
585
588
576
572
566
553
536
522
540
544
531
540
552
570
602
592
587
590
607
595
557
509
493
496
503
495
497
497
480
438
402
413
418
429
416
407
410
442
436
425
429
445
435
415
394
385
381
369
382
412
459
474
483
474
473
463
486
503
575
601
603
579
580
604
566
516
494
522
572
601
592
594
593
602
594
588
584
594
602
576
590
598
610
596
585
599
593
593
586
594
592
597
591
594
593
585
578
582
583
584
550
530
539
558
562
578
572
562
565
573
562
529
466
409
406
419
449
431
403
406
474
550
576
576
590
572
568
575
597
627
646
662
648
644
620
611
588
571
592
595
596
589
586
579
588
598
572
540
518
529
524
538
517
517
531
540
538
525
540
541
530
531
541
526
499
485
488
482
480
485
509
489
469
426
400
408
403
403
397
402
404
389
397
394
387
359
369
438
522
584
582
573
576
580
575
588
601
632
654
628
638
649
654
623
586
574
581
592
571
585
595
580
544
529
533
527
531
542
544
543
532
498
474
472
474
486
478
466
466
528
621
678
687
655
649
687
697
640
551
505
509
527
541
522
513
513
529
517
514
533
554
575
617
609
593
589
607
608
610
616
604
598
603
612
599
572
540
523
530
536
526
524
527
529
538
520
532
537
537
537
532
514
469
441
444
467
466
464
443
442
426
405
402
402
413
408
391
415
429
418
392
387
457
564
611
628
612
612
617
618
613
618
622
616
610
596
592
605
610
621
599
566
516
469
454
474
494
488
453
427
400
400
419
407
399
421
486
524
525
498
492
531
574
596
590
584
583
575
581
573
574
569
582
581
594
573
583
573
582
592
577
591
588
560
538
524
532
535
543
536
530
543
560
554
558
563
553
560
557
557
562
552
542
535
519
523
526
512
526
516
510
536
569
595
578
583
583
587
531
471
422
412
419
440
434
442
431
444
444
436
421
438
487
568
631
657
618
600
611
638
641
594
526
500
524
562
605
617
595
601
614
625
582
529
501
515
523
518
500
471
464
458
457
452
430
432
434
431
429
417
413
418
427
439
436
433
428
423
426
431
399
378
379
385
384
378
401
412
445
460
462
455
463
459
459
474
543
584
603
580
584
591
572
561
548
547
530
544
539
535
529
529
549
542
533
523
509
505
507
509
492
521
570
616
611
588
593
600
602
585
580
576
593
588
569
578
591
584
581
579
579
592
585
572
576
585
585
577
596
586
573
538
529
518
544
528
516
516
528
530
521
526
529
546
515
532
526
539
536
512
527
533
516
516
535
548
532
509
515
578
573
399
147
