656
661
610
586
617
631
600
570
605
629
613
555
502
465
452
456
494
542
561
558
553
566
569
565
554
569
573
589
604
599
593
600
583
604
614
600
624
622
590
523
468
462
476
497
487
481
479
478
447
442
455
466
452
433
452
525
626
689
700
704
674
685
632
571
571
603
625
593
562
506
486
474
496
485
478
474
496
501
505
503
495
478
498
511
536
542
555
546
547
560
555
540
485
455
462
475
471
451
450
527
627
684
694
674
670
686
671
668
671
675
672
667
675
677
647
611
561
568
575
567
589
600
622
619
615
628
640
637
579
512
474
470
481
490
489
450
434
416
373
400
424
420
384
393
479
597
674
691
659
654
679
680
635
593
560
564
564
572
567
554
571
542
556
547
552
556
547
537
561
595
605
598
584
593
622
607
556
497
452
443
448
455
449
447
456
485
495
489
478
500
512
501
487
481
527
578
607
611
612
602
576
526
499
481
484
491
484
488
495
483
488
481
495
483
490
494
491
508
504
491
505
497
510
516
551
573
582
568
566
578
591
577
563
577
594
613
636
647
616
576
551
557
562
554
542
547
541
544
537
527
565
591
596
543
498
485
504
510
514
506
492
495
480
464
461
462
467
476
473
456
474
468
475
471
469
464
464
476
475
476
468
482
487
488
492
492
500
488
475
482
489
487
498
495
486
476
439
425
430
417
384
353
347
360
371
357
361
390
433
462
457
455
459
488
545
587
588
580
563
596
609
625
628
624
629
646
625
577
534
493
501
503
508
495
493
494
470
434
441
462
462
428
430
482
548
585
538
493
491
507
521
497
486
492
548
596
623
639
614
616
632
638
599
545
508
506
538
530
521
530
541
545
529
514
494
492
494
516
513
513
498
499
509
493
500
504
493
497
503
499
510
514
495
494
503
537
539
545
545
544
543
539
551
543
540
549
552
560
550
553
555
546
560
551
551
576
589
577
535
498
504
515
515
522
535
549
545
553
543
556
570
538
551
557
540
535
546
561
566
547
553
563
556
560
566
579
608
610
597
603
591
561
530
533
559
570
576
591
594
607
588
584
596
604
564
506
466
458
469
463
458
463
443
408
343
355
369
362
339
392
440
476
483
453
487
551
577
580
578
583
540
476
433
433
445
447
435
429
442
464
468
493
508
488
462
465
512
564
589
601
597
592
578
586
584
591
583
532
507
506
499
509
515
586
610
602
600
581
609
601
594
595
602
599
590
578
592
594
581
586
589
575
596
578
567
545
548
549
542
534
545
549
552
555
557
582
569
533
468
432
417
442
433
428
469
542
588
595
562
577
578
585
570
588
630
665
646
615
624
666
650
634
608
591
585
592
599
601
610
564
530
522
526
528
540
528
516
501
498
487
487
491
479
484
482
488
467
433
400
382
411
413
408
386
402
399
396
377
383
388
374
370
361
424
528
589
590
595
616
648
645
610
589
577
582
582
584
580
587
573
555
532
542
548
538
535
490
460
452
483
483
466
478
529
630
695
688
668
695
694
650
571
511
506
512
521
530
509
520
538
568
598
613
607
600
601
603
599
593
579
600
594
575
542
519
503
532
537
545
516
517
527
528
522
472
451
457
467
465
454
456
453
433
411
411
400
411
423
450
476
479
475
468
517
592
646
642
624
620
633
656
652
642
610
571
516
497
530
544
532
501
475
447
441
424
413
418
421
418
398
405
438
484
510
504
498
515
512
499
501
524
569
596
576
568
576
586
591
582
584
574
553
535
523
536
552
544
534
539
566
570
557
555
570
563
553
531
503
512
527
527
510
519
531
535
560
561
556
557
553
553
556
556
556
529
511
481
465
470
498
493
473
488
517
580
621
634
633
605
591
599
618
622
582
532
510
489
511
536
558
600
603
574
517
494
501
530
513
516
521
509
492
472
470
457
469
464
470
458
453
446
427
428
442
443
429
396
381
378
381
411
430
469
480
454
458
484
550
592
581
568
577
596
575
555
538
550
553
562
545
542
545
542
539
548
549
556
540
520
518
513
505
501
495
505
511
514
533
536
556
537
552
555
552
557
545
558
570
565
553
555
569
552
528
507
514
497
498
497
528
579
614
625
614
617
586
561
513
512
530
528
524
532
537
538
540
531
526
526
522
523
527
538
527
510
525
531
516
529
528
536
536
523
530
539
536
499
511
564
561
381
152
