423
420
400
393
380
398
447
555
619
618
588
581
601
609
584
587
593
597
603
583
582
571
541
512
505
525
528
515
504
493
509
554
612
641
654
617
598
624
657
659
597
520
466
451
473
488
480
454
459
507
588
631
634
627
619
624
633
632
624
621
625
611
631
635
628
613
622
612
628
612
614
629
637
631
610
619
630
625
611
569
536
526
536
507
491
474
482
485
467
477
484
478
429
398
412
409
426
388
394
404
426
399
393
420
449
483
468
476
480
469
478
478
506
556
585
574
566
590
588
570
573
590
610
601
604
615
624
610
622
598
574
539
508
501
517
520
499
482
556
642
715
720
697
694
697
675
630
588
581
604
607
604
560
506
501
474
489
498
507
514
518
516
509
517
519
514
511
504
539
576
605
609
577
593
598
607
606
585
589
606
588
569
521
502
483
495
497
502
495
474
462
464
466
444
448
459
468
458
441
402
376
372
371
386
403
372
372
387
409
397
373
394
403
392
382
384
436
545
622
629
600
586
597
611
602
589
599
601
610
570
513
483
484
497
531
516
478
423
399
416
400
401
398
420
457
456
440
439
449
454
440
456
488
555
586
584
574
572
576
579
584
584
576
575
585
579
582
573
571
553
559
572
559
566
561
556
533
524
516
519
525
503
499
508
513
506
506
500
537
567
598
598
590
597
583
595
596
585
594
587
587
592
564
513
493
476
496
503
504
459
403
365
346
351
353
363
366
375
382
388
385
375
365
348
359
433
510
567
558
549
536
552
562
574
560
568
565
557
560
571
603
611
641
640
632
624
619
629
643
635
618
601
589
589
554
513
483
494
503
494
489
492
487
476
419
392
383
396
408
385
385
392
417
451
448
457
458
445
439
456
490
564
632
629
614
601
610
622
570
521
489
505
514
501
504
509
510
516
493
462
479
475
471
460
466
498
537
572
576
579
578
576
572
584
584
585
579
587
601
589
565
485
447
441
436
450
472
520
575
608
611
603
596
614
606
581
535
508
506
512
519
528
513
498
470
459
449
460
466
473
454
443
424
418
426
428
437
429
443
448
449
441
456
439
453
453
473
494
492
493
479
491
505
488
494
493
497
487
495
486
508
495
477
495
486
481
479
484
483
479
458
425
397
381
387
397
402
388
392
395
419
425
415
413
416
406
407
420
427
412
398
388
489
606
681
681
655
660
695
703
661
598
586
590
582
578
580
576
577
579
573
569
562
565
583
585
564
568
582
647
669
655
664
663
659
601
554
519
536
509
470
455
453
468
462
445
449
462
464
469
478
489
487
470
482
531
553
551
550
549
561
553
540
546
560
546
554
577
619
658
652
653
659
642
600
573
531
559
575
585
565
558
562
538
535
529
537
532
531
549
564
569
538
487
450
468
462
454
450
448
496
556
597
601
570
565
588
601
592
595
589
583
591
585
574
557
527
541
527
538
540
544
538
545
556
554
570
575
561
557
536
531
514
510
521
553
593
618
630
625
609
633
607
573
532
486
488
493
488
508
510
511
508
517
501
522
537
557
586
582
572
574
593
588
564
521
505
500
497
515
510
512
509
529
530
572
572
563
555
562
560
550
529
487
462
458
462
461
460
436
439
474
553
589
601
580
575
588
584
563
535
527
533
532
528
549
559
575
580
578
571
567
574
569
570
559
542
542
538
540
547
554
568
573
586
606
584
562
535
505
497
498
502
508
500
498
463
447
449
456
460
456
454
450
430
444
434
458
437
434
433
440
464
472
487
500
493
482
494
496
486
498
499
513
571
576
594
570
583
584
583
594
617
633
629
613
608
629
631
589
512
476
451
480
487
485
468
467
521
594
633
634
598
605
618
611
597
601
620
612
576
515
481
480
499
482
485
478
470
429
408
403
429
448
424
393
400
468
573
629
635
606
604
615
591
530
480
481
513
514
495
495
495
501
497
492
498
506
522
563
595
617
605
588
605
606
597
601
572
520
479
470
481
492
490
464
465
491
526
514
516
517
536
563
576
576
564
568
554
577
575
567
543
541
536
532
541
543
539
539
531
543
536
538
541
527
530
540
551
581
603
615
594
588
577
563
555
556
562
560
527
483
447
452
460
463
446
450
467
459
469
455
463
469
468
478
480
486
455
462
503
561
569
571
573
571
573
559
516
534
540
543
522
534
554
592
610
626
623
614
619
614
607
579
537
516
507
514
530
519
516
538
547
539
535
542
544
522
495
503
511
507
511
505
516
502
495
503
513
513
485
511
539
581
611
623
610
611
578
546
515
515
533
540
535
528
529
538
541
526
531
522
527
526
533
528
531
529
537
528
528
535
521
520
511
526
527
518
527
535
534
521
526
532
554
529
500
510
583
559
382
143
