663
663
611
586
621
635
622
610
617
637
612
604
612
621
615
610
612
618
614
590
584
591
590
586
585
573
545
495
501
525
536
501
514
542
592
622
637
632
652
650
603
534
480
461
484
490
484
466
458
505
572
619
636
627
617
623
620
622
622
621
619
613
609
626
629
634
619
634
637
619
620
622
624
626
617
613
618
625
622
618
610
616
610
612
619
620
617
606
558
532
520
531
544
547
508
495
485
480
480
487
488
488
481
473
486
486
470
476
485
490
472
416
391
427
458
477
473
469
478
474
454
460
510
552
583
566
561
579
577
568
567
583
595
602
617
624
616
614
620
613
589
521
503
520
509
492
486
549
653
708
707
689
701
707
674
608
586
584
609
592
579
604
603
573
512
476
494
499
481
478
484
494
496
479
477
481
497
502
474
473
479
493
516
520
509
514
509
514
510
537
583
606
606
580
588
597
602
592
588
599
603
560
512
488
484
499
496
495
503
481
458
455
455
460
463
448
457
463
443
400
382
369
386
395
384
382
376
392
385
389
377
396
408
392
389
399
408
403
373
370
447
543
609
618
594
593
604
599
586
586
612
624
606
592
602
609
604
565
529
494
492
485
498
520
514
479
426
390
403
399
399
409
443
468
461
462
442
471
472
451
451
493
567
596
602
591
579
594
597
581
570
569
568
545
555
554
568
553
543
541
534
520
522
511
524
520
512
534
521
510
500
512
510
509
503
495
541
570
590
579
586
585
578
594
589
602
593
594
592
588
581
583
578
577
583
587
572
579
592
596
565
531
503
518
501
497
501
501
471
400
336
353
364
377
362
370
374
373
371
369
361
379
361
370
420
498
567
578
560
556
556
558
548
552
552
561
568
560
552
558
599
622
641
647
635
621
636
655
640
644
628
633
598
582
583
585
585
584
594
583
545
510
487
476
482
492
495
500
495
462
417
380
378
400
412
383
375
402
420
430
417
430
447
436
403
404
482
598
674
682
649
643
667
679
634
573
545
569
578
569
539
514
494
503
482
489
500
501
504
489
498
495
493
501
504
498
504
494
489
503
489
498
512
503
497
487
490
524
537
559
552
550
554
552
568
564
568
573
532
480
443
444
450
474
436
445
505
545
585
581
582
586
594
564
480
425
425
452
485
480
482
499
486
495
513
575
611
602
612
601
618
609
575
531
511
522
517
516
508
536
527
507
474
467
462
465
449
457
459
463
449
453
451
468
456
443
444
443
443
429
433
443
454
464
482
487
462
458
453
508
582
627
637
632
606
609
613
625
627
580
479
431
421
442
453
431
425
446
445
452
442
442
442
429
436
431
433
442
445
447
453
460
449
444
423
392
390
429
412
392
393
466
590
677
693
681
679
695
676
610
569
568
588
596
587
586
594
594
589
564
554
537
529
536
553
546
544
541
551
556
535
537
545
561
550
525
508
507
519
512
496
505
519
553
595
595
583
604
625
646
634
597
561
538
539
512
483
456
445
471
472
472
453
467
477
474
485
473
495
485
472
485
495
530
550
550
548
538
552
570
608
582
568
560
574
567
566
555
562
570
589
566
557
553
576
578
574
566
571
561
560
569
580
561
558
546
521
538
542
532
532
546
549
544
535
547
558
541
540
540
571
538
486
451
486
552
600
600
592
587
579
535
510
524
533
533
520
527
565
593
588
562
592
623
619
609
616
635
648
586
530
498
492
494
510
510
506
517
510
516
516
517
508
504
519
560
589
597
580
598
581
566
575
581
576
563
535
508
492
509
528
538
557
565
560
554
559
548
563
546
541
559
567
566
555
555
566
570
537
483
450
450
457
455
454
450
463
469
439
448
465
470
454
445
484
545
594
601
592
576
559
537
538
531
542
533
529
540
562
575
568
560
579
577
572
573
570
575
558
538
541
549
557
571
559
563
555
550
533
535
545
553
583
583
593
585
584
589
594
563
534
510
496
491
508
493
470
460
454
468
469
456
435
432
424
438
441
435
439
433
445
451
480
487
503
490
495
492
487
489
475
492
519
567
581
594
585
588
591
579
590
592
618
620
610
566
516
468
457
479
487
485
459
469
530
591
623
632
603
613
628
604
611
608
616
608
620
607
618
610
571
521
474
464
490
496
495
477
451
434
420
412
414
427
432
418
408
479
569
621
603
596
611
610
577
529
518
562
605
605
591
597
574
522
463
475
525
529
522
509
529
526
518
514
554
589
583
571
568
586
586
573
569
571
577
539
519
514
535
537
519
524
548
583
609
602
601
600
600
598
600
598
585
584
581
594
593
589
558
551
557
553
552
565
569
567
542
485
449
450
472
467
458
451
458
476
472
459
473
492
547
587
584
569
564
572
584
577
553
545
532
524
501
491
505
526
537
546
565
547
563
545
560
556
548
510
492
531
595
622
587
539
528
518
535
521
517
527
526
516
527
541
541
520
523
513
527
527
539
538
541
537
532
532
525
532
533
530
525
523
522
535
529
538
544
531
543
535
515
517
526
528
515
523
539
542
528
514
528
524
522
516
523
529
523
508
516
542
520
512
526
559
551
399
143
