642
655
598
577
620
631
623
597
615
602
580
579
598
630
617
566
537
526
510
493
505
534
611
633
640
642
642
649
662
653
582
504
454
463
483
489
513
572
639
644
627
623
635
639
640
617
619
630
619
609
614
640
627
594
538
518
512
532
539
532
504
459
435
447
456
440
411
415
420
391
394
470
589
682
683
662
649
664
653
658
654
671
679
654
648
654
661
633
579
534
538
563
556
530
553
601
629
619
612
609
621
609
587
541
521
515
523
518
508
501
522
513
473
438
408
404
408
397
377
379
397
377
386
396
421
410
392
380
462
568
639
633
628
612
633
624
608
631
629
602
545
531
521
527
526
522
532
538
528
535
543
544
546
525
527
538
539
515
517
531
523
489
461
454
462
469
465
458
474
447
461
455
461
453
468
463
479
478
477
465
448
456
466
464
472
467
469
463
441
435
431
431
434
436
416
420
450
479
499
493
489
481
467
477
509
530
560
552
534
541
544
537
533
550
558
548
527
460
439
451
440
418
434
476
565
603
603
596
587
608
600
613
597
595
607
623
614
582
509
478
479
472
471
465
474
485
485
483
474
496
506
486
488
478
478
439
402
415
473
540
593
596
580
578
567
580
585
585
593
599
575
524
474
477
502
507
465
463
547
658
712
690
664
696
706
664
596
569
562
571
570
573
554
542
489
455
446
463
479
458
451
455
470
457
452
467
473
471
460
470
490
542
574
581
574
573
558
571
595
606
618
623
632
635
618
623
641
631
595
551
547
546
538
544
524
533
519
500
490
479
486
487
499
474
452
418
396
390
406
415
404
398
389
402
409
398
384
406
414
402
375
375
445
554
624
629
595
602
611
618
590
600
607
610
577
515
491
497
499
473
451
467
478
471
447
472
523
549
544
516
527
562
627
655
674
663
657
625
590
553
558
566
554
561
557
566
576
572
557
523
501
504
515
507
514
504
544
586
630
607
583
592
595
622
610
630
596
539
498
485
508
526
500
500
500
518
502
502
499
506
516
516
507
514
514
529
571
621
634
611
570
596
620
615
556
517
464
447
463
470
481
465
452
412
402
402
411
417
399
399
459
551
606
621
616
620
642
644
620
634
649
647
633
616
580
571
564
557
528
476
455
445
450
455
451
436
422
393
371
341
368
384
391
363
360
409
515
561
566
571
573
586
591
579
583
598
580
548
498
481
465
469
470
475
465
441
453
512
606
657
676
655
659
672
640
592
587
581
587
581
574
561
546
529
506
501
510
535
512
487
467
470
450
444
456
461
456
440
420
409
412
411
419
418
414
418
386
365
372
386
386
384
383
411
471
493
498
528
588
634
636
629
610
616
635
630
616
627
635
618
605
598
581
591
588
585
607
601
593
600
593
583
586
586
581
593
600
621
597
582
537
512
504
498
509
517
511
509
507
502
482
452
437
440
446
437
425
419
416
439
417
426
421
430
424
424
423
444
440
419
422
466
542
598
602
583
586
593
603
570
556
525
497
496
509
509
495
501
540
587
630
626
609
605
632
622
562
520
496
485
495
502
495
452
416
397
387
401
399
382
386
422
466
504
485
487
488
500
501
475
489
536
602
633
629
622
616
602
585
571
560
566
586
579
580
547
506
482
471
463
484
488
476
490
484
489
466
465
477
470
485
489
482
477
478
478
481
475
486
481
480
478
486
478
494
487
489
488
485
466
474
473
492
485
470
454
439
430
415
412
389
372
361
355
374
359
344
359
427
523
596
606
590
567
586
588
575
562
570
601
611
556
491
425
418
506
569
589
601
574
584
589
584
579
575
582
574
578
599
590
560
540
518
513
508
524
554
600
624
628
619
615
638
635
635
602
587
564
524
514
525
534
534
526
519
511
479
466
451
458
458
473
454
431
420
403
398
405
413
401
388
398
432
464
483
479
472
473
483
474
457
504
551
593
590
575
568
582
578
579
556
521
488
481
509
510
478
435
413
416
417
408
399
421
419
398
386
388
386
365
378
463
581
654
630
582
555
562
582
587
575
576
594
593
573
574
587
580
568
574
567
554
558
541
559
575
571
535
493
454
447
476
481
461
473
499
554
598
600
579
576
573
578
574
566
548
549
542
533
516
508
499
514
510
501
501
517
548
554
544
546
555
565
526
511
500
500
503
531
582
609
628
617
612
624
605
545
517
516
526
530
508
531
534
532
525
525
521
532
528
514
545
533
519
522
536
539
530
526
534
538
527
517
535
538
527
507
527
548
539
497
526
579
558
390
148
