649
664
601
591
632
639
613
586
596
601
592
585
590
601
611
581
535
512
514
536
538
507
523
543
605
656
645
626
637
644
628
635
662
656
598
511
476
484
504
481
424
425
432
415
421
485
580
643
631
611
621
633
628
604
608
641
624
627
632
626
584
505
463
476
499
494
477
478
482
488
457
447
472
470
441
450
517
617
670
646
648
643
650
651
632
634
643
664
651
607
533
475
449
476
535
587
644
650
664
627
635
643
648
624
571
533
543
555
554
552
540
532
516
494
490
490
510
516
494
494
529
568
617
615
607
614
619
609
585
564
538
557
562
559
561
560
545
526
532
538
523
526
550
564
598
585
577
608
616
639
620
607
625
637
641
587
538
502
481
480
486
501
498
493
503
491
495
500
496
500
487
491
496
502
520
511
529
530
517
504
512
539
586
605
600
603
610
601
609
599
601
598
592
601
608
627
575
522
470
479
497
478
470
466
482
491
491
494
489
489
487
494
504
495
451
427
409
411
399
420
406
407
409
408
424
480
518
526
499
492
508
530
542
564
574
575
533
505
491
473
484
469
475
487
489
466
453
542
623
690
701
665
662
667
688
686
651
610
585
572
573
596
618
640
645
636
626
649
660
622
564
527
527
542
538
530
533
563
549
513
469
442
441
443
454
450
446
448
438
460
453
431
440
522
634
696
694
681
684
696
666
612
574
586
596
603
575
578
605
606
559
521
478
486
489
499
481
463
428
422
410
421
415
410
418
426
445
438
442
444
450
439
449
443
454
447
449
442
440
457
473
467
458
456
459
463
459
437
417
435
441
441
424
434
432
429
437
424
427
415
433
446
421
425
425
434
440
425
422
470
572
632
644
628
620
568
499
452
451
470
471
448
436
488
572
600
613
589
585
597
601
585
582
594
605
597
548
488
441
434
443
439
451
430
426
445
481
546
577
594
573
568
569
572
573
578
584
585
591
577
575
579
585
576
573
578
579
576
581
585
583
577
579
592
580
551
541
544
533
541
549
541
538
539
539
535
532
541
539
534
530
535
539
531
536
543
537
571
569
572
568
564
550
519
523
514
528
539
521
518
526
546
556
563
561
558
563
531
480
429
425
427
470
488
501
508
506
508
496
507
532
579
603
620
607
611
602
571
505
473
479
491
485
482
475
490
491
494
479
479
496
505
527
517
522
518
523
517
514
518
535
583
622
621
603
595
607
604
601
605
601
608
614
601
602
612
622
601
606
609
612
567
514
463
461
481
494
476
491
493
477
481
480
483
474
453
445
446
451
439
449
441
464
445
431
430
513
613
684
707
689
664
602
574
542
555
564
562
572
602
633
634
623
618
630
622
605
551
525
526
529
522
519
536
540
517
456
419
403
431
441
428
422
415
411
407
392
411
423
417
392
411
468
529
577
585
573
567
575
569
559
553
543
537
538
537
545
529
550
558
564
561
552
559
580
548
503
476
482
492
477
467
522
635
672
686
658
660
690
649
596
553
546
581
566
556
570
593
604
612
610
593
596
608
614
591
573
547
538
544
557
562
552
557
581
593
574
566
516
495
478
491
495
485
498
478
500
484
489
501
511
502
486
510
557
576
580
570
563
555
552
538
549
552
537
523
535
553
539
543
538
564
572
565
557
565
571
527
474
432
415
425
447
440
470
493
495
477
479
488
483
482
490
478
477
474
476
485
467
470
484
469
480
485
485
485
469
478
512
569
592
614
591
590
608
586
564
542
559
567
551
548
553
559
573
564
574
563
563
565
587
623
645
641
636
628
641
640
633
642
646
595
554
507
506
526
525
529
513
498
463
427
430
419
431
437
465
478
492
482
476
483
486
507
542
573
579
549
540
552
587
528
448
409
428
468
461
466
476
474
445
447
499
593
634
625
604
620
639
595
523
467
478
495
500
486
493
481
495
499
506
515
514
508
509
512
532
588
634
632
629
596
630
641
632
592
578
585
605
589
577
575
593
586
573
586
605
601
545
482
434
443
460
451
423
407
394
419
420
394
379
419
446
433
390
392
479
598
671
667
639
648
686
687
634
580
561
560
585
596
607
614
615
618
607
612
609
606
583
541
509
498
552
578
597
604
600
609
599
564
533
543
556
547
524
536
562
570
566
558
569
567
542
492
464
458
466
453
459
465
466
471
466
467
470
473
469
468
508
546
586
602
583
564
556
536
553
550
553
550
527
523
493
502
516
510
500
497
524
547
554
556
549
555
563
559
551
512
490
510
531
584
608
629
607
591
600
610
613
580
548
531
524
528
531
541
537
544
527
530
525
524
525
530
536
534
530
523
526
523
530
530
540
523
527
521
526
532
521
532
518
530
524
515
532
538
527
511
530
553
540
508
511
562
546
387
139
