649
673
621
591
612
642
618
598
593
602
602
581
594
620
609
564
524
517
526
517
510
512
556
612
652
648
640
643
608
534
464
452
479
484
474
471
503
585
640
630
617
609
614
619
617
613
619
620
628
613
612
617
625
626
584
517
474
464
492
491
468
476
480
489
488
456
464
517
594
633
643
616
619
644
649
642
584
514
468
470
465
493
472
465
484
535
596
651
647
641
645
650
666
656
644
643
654
651
643
628
643
649
648
652
657
646
635
648
644
660
646
646
640
656
652
650
643
648
657
640
635
631
639
652
656
623
579
530
535
542
560
558
549
548
547
534
538
552
541
540
537
518
505
493
492
494
496
510
502
500
514
507
496
487
501
509
503
497
495
507
503
490
497
523
573
618
609
623
614
596
565
551
549
546
555
561
557
568
545
530
526
522
520
516
528
516
532
535
546
570
563
553
574
579
578
569
580
588
606
593
585
581
597
597
563
500
447
432
445
475
484
491
491
486
483
482
487
493
521
565
610
614
594
581
586
611
605
550
513
485
485
488
473
487
484
480
499
453
437
410
403
412
419
414
406
406
423
440
465
512
560
558
557
556
594
579
548
506
484
493
489
474
474
527
625
689
699
674
636
597
584
565
581
583
588
575
574
594
622
633
645
627
627
640
645
584
519
462
475
485
494
480
486
485
455
456
456
460
473
441
448
518
628
710
710
676
681
694
707
700
678
628
591
590
604
593
563
513
478
482
495
482
484
488
505
470
429
397
413
433
426
419
425
445
446
429
441
445
448
442
453
442
439
444
440
443
450
438
443
454
447
438
441
432
436
441
440
439
437
440
428
434
447
442
435
437
444
440
438
437
444
442
439
447
436
444
449
431
449
462
461
458
457
465
468
475
454
459
470
468
452
439
427
435
446
432
429
443
443
421
420
431
440
419
432
451
451
415
405
480
577
631
587
487
429
437
472
466
439
439
493
560
603
613
609
587
599
601
589
595
597
610
607
589
593
614
604
553
502
450
431
439
434
444
438
430
426
424
470
542
577
586
571
576
595
585
572
578
579
587
581
586
583
577
544
524
523
539
544
548
554
562
570
569
557
561
560
553
547
552
560
565
567
550
529
512
512
513
530
557
567
566
579
576
570
562
565
573
554
563
570
574
563
567
577
569
558
545
548
572
575
562
564
584
582
534
463
429
426
435
452
445
429
426
445
444
449
447
449
434
423
434
450
439
433
426
452
492
518
518
500
491
492
514
546
582
596
614
638
616
577
513
467
466
475
504
493
495
497
482
502
503
519
524
513
509
519
530
519
526
529
528
517
515
543
579
617
616
598
597
620
609
609
595
606
620
609
624
605
633
621
583
502
467
461
488
487
486
474
477
477
464
450
449
442
451
464
452
434
456
520
628
711
719
690
676
689
679
607
564
557
580
598
602
607
634
627
604
614
650
638
587
523
512
533
525
497
442
418
404
430
435
423
420
425
433
426
409
399
414
414
411
409
421
473
537
568
568
567
553
568
571
566
557
561
543
543
535
545
528
526
532
530
527
531
529
537
531
538
557
567
556
556
560
577
571
534
458
435
429
429
438
471
527
570
588
568
567
598
614
632
618
639
644
638
620
631
643
621
567
538
537
550
553
554
549
563
586
607
608
622
620
598
564
545
555
560
566
550
553
572
571
591
595
594
588
585
604
600
564
510
482
472
487
500
485
487
490
490
494
501
478
498
488
500
501
497
497
509
555
570
583
562
571
571
576
563
557
543
526
522
518
531
531
540
534
536
550
558
561
561
541
530
519
508
522
519
512
519
520
525
523
550
555
575
567
557
554
560
556
542
517
518
517
531
528
546
577
596
593
602
601
589
577
562
570
567
558
560
582
621
642
632
619
636
650
611
556
511
521
529
535
486
446
424
433
432
437
426
435
438
436
453
472
486
471
472
491
532
563
567
569
556
579
575
528
456
417
419
442
431
422
424
423
430
434
447
451
474
472
478
461
456
448
504
593
653
656
620
628
652
658
599
519
475
475
491
492
471
466
470
456
454
466
465
449
462
467
453
426
425
514
632
718
729
685
667
692
699
672
617
586
589
604
598
598
595
603
594
595
590
594
590
590
600
595
589
586
591
590
608
597
590
600
626
608
590
580
593
600
581
569
588
606
599
588
597
602
595
540
474
445
451
455
470
450
433
404
402
415
415
384
402
486
604
680
666
588
556
573
576
576
564
573
583
622
631
640
632
628
628
642
641
627
579
532
498
488
464
456
466
461
473
464
441
457
485
521
520
506
495
534
567
547
503
454
453
469
481
466
449
455
466
483
478
475
482
483
473
469
468
503
560
594
584
565
565
581
561
553
534
548
546
517
514
497
513
514
517
512
506
509
513
529
544
555
556
541
528
526
515
503
502
521
516
487
500
530
585
620
624
607
614
616
615
592
551
529
529
541
543
526
522
531
536
527
513
513
533
536
514
527
536
539
525
525
530
527
527
518
542
551
536
503
526
548
537
508
513
570
560
397
137
