649
672
610
595
627
625
584
573
589
618
616
593
575
603
602
573
547
539
518
505
486
531
569
601
619
651
660
663
619
630
655
635
585
518
465
468
462
486
482
473
462
473
521
589
624
643
628
621
617
621
628
629
609
615
631
639
586
518
485
474
489
494
469
467
467
444
453
506
618
702
702
689
680
715
703
697
681
676
681
684
693
700
694
695
696
684
659
623
613
597
571
524
474
462
490
492
486
485
470
483
493
494
497
499
497
511
496
485
496
518
544
562
556
551
549
552
550
550
537
503
465
452
537
640
706
712
678
672
664
681
686
682
650
591
571
559
570
578
569
560
585
620
634
623
613
617
615
626
620
590
524
477
461
487
498
483
477
481
489
487
481
483
492
465
432
400
398
417
418
393
389
398
410
403
393
414
420
413
385
394
471
595
686
679
643
628
655
678
641
589
572
578
585
568
569
591
599
591
593
586
610
596
570
550
568
569
523
471
447
435
434
449
459
487
504
517
501
497
494
509
505
490
508
530
592
604
562
508
476
474
488
498
487
490
475
483
478
493
494
492
477
491
496
492
474
473
491
501
497
511
497
502
501
499
509
518
518
506
504
522
508
489
499
522
563
580
577
575
591
620
628
624
627
635
612
578
557
546
562
564
550
553
551
551
558
561
550
563
551
570
555
559
551
548
551
543
542
554
577
599
594
585
573
574
596
594
598
567
512
503
496
513
519
513
499
497
482
469
446
463
484
463
469
464
465
473
467
473
467
459
460
461
461
487
474
479
464
471
465
467
476
472
476
467
464
472
477
481
479
482
479
479
483
494
505
476
461
433
426
429
426
446
456
441
412
378
358
349
364
374
400
434
460
460
452
454
448
447
451
477
544
604
614
614
626
619
627
626
628
630
637
620
598
604
630
629
591
542
511
486
497
497
510
500
480
449
432
444
458
438
429
476
569
615
620
589
567
566
544
524
509
510
527
553
584
647
666
646
593
528
486
470
492
514
475
429
398
420
423
403
414
442
520
572
575
560
567
570
567
576
564
561
563
555
563
568
560
565
580
578
586
581
581
603
571
533
505
500
493
501
505
505
505
528
532
533
550
555
547
555
560
560
551
568
595
613
607
599
597
609
607
603
608
604
599
571
546
545
550
556
552
558
568
572
602
595
564
528
479
490
501
504
497
489
480
495
498
504
508
493
486
439
400
410
413
422
430
426
413
409
423
413
406
427
410
414
428
438
436
444
425
441
425
440
416
401
386
371
388
388
376
383
382
391
374
375
409
453
480
500
481
476
477
468
468
468
475
487
471
472
483
507
554
595
596
582
575
576
605
598
573
530
498
498
512
503
504
499
506
518
496
506
539
573
599
609
606
598
591
594
590
572
580
587
573
594
606
594
578
542
535
530
551
557
581
591
548
462
405
403
471
550
592
587
582
571
580
573
582
557
569
620
664
654
642
635
661
652
635
607
588
586
599
594
597
610
621
593
565
536
528
521
518
534
525
524
505
499
477
467
471
482
489
493
467
426
402
394
399
411
399
395
383
391
392
380
364
363
414
517
585
603
572
568
592
611
638
639
628
638
620
598
578
568
577
581
577
580
582
589
589
579
578
583
581
581
583
581
578
583
585
590
584
582
550
532
555
559
533
489
469
535
626
710
708
633
553
508
527
521
539
516
510
536
578
619
621
598
586
610
607
601
599
602
592
584
598
599
606
607
611
580
556
523
511
532
546
529
508
474
462
454
452
467
474
455
419
419
407
419
397
410
416
403
397
393
415
391
383
393
461
550
609
624
620
610
605
596
597
601
608
600
609
599
577
519
487
473
488
508
487
477
487
472
433
408
407
421
417
395
390
429
479
502
508
500
502
542
556
579
574
564
572
578
587
583
570
558
580
581
576
567
568
590
580
552
523
524
514
516
521
523
532
529
516
535
586
604
606
613
593
593
591
595
595
591
597
583
597
597
597
592
582
570
552
545
571
578
578
528
464
421
419
443
452
447
425
439
485
579
634
651
620
627
622
610
538
491
485
516
520
491
489
520
581
622
601
585
590
600
601
566
538
520
507
513
516
525
519
506
480
460
477
455
465
462
466
476
461
436
420
430
427
434
429
435
420
431
426
423
434
423
431
424
427
392
383
395
446
475
471
458
457
498
536
581
584
572
571
582
580
569
549
552
544
545
553
556
562
546
530
512
515
509
491
503
515
503
495
507
522
544
556
570
547
523
514
506
508
511
514
503
502
532
579
626
628
581
543
523
532
529
530
523
520
532
533
520
533
520
522
529
529
526
530
524
512
525
527
524
525
524
530
517
531
532
525
525
507
541
557
536
505
506
562
549
388
145
