651
658
600
582
621
636
608
579
581
606
601
587
605
593
584
583
588
597
578
525
517
521
523
525
503
512
553
620
666
658
630
632
646
648
608
522
451
452
480
511
482
458
461
517
576
617
646
640
627
606
625
631
623
616
620
634
639
585
521
475
470
463
450
440
457
461
453
429
440
533
632
688
717
687
646
619
587
586
582
580
584
597
588
562
510
468
449
479
479
476
463
478
487
495
466
476
488
502
472
474
508
565
619
626
609
597
606
606
622
620
603
608
603
598
614
583
555
530
542
549
540
537
532
528
487
466
460
490
489
467
476
534
621
685
676
663
675
697
689
695
683
690
651
600
555
583
579
567
575
588
611
618
640
641
637
602
603
631
632
578
503
455
473
484
501
493
476
449
420
401
411
406
395
385
463
596
687
683
651
649
669
658
658
650
658
659
648
644
655
665
664
637
650
665
665
635
582
575
573
568
568
585
592
571
574
592
582
573
554
553
554
549
524
550
568
561
522
460
437
428
446
454
444
416
426
459
506
494
504
509
534
578
601
602
600
598
595
592
616
622
580
529
475
465
472
492
479
474
483
489
496
493
487
496
479
497
508
527
564
572
588
592
608
597
604
604
593
605
602
577
555
535
536
521
531
522
525
560
560
559
549
550
559
560
553
541
532
550
550
540
548
545
561
536
537
539
563
587
592
601
590
564
532
503
512
492
486
495
489
492
497
479
460
459
471
465
475
473
466
481
480
468
469
472
492
489
477
488
483
482
484
494
465
440
433
442
444
416
387
367
362
364
369
372
415
448
460
451
442
434
453
466
503
552
563
532
523
536
589
635
668
672
675
659
619
563
536
538
532
516
485
457
466
468
460
491
547
579
587
589
587
602
608
569
515
506
502
500
517
510
508
519
510
514
506
525
553
609
639
660
654
642
638
658
654
597
516
477
474
478
494
489
485
456
436
416
419
425
429
426
425
425
415
407
451
524
569
571
568
550
564
566
565
570
565
566
572
560
564
560
561
550
556
579
585
577
565
573
564
575
562
544
522
529
537
540
533
535
534
536
530
530
547
578
595
599
573
571
589
598
589
547
501
470
464
483
505
506
508
505
500
509
499
509
532
568
605
617
607
600
594
595
610
607
564
531
479
490
489
500
494
491
481
460
421
421
429
412
408
415
422
431
433
431
421
435
419
400
385
384
400
392
380
373
386
398
452
487
484
465
452
484
502
478
467
481
545
602
590
561
537
512
518
492
506
507
502
496
538
568
599
606
585
585
591
597
589
583
581
590
585
590
597
594
603
575
581
583
594
581
580
579
562
548
534
549
548
550
545
546
557
574
574
559
563
576
549
563
573
560
540
482
431
424
442
454
444
414
430
468
525
550
558
549
539
556
562
567
582
596
608
588
580
580
599
597
597
603
621
617
602
586
608
605
577
539
531
534
545
524
522
529
542
534
518
485
486
495
488
502
491
470
413
396
394
402
404
405
399
399
386
371
369
395
396
366
382
432
529
590
591
581
567
577
585
588
615
625
637
626
610
589
592
577
579
583
589
581
559
545
526
500
458
478
494
493
459
466
533
630
696
689
666
654
664
690
685
634
568
504
508
539
586
607
606
594
612
614
611
592
602
608
611
591
580
595
597
592
590
596
604
605
592
601
591
581
549
527
530
529
532
526
530
529
517
486
452
446
453
450
435
422
422
414
406
410
418
414
410
403
422
412
394
379
385
469
560
623
629
610
610
604
619
609
600
605
622
626
614
606
591
596
610
609
569
509
455
448
489
496
485
449
426
413
403
409
396
398
430
473
509
506
499
491
489
527
558
579
585
579
549
540
535
532
534
534
523
529
524
540
542
565
575
556
544
557
558
545
512
487
508
556
569
563
557
572
550
556
567
563
515
439
383
382
414
420
389
385
444
516
582
595
584
578
577
577
569
574
579
571
575
563
563
562
582
572
550
508
475
471
485
506
492
465
477
519
574
598
600
572
585
600
618
608
576
535
499
480
459
466
477
467
468
454
472
475
481
464
474
468
476
454
469
481
478
473
453
473
480
471
459
468
466
472
456
425
413
422
400
370
338
334
351
352
366
355
347
338
380
434
456
447
455
458
458
459
448
490
558
609
598
583
579
607
612
603
601
600
600
602
589
603
603
583
555
551
556
545
505
507
494
509
503
482
516
534
557
564
545
554
548
543
523
492
491
502
509
503
486
487
535
574
617
618
613
596
619
608
605
614
608
616
601
608
623
638
592
593
611
634
614
569
548
530
543
541
545
536
521
525
531
531
538
530
524
534
527
514
520
539
532
524
516
526
542
531
511
528
526
529
519
521
531
521
509
523
545
527
504
513
578
570
399
144
