642
666
602
591
618
624
596
589
597
603
593
581
586
585
580
527
498
512
513
523
513
504
518
549
600
658
645
612
616
651
660
596
491
452
495
600
650
636
614
630
627
616
613
627
628
612
601
568
526
521
514
534
545
534
519
512
498
490
498
503
506
490
483
466
441
438
441
461
453
427
393
371
345
356
420
492
541
555
542
537
532
543
546
538
541
558
572
576
570
576
558
563
563
554
567
560
560
564
560
567
560
568
555
545
569
572
565
561
573
589
589
590
581
576
584
584
581
578
587
573
565
574
584
577
571
567
586
585
549
510
469
476
488
488
476
476
493
482
472
470
491
484
464
454
500
527
557
547
540
540
550
535
505
480
487
498
500
475
471
487
486
483
486
500
502
484
499
495
504
497
498
493
499
499
492
490
496
488
483
482
487
486
478
495
495
500
468
463
499
542
553
556
535
546
574
587
580
595
595
594
590
596
604
578
542
512
498
515
538
514
521
523
561
586
587
582
580
592
579
583
580
583
581
582
578
590
592
595
581
572
574
565
584
588
578
583
574
570
573
573
586
566
532
503
496
482
446
419
407
424
422
422
397
380
348
343
345
368
417
445
454
450
464
473
465
455
440
487
554
593
594
581
583
589
593
583
578
600
606
572
518
494
506
494
502
521
531
554
558
556
547
553
558
545
545
548
578
559
540
545
552
550
551
572
619
616
626
616
624
634
591
557
530
553
552
541
509
511
512
517
509
511
511
524
560
585
601
540
465
411
433
449
435
434
435
457
470
474
473
470
477
472
481
519
556
544
522
540
570
626
662
665
658
654
665
676
654
638
599
576
581
593
575
585
579
585
559
500
477
476
496
498
481
478
443
412
401
408
414
419
408
408
419
418
414
421
427
425
431
431
438
434
429
421
420
458
435
409
397
392
409
420
393
398
417
413
392
390
380
389
370
389
401
385
380
381
380
383
374
366
374
401
393
374
373
451
562
653
667
625
612
640
646
620
593
574
580
566
562
582
583
584
579
583
589
583
576
564
571
548
550
527
537
547
539
533
541
523
473
415
426
502
620
663
678
674
654
639
590
546
542
554
552
552
553
524
484
426
425
441
457
440
426
446
490
481
468
472
470
470
466
468
488
504
512
511
521
515
497
490
528
596
604
594
605
623
601
608
590
605
604
594
583
623
613
572
497
471
469
478
448
420
423
438
426
421
479
553
616
632
591
593
591
606
566
514
483
470
490
489
487
484
481
470
452
461
499
545
582
585
576
569
582
589
584
568
572
581
576
570
570
574
573
572
551
568
562
554
545
546
568
533
509
485
491
506
509
492
486
496
505
514
503
496
526
539
546
548
544
555
555
557
538
544
556
560
548
550
560
553
546
552
584
607
631
629
632
589
546
505
503
510
509
510
499
491
507
537
574
624
615
593
600
604
618
620
602
600
615
611
602
601
617
616
589
539
525
513
532
524
527
526
515
487
442
447
472
484
481
489
487
494
517
517
507
506
512
521
504
507
528
541
555
540
529
527
549
545
530
542
542
549
535
532
539
550
547
530
574
598
623
626
612
630
633
621
598
576
571
564
561
581
578
560
531
528
536
535
527
546
547
505
416
385
394
414
399
381
435
504
565
553
534
532
551
547
544
537
536
536
542
554
583
580
563
572
588
574
561
567
590
583
578
563
595
595
543
471
435
446
449
421
420
482
568
626
638
607
603
605
604
612
602
596
528
517
487
500
500
490
485
493
483
493
464
474
476
477
470
463
470
479
499
534
573
594
547
514
490
494
496
501
491
496
486
454
424
410
410
419
425
417
430
406
379
387
392
439
452
419
434
505
631
702
722
697
671
618
573
556
569
580
575
560
576
582
616
616
595
592
611
615
572
513
491
487
495
490
482
486
489
484
454
400
402
415
433
416
408
405
428
430
426
430
419
422
420
431
427
433
413
412
397
376
347
353
442
544
593
602
586
570
579
582
575
600
592
576
566
593
591
573
522
515
526
525
520
524
545
548
553
537
532
541
533
538
541
538
540
569
642
685
688
660
645
672
667
641
597
572
574
584
562
576
588
563
492
454
451
474
472
461
447
464
484
471
474
470
474
455
473
511
562
594
587
587
574
558
540
546
540
549
550
555
557
541
523
493
499
510
503
504
502
519
538
566
562
561
554
565
554
534
498
484
529
598
610
619
602
611
614
586
554
516
514
523
534
536
528
530
531
525
528
525
530
534
524
526
528
537
542
519
520
525
522
528
503
517
538
534
509
524
570
552
396
142
