637
650
587
581
622
623
593
582
588
603
589
573
570
538
498
504
521
524
519
494
560
626
671
662
649
640
639
631
624
644
649
599
509
458
451
481
487
470
452
472
515
572
631
629
617
601
610
637
629
625
633
636
594
518
460
460
481
482
463
464
478
447
425
437
476
468
421
426
514
625
660
618
565
557
588
615
608
587
552
516
470
464
475
499
485
476
487
488
500
483
493
491
503
498
484
494
502
528
564
565
553
543
547
563
556
556
546
555
563
562
558
557
537
491
457
462
504
495
473
452
526
632
694
697
668
664
688
674
607
575
553
568
567
577
556
586
600
600
600
612
625
623
625
632
620
577
499
486
480
498
492
475
476
477
487
483
458
439
401
383
400
420
408
389
405
482
599
664
667
644
645
656
661
641
654
666
660
630
586
566
565
576
578
577
568
577
582
564
581
586
580
572
577
588
595
589
583
587
588
573
562
562
553
552
559
556
549
552
506
470
431
422
446
476
494
494
500
508
501
502
500
523
575
597
616
616
597
578
515
488
481
485
495
492
486
497
500
518
507
504
507
523
485
507
501
506
515
500
501
497
503
497
508
518
555
572
570
565
581
575
593
617
618
630
632
626
629
638
637
607
571
557
553
549
569
558
541
539
545
543
567
584
578
582
581
573
580
563
513
488
463
494
502
497
489
487
477
457
460
462
461
428
421
417
434
452
433
429
440
461
461
460
474
457
462
463
458
430
419
423
434
436
433
393
374
353
349
351
369
369
341
353
385
431
455
457
438
442
487
544
581
582
573
575
574
601
583
584
564
587
610
630
624
628
627
646
629
584
524
501
485
492
511
499
474
474
462
454
436
437
443
476
539
585
603
600
591
595
616
602
561
531
549
599
647
653
636
628
642
646
630
650
654
608
533
468
473
509
506
455
426
408
422
415
408
412
425
436
406
405
454
519
576
575
554
561
573
570
562
565
560
566
567
567
569
559
571
550
559
566
578
579
573
569
585
586
592
550
528
513
514
505
515
512
503
501
498
523
550
565
560
548
553
550
558
558
555
556
550
551
550
566
570
592
603
613
607
602
611
613
591
557
544
542
555
547
546
548
545
546
555
547
565
589
591
564
514
501
486
482
495
488
490
483
498
503
496
468
433
415
414
424
423
415
421
435
445
436
422
434
438
424
395
375
364
385
383
363
376
407
456
492
482
467
459
484
475
473
511
561
592
601
579
569
587
604
593
553
523
508
508
511
495
519
541
595
613
619
622
603
592
606
609
598
572
519
487
493
483
483
482
478
466
432
399
398
405
413
398
413
415
405
388
445
534
598
610
580
582
594
593
588
604
635
656
663
638
640
658
661
654
628
614
591
569
536
524
527
534
522
520
549
549
536
515
483
478
484
492
480
489
462
420
390
383
405
400
399
398
407
427
386
370
372
397
397
375
365
444
529
585
595
564
567
576
572
585
605
626
637
625
625
646
620
601
573
589
591
573
541
521
534
552
542
534
530
549
535
518
498
483
492
494
469
473
523
620
692
699
657
639
681
692
687
676
675
693
652
564
507
494
517
514
521
538
579
608
606
602
592
619
612
593
589
601
592
600
583
613
601
579
545
522
528
527
539
539
511
484
443
460
454
469
460
454
466
459
448
410
400
394
410
412
408
404
407
399
398
397
405
414
412
383
405
469
552
622
624
606
604
610
611
607
588
595
613
598
602
599
615
612
600
604
593
622
613
578
523
476
468
491
484
450
417
401
413
415
411
410
413
407
409
398
409
398
394
397
442
469
504
505
509
501
513
501
519
553
596
583
584
569
583
598
579
584
595
594
575
543
519
544
540
546
551
526
529
538
521
528
535
552
568
559
565
561
563
544
532
523
516
524
521
512
518
504
516
532
565
571
576
557
562
575
586
555
463
418
423
443
447
434
429
435
446
433
422
429
441
448
421
428
470
567
636
638
627
627
622
580
534
486
497
506
500
486
496
526
570
607
622
606
560
521
512
517
517
505
502
506
503
472
468
474
475
482
463
461
445
439
417
397
397
386
391
395
390
393
385
395
422
454
457
464
457
457
447
450
491
545
595
587
577
565
578
578
576
558
551
551
541
551
534
515
502
504
500
508
505
510
503
497
510
529
543
562
561
541
518
503
494
502
540
585
620
627
624
611
610
611
612
606
609
571
542
508
525
518
539
531
527
533
524
535
526
536
548
526
517
525
520
534
516
526
534
540
538
530
519
531
539
533
508
530
535
530
528
534
534
524
516
507
532
542
535
528
527
537
529
519
532
532
532
513
516
532
522
504
508
565
558
378
142
