649
665
589
582
618
631
606
614
618
616
603
575
592
576
527
488
536
611
653
640
618
620
636
655
647
587
520
453
449
522
597
633
629
618
610
624
627
596
611
623
615
609
593
627
637
614
568
521
482
469
485
484
479
468
461
476
462
443
451
466
480
450
425
439
516
622
687
705
683
675
663
632
596
592
586
600
602
576
567
585
591
591
553
501
470
479
480
490
488
490
468
479
479
494
501
498
514
501
496
499
508
550
562
552
540
538
555
558
540
495
462
470
496
491
447
464
536
627
689
681
665
656
693
695
656
595
563
577
574
574
589
605
623
626
617
613
615
614
610
590
615
618
594
526
466
452
472
481
473
478
478
484
484
467
438
419
396
405
416
419
368
384
466
586
666
684
659
642
626
591
555
550
543
565
558
569
573
571
576
577
584
582
569
559
570
588
588
598
602
589
596
571
560
564
552
557
564
565
556
555
538
534
536
536
539
538
567
597
621
636
624
601
598
606
596
559
502
476
479
500
489
481
488
483
494
493
491
476
492
488
492
485
476
492
541
544
535
542
547
538
532
546
573
624
663
663
665
645
614
584
555
533
536
550
579
617
653
653
637
639
660
655
649
641
654
663
663
653
665
655
633
587
558
565
568
572
560
563
571
563
547
540
536
539
545
546
552
577
593
593
573
588
580
580
568
533
500
497
489
499
496
500
489
472
463
463
472
469
455
465
464
469
477
479
471
475
462
470
473
466
468
466
476
480
482
488
474
480
476
484
486
493
476
471
485
489
490
462
448
448
458
461
459
462
443
436
459
458
462
432
427
421
418
426
415
406
408
404
410
409
409
413
433
434
454
448
437
423
434
491
560
621
625
604
606
605
623
618
577
516
479
491
490
483
494
505
476
439
431
466
554
615
633
583
589
598
602
585
536
509
507
530
536
513
514
546
615
659
648
641
626
640
630
626
633
635
643
639
637
635
622
617
635
651
658
592
506
471
467
489
483
482
484
470
442
411
425
432
432
408
406
453
518
572
580
563
570
568
571
566
559
570
559
576
575
558
573
557
560
567
569
566
590
567
560
530
519
518
521
518
516
514
524
518
520
527
526
522
537
545
553
543
550
539
554
548
548
545
552
547
544
535
547
539
535
539
570
593
590
580
590
585
590
562
515
496
481
456
455
446
447
442
411
370
379
410
436
464
479
480
460
455
470
502
523
509
504
513
519
526
515
515
511
506
502
514
515
510
517
535
558
594
591
579
574
585
606
575
559
542
536
538
546
550
565
561
591
580
540
473
415
410
432
429
414
417
479
541
585
582
587
631
661
652
643
651
651
630
601
594
601
593
591
595
594
573
533
516
530
517
488
477
480
491
487
483
486
495
462
424
394
402
407
407
415
408
399
378
381
393
400
370
368
423
525
592
594
571
566
569
571
567
561
566
577
597
624
647
649
621
615
594
586
578
557
547
535
531
521
497
483
467
478
494
475
450
465
534
621
682
672
665
663
655
692
698
691
637
570
518
515
508
515
546
574
607
609
591
600
615
606
591
587
597
602
589
526
527
514
532
535
532
529
532
535
527
525
545
545
529
493
479
460
451
452
468
452
444
458
457
460
450
446
456
444
464
459
451
424
405
403
410
415
406
402
395
411
398
410
410
410
373
382
461
557
628
631
600
602
621
611
594
584
602
602
614
610
591
611
603
595
613
611
605
591
607
613
612
561
505
473
471
490
494
488
459
424
404
403
401
404
384
389
436
478
510
502
495
506
511
511
491
516
559
587
586
580
569
580
600
582
576
546
531
523
535
549
548
542
540
552
562
557
548
549
567
565
549
535
521
513
509
527
536
560
568
573
580
572
579
591
579
543
472
417
412
417
419
433
427
419
426
424
443
435
432
439
437
446
426
435
488
586
653
645
603
602
634
633
597
540
489
492
535
571
594
600
577
570
593
609
578
536
499
521
523
515
512
512
527
515
482
465
449
474
468
460
462
469
464
457
451
456
477
469
461
455
466
467
470
475
461
460
460
472
464
460
445
431
425
432
431
432
432
435
439
435
427
427
435
429
432
444
446
428
439
440
438
403
373
383
404
401
386
379
423
451
453
455
490
563
588
594
569
567
579
598
581
582
581
575
570
538
545
555
551
547
541
537
515
491
495
509
530
501
503
511
550
564
546
513
499
514
499
494
515
548
580
619
620
597
602
607
614
581
540
517
517
528
539
521
530
535
535
530
521
520
531
513
521
531
538
521
522
538
536
524
515
535
549
530
508
518
568
560
397
153
