654
674
592
585
625
648
599
560
581
616
602
579
598
614
585
532
498
505
531
505
503
539
587
631
644
620
591
532
467
438
476
479
472
459
463
514
590
626
637
619
613
618
614
631
616
626
620
635
641
619
596
553
520
512
540
559
548
520
508
507
501
496
496
501
497
463
447
443
454
463
451
421
398
361
340
363
415
488
543
569
548
539
535
541
551
561
570
580
560
557
568
566
579
578
570
583
585
588
554
501
474
480
467
471
460
479
490
486
460
472
462
469
476
464
474
471
479
464
463
476
473
471
466
463
496
546
556
555
546
544
558
536
505
475
470
496
532
540
543
537
549
542
545
550
564
581
593
597
595
595
592
580
588
603
598
588
531
508
501
522
520
514
513
541
553
609
591
578
593
584
586
588
584
584
584
581
587
589
587
569
582
583
580
580
560
566
582
571
544
519
513
493
505
500
502
496
483
447
423
415
429
427
414
406
387
378
354
351
353
355
341
349
362
426
476
472
446
456
459
454
451
442
494
555
606
607
582
574
584
603
595
575
585
578
582
595
584
552
511
497
493
494
487
512
548
565
573
548
548
556
559
548
553
551
551
545
543
548
553
555
548
563
576
612
619
616
619
624
624
614
613
608
625
626
617
568
555
541
529
514
506
507
520
513
507
518
559
576
555
561
575
567
536
464
435
433
418
430
443
473
479
455
461
471
472
469
461
486
511
551
559
550
541
535
536
543
543
531
524
538
577
631
660
665
668
659
647
616
589
592
582
587
587
578
562
510
469
461
485
482
483
472
485
493
470
426
406
409
414
409
406
412
411
414
413
428
437
435
431
411
407
417
388
376
380
391
395
365
374
448
567
646
649
612
611
647
649
623
579
553
568
573
576
568
565
572
565
572
566
575
570
574
582
581
572
531
511
525
545
520
449
422
506
613
686
704
662
657
699
692
645
568
543
550
565
549
539
557
570
525
477
427
425
443
446
442
443
447
465
458
470
477
475
486
487
507
520
512
504
499
513
545
575
591
596
600
579
579
578
585
596
597
585
575
604
608
568
513
465
466
493
492
482
471
489
474
438
402
412
435
433
415
407
429
415
410
397
433
418
403
397
455
569
629
590
520
469
477
481
455
464
457
467
471
461
450
462
459
464
451
464
499
535
581
591
582
574
575
591
580
571
579
580
585
577
574
581
576
563
558
539
554
553
554
543
553
550
547
554
550
556
533
509
482
505
488
479
476
494
508
526
494
501
516
504
504
505
523
523
542
536
528
527
543
537
529
528
551
557
548
549
537
546
550
566
601
650
638
590
522
495
501
505
515
505
517
521
503
511
534
574
605
617
615
618
608
615
607
617
606
602
610
610
617
611
608
616
620
585
534
514
523
540
540
517
531
542
525
480
451
452
468
465
455
464
474
464
483
475
487
480
485
482
489
491
476
471
479
504
502
512
502
512
496
509
515
523
503
509
505
540
551
551
540
531
529
540
539
535
550
549
533
566
592
624
638
628
618
637
622
603
583
588
581
573
573
565
580
565
538
514
525
544
539
515
440
391
374
400
412
404
394
414
406
402
402
399
407
393
398
395
406
410
382
377
397
437
496
547
559
547
544
544
547
560
557
559
557
561
546
550
570
573
596
588
583
599
592
586
595
598
606
535
462
418
475
549
593
589
579
578
581
586
571
577
586
590
570
568
570
585
573
537
490
461
483
493
494
479
478
482
483
473
456
478
476
499
474
464
474
508
558
566
572
570
569
576
565
572
564
542
519
484
487
499
502
500
488
511
510
470
442
414
414
428
412
388
384
375
383
373
385
380
375
377
417
435
442
412
421
490
618
715
727
684
661
682
692
659
598
553
559
562
565
556
556
565
574
602
606
610
603
601
621
620
588
518
474
477
495
508
491
446
407
416
429
431
413
421
407
380
376
361
372
385
377
356
358
424
541
597
607
590
569
571
581
577
581
580
579
596
585
585
590
590
590
582
582
581
592
565
543
535
535
535
527
529
548
560
581
579
560
567
609
639
622
612
605
626
638
591
546
499
512
522
519
530
533
527
496
440
416
422
440
433
415
416
441
448
459
464
457
459
456
473
482
551
590
596
581
574
580
576
570
558
546
542
550
543
545
557
565
544
518
499
529
538
553
554
560
546
553
558
553
559
535
521
501
522
509
508
508
543
581
605
611
605
618
619
622
605
610
596
569
536
520
528
521
519
519
533
522
522
511
526
534
513
517
532
539
529
532
545
526
522
535
530
527
520
516
530
533
519
514
518
540
534
512
518
541
538
505
530
565
553
382
139
