634
644
573
569
595
614
592
574
588
579
533
503
546
638
663
637
616
639
673
660
599
509
465
468
473
486
453
471
529
588
639
644
627
609
629
620
629
625
618
623
617
621
592
541
532
526
545
537
533
541
537
526
485
475
485
486
490
479
505
461
420
394
410
427
417
413
445
483
493
452
462
479
490
472
476
488
554
586
583
577
572
580
585
578
597
624
633
604
593
616
632
626
594
545
518
517
506
521
502
514
519
511
510
516
506
507
509
507
514
511
504
497
506
504
503
509
550
641
699
701
652
654
685
707
660
588
569
574
563
562
543
560
553
542
541
554
569
588
577
578
596
608
567
519
489
496
503
489
497
489
501
499
471
472
448
464
450
451
450
456
460
437
403
386
378
392
397
378
374
388
399
382
376
388
413
406
386
383
450
560
610
608
590
597
614
602
598
599
606
608
602
596
619
610
571
519
484
481
501
506
493
472
449
413
384
407
411
396
401
395
398
412
398
401
409
411
429
447
464
475
459
444
460
493
544
599
596
579
577
581
593
603
568
550
555
549
556
560
565
561
560
545
525
529
518
534
522
529
512
503
502
492
516
508
502
506
531
561
574
602
587
590
593
596
584
583
576
583
605
598
570
517
491
476
503
506
472
402
360
363
366
373
364
348
381
398
387
362
366
427
504
557
559
549
543
542
545
532
557
587
614
634
640
623
633
641
633
635
637
634
611
601
592
583
581
569
567
573
590
592
581
590
591
587
581
565
528
486
452
421
393
384
389
404
394
396
379
392
399
401
387
385
401
424
428
409
407
428
430
398
402
463
599
685
699
671
664
665
673
638
576
571
558
566
572
571
576
560
529
477
492
518
553
557
537
492
447
428
443
503
542
573
590
595
591
583
588
591
585
576
578
600
585
561
467
440
420
439
443
449
443
424
432
419
446
475
501
492
491
484
493
488
501
519
571
621
619
602
594
613
613
580
539
519
516
519
518
520
521
495
476
460
459
470
465
456
462
464
457
451
460
460
469
452
465
466
455
452
462
473
476
444
437
430
455
432
438
456
463
465
478
475
481
465
465
503
569
641
633
611
625
636
587
485
429
440
473
455
423
429
450
463
432
408
417
425
380
403
485
602
681
703
678
638
620
579
568
582
599
589
572
578
578
569
567
566
569
573
570
571
578
618
644
646
645
644
661
649
651
656
658
650
647
648
648
650
656
662
656
641
638
652
648
636
646
648
656
656
668
661
626
568
524
535
544
525
476
454
447
457
469
459
458
467
477
491
476
471
485
492
532
548
553
557
544
532
555
587
613
656
665
653
623
582
562
566
565
571
562
574
561
548
525
525
526
538
536
537
524
528
551
553
566
550
545
544
560
557
552
554
566
536
477
447
447
480
481
459
450
503
564
601
605
605
591
578
540
516
511
529
527
511
515
539
563
598
597
594
572
612
617
634
609
615
623
630
624
607
623
633
637
591
524
484
496
500
496
486
495
503
505
498
496
500
498
495
487
503
506
505
517
525
518
504
509
514
540
582
588
579
571
583
593
581
544
531
498
511
520
504
518
500
488
507
526
529
550
568
552
531
475
448
457
485
549
586
605
595
586
596
606
580
549
529
537
548
567
570
586
579
576
578
567
578
563
550
551
548
549
549
548
553
558
575
582
600
608
605
576
535
497
486
484
505
498
499
509
511
511
494
475
453
450
455
461
459
460
448
466
458
439
440
437
440
430
429
451
445
430
436
462
485
503
488
495
501
498
481
487
519
565
591
570
568
596
576
572
594
617
630
573
519
469
469
482
488
491
486
480
467
510
580
628
634
615
616
622
623
620
620
623
604
603
630
624
582
518
470
480
494
491
478
488
485
471
425
420
420
419
422
430
428
400
410
475
563
635
638
610
592
609
618
614
614
599
537
487
476
496
517
486
485
519
581
606
603
586
602
601
572
497
465
476
505
492
482
479
499
525
521
523
541
561
576
575
569
572
575
567
563
576
589
585
547
535
552
592
603
619
612
593
599
605
604
618
592
579
551
555
560
560
569
552
534
493
454
452
472
475
458
447
453
469
478
462
460
478
476
472
471
474
513
557
579
589
569
576
578
580
550
538
511
492
509
502
505
507
506
498
493
513
507
513
503
509
516
516
504
519
502
499
493
511
536
570
558
548
547
549
549
520
514
502
508
508
504
508
513
494
504
537
585
624
613
603
622
620
602
554
532
523
533
545
529
518
518
527
523
526
527
532
525
530
518
527
533
522
526
532
532
518
531
538
531
533
525
520
538
549
514
525
541
548
511
512
523
537
533
497
510
586
548
375
134
