651
648
577
559
585
618
597
587
589
552
520
488
527
522
499
513
556
583
526
478
488
580
642
659
612
605
624
636
629
617
632
614
622
605
616
615
624
616
585
523
468
454
485
512
492
471
466
479
465
469
470
459
485
462
451
511
589
652
659
630
632
668
659
600
518
490
496
500
471
468
529
611
659
667
634
620
649
643
651
640
638
640
642
624
645
661
660
619
582
543
537
518
495
474
500
505
510
483
495
525
581
603
625
615
608
597
579
550
548
548
562
554
553
543
544
530
521
528
542
541
536
542
573
585
594
580
577
601
622
637
622
615
614
620
625
622
581
535
498
481
494
499
497
477
506
534
515
519
515
527
516
516
515
545
592
612
603
614
623
580
523
463
476
488
482
478
471
480
486
460
428
410
410
444
489
515
509
517
515
546
574
572
552
559
573
567
577
567
511
467
456
532
635
695
666
656
673
673
661
600
571
575
573
581
589
615
642
639
637
624
631
627
623
626
633
589
527
475
464
483
504
495
469
473
492
483
456
437
443
511
623
708
724
693
662
617
606
593
601
595
596
586
592
561
514
489
464
479
496
493
458
438
422
421
439
446
458
452
436
447
449
455
442
444
442
443
437
449
438
432
430
445
456
446
461
471
465
461
455
440
429
431
428
435
431
428
432
435
421
422
432
429
423
432
437
434
435
429
441
446
424
430
472
549
618
636
603
585
613
624
590
514
489
472
485
496
479
485
540
632
706
708
691
676
690
684
676
675
674
678
681
671
697
693
647
583
539
544
553
563
544
560
566
560
545
553
573
613
618
590
592
623
624
586
506
445
453
468
463
454
453
487
540
588
595
571
571
573
575
581
577
578
584
580
573
549
552
544
560
547
558
564
571
562
560
570
576
530
478
437
437
454
444
430
438
484
512
495
476
476
511
555
575
580
588
577
576
577
574
584
587
568
583
570
533
469
431
436
447
459
442
438
456
480
499
507
512
501
516
491
505
528
579
617
619
570
517
475
475
489
490
482
483
499
482
491
480
493
478
477
483
485
493
514
533
518
526
512
530
593
617
631
599
609
619
615
602
595
622
633
584
506
473
471
483
487
477
494
493
476
463
454
462
448
444
456
472
443
443
515
645
712
686
591
544
559
585
581
559
543
590
609
618
626
623
630
601
557
532
512
517
522
533
535
503
454
427
422
423
417
441
417
433
428
414
399
394
423
428
415
414
458
515
567
565
565
563
574
567
550
538
537
542
540
530
532
558
564
558
557
553
566
572
571
538
504
478
471
486
506
482
460
515
609
696
694
669
682
699
710
646
579
540
554
562
550
556
563
562
586
593
610
613
601
577
560
560
557
563
545
562
587
607
556
515
487
484
484
486
486
483
491
504
499
501
506
497
497
499
504
496
512
504
501
494
495
502
502
501
496
495
499
511
505
502
493
521
551
596
594
589
592
598
598
562
520
475
477
487
476
484
471
483
475
483
489
486
469
494
491
484
491
488
500
499
495
504
510
529
540
565
559
555
547
529
526
524
516
530
513
518
539
521
521
523
522
532
531
519
529
523
526
519
518
535
556
570
577
598
592
585
571
562
572
563
559
555
560
575
565
546
553
573
609
631
634
622
605
620
625
623
610
557
544
545
546
546
555
535
542
538
548
557
558
580
556
550
578
566
564
559
541
510
521
533
577
596
547
464
426
423
440
428
425
434
437
445
425
438
466
465
467
437
448
465
468
449
438
499
598
662
654
616
620
672
665
604
516
475
467
492
486
481
494
495
485
476
487
493
466
434
460
478
458
429
430
523
650
698
708
687
687
662
592
547
546
560
570
562
558
546
560
570
587
613
601
599
592
551
507
477
488
494
475
473
529
615
665
677
649
643
655
662
648
607
580
558
553
548
551
566
561
551
562
568
594
612
637
626
619
622
631
618
582
535
508
511
497
506
525
582
616
623
614
626
601
587
549
537
535
564
570
586
566
552
491
454
455
466
459
451
437
464
469
476
468
467
494
485
474
471
498
573
595
596
569
580
578
575
573
571
547
544
544
548
557
552
532
510
499
512
504
502
514
519
509
495
519
508
494
513
506
516
534
544
552
557
556
551
558
559
550
515
506
504
522
516
495
502
540
591
587
560
533
524
531
529
527
530
534
537
524
511
524
526
525
534
522
516
522
523
519
520
541
536
529
517
525
538
525
501
517
577
572
385
144
