647
662
592
580
623
638
602
571
583
609
597
552
510
519
507
511
502
522
529
525
504
516
551
612
635
630
618
632
638
587
517
451
449
477
499
467
465
515
588
621
624
617
619
622
636
626
631
641
635
630
618
625
622
614
614
628
643
625
620
617
617
619
624
627
643
625
596
555
535
544
531
512
477
491
494
491
465
435
435
446
452
449
453
455
439
409
383
367
372
370
373
343
362
412
495
554
547
542
527
546
546
548
556
564
562
556
566
569
574
574
576
571
582
581
577
594
586
563
516
479
480
475
479
477
480
490
476
471
475
470
469
473
498
542
568
560
537
538
555
548
517
484
481
486
494
496
492
497
505
532
551
544
536
532
541
568
589
594
596
594
588
586
595
583
569
534
510
515
524
525
520
530
569
595
584
576
586
583
582
580
578
591
583
576
578
583
569
585
581
576
578
570
568
577
574
558
520
488
487
490
503
497
477
438
418
428
420
424
421
427
404
385
353
345
356
362
341
337
381
442
470
452
451
484
554
591
581
575
589
598
587
558
525
491
497
507
500
497
494
500
537
551
556
556
558
564
569
559
555
565
565
551
556
554
578
596
602
634
621
622
622
618
618
601
617
621
630
624
594
562
541
548
564
551
555
540
536
524
515
503
519
512
506
501
508
549
562
558
557
555
586
583
546
474
432
428
445
435
437
440
438
448
458
459
471
475
471
476
469
488
520
550
568
550
542
533
535
549
536
525
541
540
544
543
556
538
530
515
529
565
620
664
665
663
640
664
674
668
636
603
575
564
579
587
582
544
494
449
439
464
474
464
448
471
473
487
484
482
487
481
483
474
491
513
558
582
573
565
559
564
586
580
527
470
438
448
449
469
449
425
446
460
445
438
438
444
448
433
433
440
441
436
428
435
400
391
382
392
392
380
376
458
561
641
635
606
618
638
648
642
614
586
577
569
572
564
573
560
565
569
586
579
582
580
576
577
576
564
554
531
532
523
525
538
530
535
534
534
533
525
530
511
460
427
427
435
457
422
409
423
515
629
677
683
663
659
667
689
703
672
643
600
563
538
516
482
440
413
433
447
449
460
476
488
483
474
482
471
477
489
498
519
524
525
510
515
529
517
495
514
520
517
509
502
521
543
593
620
626
610
596
599
626
600
592
598
595
607
588
600
612
612
555
508
480
481
486
468
430
421
428
425
441
429
439
434
417
422
429
431
429
425
429
434
428
442
447
442
411
419
478
560
595
618
613
604
559
519
477
453
483
482
471
472
478
479
457
461
476
468
452
453
482
552
585
580
571
576
582
594
586
587
581
573
569
584
581
583
573
577
579
585
577
565
566
587
583
570
574
574
577
569
568
561
556
541
551
544
551
559
532
497
493
494
499
503
502
491
497
496
497
479
492
498
503
497
513
516
514
505
498
496
513
529
544
546
536
536
535
525
524
530
537
540
532
542
542
542
543
540
529
547
544
553
555
551
545
551
547
554
545
542
562
576
597
617
629
631
611
551
508
503
521
509
507
509
508
509
510
533
586
619
631
616
597
619
607
621
593
611
617
619
610
617
617
591
557
534
522
532
537
542
543
535
527
536
540
518
486
455
456
454
458
469
470
477
478
483
492
508
512
508
510
498
509
526
538
548
554
533
549
540
568
547
543
534
541
546
556
543
534
531
543
535
538
570
603
633
635
609
582
584
576
578
570
581
582
581
565
536
529
527
537
535
536
531
521
526
540
538
489
429
396
398
392
389
401
403
404
395
388
388
397
382
396
447
505
554
543
534
543
546
561
551
553
541
549
557
574
570
586
581
569
546
523
503
481
491
487
496
483
479
488
504
553
572
587
583
585
598
576
549
516
495
468
493
523
590
606
614
625
621
591
533
503
478
498
512
503
487
497
474
482
485
481
473
483
468
488
543
599
593
579
566
575
573
559
508
483
484
487
475
439
417
408
413
422
421
427
410
412
402
388
374
379
376
405
418
440
455
436
412
416
509
629
703
721
683
679
705
717
666
589
543
570
573
576
575
558
570
558
563
579
577
565
560
561
561
555
556
568
571
578
569
564
569
572
570
555
562
596
603
609
611
626
619
588
528
488
491
510
503
498
474
446
418
407
410
425
417
368
366
372
391
397
345
360
418
524
594
605
586
591
604
607
599
586
593
590
587
574
589
589
599
567
538
515
530
526
541
532
522
533
528
545
564
584
594
589
583
577
588
576
584
581
589
571
563
573
579
582
568
559
573
583
572
572
585
574
577
569
570
592
620
628
636
634
611
611
622
631
633
597
540
511
513
507
526
513
509
491
459
424
418
425
435
425
429
441
464
482
468
463
472
471
459
469
494
516
547
543
551
553
537
514
492
490
516
536
559
560
543
557
555
552
548
513
495
504
509
494
495
535
577
617
619
614
611
578
536
522
519
526
529
524
529
523
530
518
524
525
521
525
530
523
523
514
522
527
529
532
531
524
520
522
518
526
517
522
529
532
541
541
534
523
529
539
534
535
519
535
534
535
521
528
524
516
525
526
536
532
522
512
532
537
517
529
524
529
528
524
530
541
537
517
514
526
527
522
521
536
546
534
515
518
542
520
513
518
572
552
384
149
