656
671
611
592
629
640
608
598
607
635
623
590
608
630
624
603
600
605
603
603
573
546
519
518
516
525
523
505
522
531
519
512
509
517
523
512
510
520
528
519
504
503
505
527
513
513
516
561
607
651
660
651
632
583
526
478
455
473
496
470
448
447
510
571
622
631
625
627
633
637
622
624
615
619
608
612
628
624
583
512
464
465
499
492
463
440
447
468
469
439
429
514
631
706
708
670
675
676
684
680
689
681
650
593
557
562
567
566
548
531
527
531
522
533
528
537
532
531
528
527
524
528
541
540
527
518
549
541
529
519
571
638
663
667
667
680
682
639
575
528
525
540
543
537
533
539
566
621
645
666
628
579
563
572
574
596
616
648
643
630
621
623
651
644
610
573
540
525
534
534
526
535
546
548
520
481
457
457
468
475
486
476
478
483
468
473
506
560
587
594
589
597
598
582
595
560
567
565
569
566
564
568
595
623
637
644
637
628
617
642
632
634
596
531
475
494
507
512
490
482
489
506
514
518
526
519
513
521
523
532
570
588
585
579
577
562
577
573
552
527
530
538
546
534
530
539
550
558
562
566
559
565
567
575
566
567
572
580
580
573
567
573
570
582
580
573
579
577
565
562
562
587
582
587
581
584
580
588
573
581
581
576
583
567
582
573
565
553
542
544
538
533
547
532
531
540
559
556
571
566
569
566
564
553
546
521
514
528
519
514
518
514
522
519
530
517
529
520
509
514
516
531
518
526
544
565
554
544
554
561
561
533
506
495
498
480
488
516
573
602
596
594
595
595
583
534
495
489
506
519
498
494
486
495
470
473
454
459
488
519
554
556
540
547
541
548
557
570
606
606
606
596
599
601
601
551
503
486
482
488
496
493
483
492
488
466
477
476
490
486
462
471
488
546
556
572
565
554
531
484
450
463
462
469
484
463
467
463
456
467
472
464
476
467
472
461
468
457
467
464
466
469
482
469
463
470
503
530
565
575
565
568
572
572
561
593
613
615
608
605
608
622
594
543
513
528
542
545
528
532
536
533
518
522
533
531
528
530
539
543
532
507
476
458
467
466
471
481
476
475
459
434
418
415
410
431
424
421
421
414
441
465
455
475
457
465
470
467
435
419
409
426
428
415
421
430
468
479
467
450
461
492
541
586
593
578
558
568
574
557
547
542
557
556
569
596
604
609
605
601
614
614
566
483
438
439
447
467
450
439
444
451
455
460
474
467
458
464
468
493
525
537
521
539
542
530
527
525
535
537
521
524
512
522
539
535
521
536
529
535
560
621
666
662
641
642
667
661
630
574
558
563
567
560
573
572
567
538
520
530
551
549
522
527
562
635
670
692
677
661
660
675
689
643
586
558
544
561
576
564
561
552
560
583
578
577
567
556
564
565
578
542
497
465
447
460
486
470
465
438
459
469
480
478
483
471
479
485
476
497
530
532
544
545
548
549
538
512
469
413
405
434
462
461
421
416
505
606
696
704
690
676
686
680
691
682
661
615
560
563
588
585
564
495
465
478
485
488
478
477
484
477
485
483
481
506
503
509
509
509
509
493
511
505
535
548
563
566
566
567
557
531
495
488
514
498
498
503
529
581
586
591
560
549
539
551
531
526
538
534
527
517
529
521
527
538
529
528
535
532
528
531
542
535
524
531
543
542
538
521
530
568
638
663
675
660
663
672
676
663
670
666
684
680
665
630
584
539
551
576
592
566
529
508
496
479
477
473
482
481
463
492
521
529
513
515
528
531
515
511
557
617
656
662
650
662
677
642
606
589
585
598
610
588
599
587
586
572
591
584
582
575
595
597
573
520
493
499
519
506
506
505
509
502
499
511
508
483
451
430
435
458
441
437
432
430
434
451
460
441
433
432
428
429
418
418
417
428
430
423
441
467
473
470
475
481
468
464
477
500
542
573
568
562
558
562
552
559
544
519
494
509
504
510
509
524
563
593
588
578
582
582
560
477
442
428
450
450
450
448
457
448
429
387
379
368
413
387
369
380
463
575
658
661
641
616
633
657
649
642
645
622
592
589
584
589
592
587
594
610
603
596
580
584
597
599
591
590
613
599
573
541
527
518
520
528
540
543
503
487
466
473
468
468
462
481
475
455
438
420
428
443
425
420
416
442
434
419
426
436
435
429
426
421
426
425
418
427
425
427
421
421
418
435
446
449
451
450
445
453
471
482
476
488
492
477
469
489
505
544
548
550
551
557
565
568
560
591
615
636
621
624
618
613
619
581
580
580
569
549
530
554
560
547
534
475
454
461
452
461
460
480
470
473
472
484
510
530
549
556
549
550
549
560
534
550
545
530
538
547
576
562
566
568
562
575
578
542
487
450
449
455
473
462
456
460
484
475
472
467
478
479
476
465
495
559
581
594
565
554
554
538
558
554
549
559
555
543
547
509
516
510
517
514
506
495
500
506
507
506
495
521
534
552
546
532
545
550
551
547
545
518
508
493
510
519
502
500
526
574
615
621
603
597
608
619
619
596
550
521
508
528
519
524
518
514
519
514
517
531
529
521
516
515
534
527
518
534
540
523
521
525
536
533
528
522
528
535
507
512
525
548
529
501
514
573
559
411
159
