635
661
596
571
600
614
600
579
598
609
596
586
597
603
604
597
594
568
514
473
469
502
512
493
471
488
522
565
581
611
610
607
586
590
604
612
555
484
459
465
474
450
458
515
592
639
636
624
616
623
624
626
622
618
634
610
610
611
622
627
617
609
620
612
618
621
615
624
590
556
510
512
540
532
532
530
512
495
461
458
457
441
398
344
352
384
366
351
348
411
503
559
574
564
554
563
562
553
559
570
605
615
616
613
619
632
627
605
580
577
562
566
566
575
572
566
573
547
563
576
570
574
579
571
562
557
596
635
658
672
647
634
653
672
653
619
567
535
529
546
539
556
536
518
507
496
478
485
503
503
505
488
488
500
491
476
489
500
506
474
431
405
411
413
432
432
429
390
370
414
515
580
603
575
573
589
600
577
581
586
594
594
579
589
565
530
487
489
509
507
504
474
465
448
443
455
466
452
464
463
448
425
409
403
422
418
419
407
413
412
405
403
412
471
531
583
599
597
569
582
601
587
553
509
489
489
488
489
479
493
490
478
445
420
424
428
441
427
432
430
444
457
495
516
502
468
489
523
574
578
585
581
581
540
471
401
402
422
446
416
411
418
431
434
412
409
426
420
410
416
422
437
418
401
430
435
415
407
416
445
435
386
408
475
612
664
686
685
679
658
602
558
558
571
569
577
561
568
556
566
537
543
513
512
516
515
516
520
522
518
519
514
505
497
492
498
503
499
482
504
520
543
571
577
571
558
564
566
560
592
603
626
633
620
614
618
618
578
572
566
563
577
550
569
557
549
541
540
550
545
538
536
545
539
519
522
507
524
520
514
521
549
568
596
606
599
590
587
598
601
561
508
468
475
496
497
463
407
399
386
408
399
397
398
417
416
404
405
418
424
404
406
421
434
415
384
403
468
572
650
655
632
609
629
633
617
619
616
638
609
575
518
487
484
489
491
487
487
497
500
509
508
506
497
515
511
499
504
533
564
580
583
582
579
577
576
568
577
584
613
619
615
613
616
625
625
580
535
492
504
519
524
507
498
513
510
503
505
541
591
641
641
640
623
611
583
509
468
456
475
546
605
664
666
639
648
635
650
642
606
595
598
592
577
575
570
551
492
452
426
442
458
449
436
411
417
409
403
400
407
480
601
711
705
634
582
573
597
591
577
586
605
597
540
495
477
475
498
476
486
480
495
488
493
515
502
485
494
538
591
609
624
630
614
604
562
553
546
527
470
431
414
441
443
447
455
482
481
451
466
515
574
613
606
608
617
616
609
590
572
574
576
583
573
559
560
579
575
557
512
492
488
493
470
439
412
420
441
425
423
426
435
440
439
440
428
441
456
476
462
462
472
478
453
414
410
445
481
484
462
461
475
465
456
464
482
528
518
502
497
549
582
594
614
616
611
598
608
617
609
579
516
469
473
482
475
477
466
482
460
422
410
415
425
408
370
390
455
550
599
600
586
574
603
649
656
659
626
634
647
628
589
546
549
563
578
535
471
433
425
458
455
427
424
433
449
475
481
470
486
476
489
484
487
474
478
497
529
576
562
557
565
565
575
568
567
568
593
611
610
612
617
625
622
606
598
553
531
530
541
552
536
524
526
535
532
533
539
554
561
544
556
555
560
543
542
551
566
566
581
602
610
595
590
586
616
614
584
510
462
496
496
472
458
509
616
678
678
641
642
678
673
631
579
553
567
559
562
556
564
550
553
549
563
570
569
530
499
464
451
447
461
472
474
473
468
495
499
494
507
502
497
491
535
575
593
589
589
585
599
594
578
584
617
614
564
493
465
479
457
461
455
483
471
471
455
453
474
457
454
448
455
449
440
450
463
457
433
446
498
593
647
630
615
614
607
623
622
615
626
630
643
623
610
568
529
517
530
547
543
533
530
543
548
530
532
550
543
546
541
556
546
540
517
520
531
525
534
530
547
532
526
534
528
533
527
526
543
575
595
601
595
600
603
598
592
589
601
612
590
564
518
534
537
536
547
542
556
540
522
505
509
516
511
495
497
524
575
590
598
600
582
590
596
598
590
561
537
539
557
549
535
544
554
551
549
566
601
624
626
608
605
622
627
590
505
470
467
452
473
472
466
463
464
486
558
579
586
590
574
554
537
550
542
552
542
549
536
531
510
499
492
530
537
553
555
556
554
546
544
542
546
525
517
514
512
501
507
507
514
509
510
539
582
633
612
590
548
545
531
514
526
531
541
523
512
517
520
529
541
549
530
534
535
539
533
522
523
531
539
529
528
523
531
539
526
531
527
520
523
524
538
533
525
521
539
528
514
518
532
526
524
517
516
549
536
521
515
557
545
373
146
