644
654
606
582
607
629
622
596
608
599
584
570
580
590
588
576
583
597
595
590
582
582
612
591
571
581
590
588
576
557
547
524
490
502
540
602
639
645
636
626
655
654
602
505
444
454
484
484
461
458
515
596
642
632
618
607
620
621
616
626
619
637
618
615
619
632
638
582
523
470
470
481
484
474
473
471
480
469
457
447
439
447
462
459
434
441
510
620
691
717
685
672
699
685
649
600
572
562
576
591
584
584
581
552
536
536
545
548
530
545
537
540
566
587
603
618
608
582
517
463
461
532
625
672
661
656
659
639
595
557
550
574
581
585
604
637
656
636
614
563
548
510
522
531
543
535
505
479
459
456
463
469
474
477
485
480
480
488
488
475
481
514
553
591
601
580
575
575
575
549
549
552
555
550
535
549
565
593
626
636
627
623
631
647
633
591
524
471
461
506
501
503
483
494
503
482
457
422
394
384
390
430
477
518
520
504
495
498
512
519
551
593
584
569
574
583
594
569
540
529
534
550
543
532
531
540
547
562
561
563
561
563
535
534
536
534
543
539
526
537
537
566
579
575
560
556
551
559
562
544
540
516
521
518
532
525
531
536
559
577
569
543
509
495
484
491
488
491
492
482
499
516
559
587
603
598
600
603
569
520
498
505
507
512
489
493
500
513
490
490
483
489
473
495
525
567
577
553
552
570
570
537
488
471
463
460
462
457
466
483
478
477
515
550
562
571
578
569
539
485
449
448
469
472
473
463
455
459
461
473
473
464
451
499
537
579
579
565
558
557
552
558
564
580
599
611
611
599
598
613
652
627
587
521
514
522
498
459
429
446
461
494
487
486
488
476
483
488
528
558
554
553
550
552
555
532
506
475
467
510
565
596
615
599
608
603
597
564
534
533
528
517
522
519
510
532
539
571
589
589
588
584
574
573
571
558
546
557
561
559
566
545
540
561
603
621
576
491
454
445
457
454
443
456
470
467
462
459
455
462
458
460
457
471
463
449
459
460
501
517
532
538
528
519
531
526
575
624
683
675
661
659
660
622
590
558
549
569
577
571
553
561
574
558
545
531
510
519
567
643
719
707
677
662
702
686
653
603
581
607
602
569
511
512
510
519
507
515
519
492
467
453
435
438
447
444
451
422
391
361
373
375
365
359
354
371
363
364
425
533
606
600
570
564
593
632
629
634
630
652
645
611
565
534
540
555
553
545
554
559
593
604
609
597
610
617
619
607
558
533
548
551
543
536
537
540
549
556
561
557
544
531
499
504
503
512
517
505
525
556
585
594
569
531
527
524
563
624
676
674
661
672
666
657
633
580
556
557
543
501
466
467
477
478
486
501
519
539
523
527
529
522
531
526
511
525
532
538
532
533
533
527
529
530
518
517
533
537
517
523
555
621
660
672
665
668
665
659
626
594
598
599
600
588
586
592
593
604
603
588
593
590
584
591
590
580
582
590
610
564
527
500
507
502
503
491
497
499
514
493
459
436
438
449
440
441
437
451
441
431
422
426
428
420
426
423
439
444
461
459
480
476
461
475
492
528
565
578
567
554
559
571
554
549
518
505
505
510
512
515
516
514
514
525
568
590
600
577
576
580
585
544
476
437
427
453
454
444
432
409
387
377
393
419
404
366
372
449
579
653
667
641
631
652
660
632
601
588
578
601
606
601
600
587
597
594
596
585
537
524
507
527
530
533
527
496
484
482
472
468
474
463
475
482
463
454
425
430
421
442
432
438
450
458
453
446
445
460
470
479
481
480
482
471
479
505
535
555
579
562
562
581
613
624
619
602
586
579
578
575
579
571
571
580
589
568
555
550
547
549
547
561
548
524
498
481
482
481
494
482
484
469
475
481
497
525
546
546
546
548
548
557
552
549
551
552
547
546
526
547
541
533
535
546
552
555
541
498
444
449
457
470
446
446
449
471
477
459
468
476
472
462
460
474
508
554
587
592
572
574
584
595
575
539
541
547
540
549
545
556
547
531
516
511
494
512
500
508
505
513
514
534
555
557
558
557
556
567
546
524
499
494
511
522
505
496
530
590
618
617
620
604
621
591
551
532
529
510
533
540
535
529
516
526
529
530
522
522
538
532
532
514
530
521
536
528
534
536
542
543
530
542
546
535
540
542
535
528
510
527
540
525
527
525
543
529
523
506
523
514
524
523
536
548
542
521
522
537
527
514
516
536
526
503
512
563
550
377
137
