554
558
520
498
511
531
534
550
594
614
599
571
595
602
591
582
581
608
602
578
577
581
580
587
569
543
521
511
500
525
528
535
511
515
532
515
496
503
558
601
583
522
463
454
475
496
477
471
458
487
480
473
469
480
480
453
458
518
585
623
635
632
622
630
624
642
618
588
529
480
470
484
484
483
489
477
468
455
444
456
464
457
443
445
453
446
453
503
622
715
716
671
667
689
712
696
656
608
580
568
568
565
583
581
564
546
548
537
545
536
533
552
553
593
622
626
617
598
580
524
490
461
482
501
490
470
472
531
608
653
673
668
669
665
640
584
547
555
574
622
640
636
632
632
632
639
626
629
637
637
596
562
528
512
522
533
534
526
517
482
453
463
457
474
455
455
482
493
492
469
479
516
584
596
591
575
596
594
584
574
590
595
588
585
576
592
599
589
568
544
541
544
567
604
628
631
609
609
629
631
584
520
477
496
499
504
503
515
488
465
431
412
398
383
401
404
394
389
395
434
483
510
520
508
492
511
515
526
544
574
589
582
584
578
582
581
578
584
562
530
484
494
494
499
493
481
500
544
577
612
597
578
597
594
612
579
555
542
531
548
546
545
551
567
570
565
571
568
552
536
516
514
517
514
512
521
531
545
544
551
559
547
519
486
479
481
502
538
577
598
603
583
581
608
620
607
578
527
503
499
496
498
500
501
519
513
478
475
465
474
460
462
483
530
567
553
535
535
555
578
588
604
604
566
510
463
474
501
500
493
492
487
481
482
486
481
470
463
497
534
551
554
555
556
576
538
493
454
457
459
471
446
452
471
471
455
454
462
492
527
564
576
569
557
543
562
586
609
636
631
625
608
616
625
630
592
534
517
529
538
541
547
552
528
484
417
409
413
427
433
422
414
405
388
395
394
402
388
392
395
432
447
452
461
451
440
442
483
589
654
630
598
598
615
623
593
552
509
511
515
518
514
532
529
530
548
570
580
584
586
588
573
588
569
577
578
563
549
555
567
557
538
538
567
584
562
497
459
445
447
453
441
444
449
459
462
466
462
466
450
463
458
470
457
450
469
508
534
529
538
525
527
528
536
565
622
666
671
650
644
666
677
637
598
574
558
566
578
580
579
581
568
552
541
537
522
511
529
532
528
527
527
581
642
678
697
683
660
681
692
692
644
587
561
563
579
556
503
452
449
460
477
454
446
451
475
459
462
449
473
465
456
455
479
473
477
491
494
487
485
486
506
544
575
573
570
560
570
565
564
592
612
652
641
630
628
632
631
646
613
603
590
592
592
586
588
593
595
556
522
507
480
498
525
521
520
514
477
463
452
457
477
471
479
485
474
488
473
480
498
534
550
548
555
550
558
560
549
537
504
491
497
507
522
516
500
491
526
553
575
572
594
580
587
569
551
531
511
542
548
535
509
530
572
630
672
670
654
655
656
671
675
656
652
649
662
665
631
581
547
550
568
574
557
572
565
540
504
464
474
502
524
519
510
516
528
520
523
534
533
509
516
566
622
658
678
666
654
625
600
585
597
602
602
590
601
604
581
592
579
587
581
573
580
594
568
531
501
512
525
533
481
453
431
443
437
440
442
450
446
441
424
422
429
425
436
424
416
426
467
478
474
470
472
465
462
461
495
534
571
570
543
554
568
554
534
517
515
506
505
505
509
523
487
505
505
531
561
570
604
593
539
470
434
434
449
453
448
446
454
443
443
441
423
402
385
386
407
407
373
378
463
586
660
671
609
575
593
613
606
577
541
530
516
524
537
519
531
516
498
491
479
480
491
488
475
482
501
493
485
479
465
476
480
470
466
465
467
464
436
413
420
435
431
428
410
435
440
454
458
446
461
479
478
474
482
479
484
474
473
517
548
551
570
570
567
557
561
565
598
629
642
622
625
627
617
620
614
632
622
628
611
615
625
634
612
592
573
585
571
576
561
552
553
548
567
558
550
540
558
527
490
455
457
473
465
472
463
481
476
474
467
458
480
476
467
469
469
476
468
463
449
477
493
493
493
476
487
479
491
502
520
543
559
543
538
541
535
554
543
549
541
548
535
537
539
536
536
545
546
535
533
532
541
542
556
549
555
566
593
581
537
488
459
455
461
452
461
457
459
470
462
474
467
454
472
508
561
590
584
579
583
587
573
562
569
549
531
553
555
555
532
501
496
514
519
516
513
530
523
533
508
518
521
514
509
566
620
672
659
634
635
661
672
666
638
611
588
579
580
593
592
571
546
526
520
526
529
528
529
522
534
529
531
530
521
531
526
529
539
534
522
530
535
525
520
526
523
534
532
530
534
521
535
524
532
533
523
537
525
526
537
538
531
526
531
535
516
527
541
536
536
507
520
539
534
509
528
539
539
503
522
564
562
399
152
