642
651
588
566
606
618
595
576
592
594
601
593
560
523
481
470
479
492
490
506
556
602
594
577
586
586
593
594
612
608
561
490
437
457
462
442
439
491
577
647
636
606
608
631
624
606
628
624
629
587
531
469
478
493
498
452
424
418
415
419
408
409
477
562
625
621
607
593
594
602
597
595
589
604
602
601
593
597
605
606
570
533
520
508
520
524
518
520
527
534
529
563
620
662
654
642
646
662
632
584
547
561
579
566
560
569
568
573
570
566
563
576
557
540
510
501
509
511
506
508
507
516
536
542
521
521
565
623
666
666
635
641
651
651
628
590
568
591
574
574
561
577
575
576
562
559
546
550
543
537
556
544
543
528
527
523
519
498
510
529
529
547
552
555
552
559
567
571
554
525
508
521
526
528
524
550
602
631
625
608
608
627
621
611
600
604
602
596
593
594
608
568
538
494
491
515
509
518
489
464
427
430
440
439
443
433
435
436
452
439
442
430
450
438
445
426
429
430
421
417
418
435
430
429
441
449
426
427
482
571
620
610
592
596
632
634
576
506
482
481
462
481
479
477
450
389
378
356
351
374
406
510
583
586
563
540
571
578
564
563
581
614
643
630
628
631
633
636
619
606
582
593
610
597
562
515
471
465
491
481
464
453
483
485
479
479
480
506
494
494
500
504
509
499
494
505
502
507
500
502
493
515
564
603
612
607
585
571
562
534
527
532
528
529
515
533
571
637
670
677
666
657
666
670
672
672
645
599
555
543
557
573
576
555
557
547
550
540
536
561
553
551
549
541
547
555
559
566
562
561
553
552
561
577
564
537
485
451
438
438
442
443
443
443
445
434
431
463
475
476
468
468
481
485
480
467
474
485
497
510
509
506
510
506
518
517
536
584
627
623
615
602
596
615
604
605
597
605
606
592
589
605
619
581
519
486
480
497
506
505
503
490
489
481
497
513
546
547
555
539
539
534
578
629
651
649
646
610
569
540
528
546
544
534
541
572
633
675
670
660
653
655
668
670
661
644
588
560
559
575
579
575
562
570
576
556
530
516
527
545
529
520
527
558
579
607
608
614
591
594
601
607
597
592
608
600
620
609
604
614
595
565
547
555
562
564
543
555
568
572
529
483
456
449
479
490
493
481
484
498
487
498
495
491
496
492
505
490
475
493
517
554
580
588
578
564
567
591
588
552
500
462
474
482
477
446
431
417
403
393
424
471
516
512
508
495
506
538
560
580
601
593
582
586
571
560
546
548
550
555
556
552
548
537
555
570
599
582
579
570
580
580
554
513
485
484
478
481
490
472
470
457
418
402
373
380
459
588
652
667
636
635
642
644
635
628
651
656
608
563
548
557
551
546
553
544
564
553
552
560
564
545
524
529
551
565
551
561
568
571
534
469
428
427
456
449
453
470
507
507
500
478
490
528
560
572
569
568
558
555
565
566
561
566
566
551
556
560
556
550
548
537
526
549
552
584
585
598
599
602
580
568
544
534
551
544
542
536
539
534
502
483
503
543
590
592
610
600
601
592
578
576
567
555
572
560
549
550
566
588
614
631
645
637
623
637
645
645
611
558
525
525
522
516
528
538
505
446
412
412
419
425
394
377
352
328
337
406
499
560
564
539
543
548
554
550
579
610
634
609
600
622
629
600
534
491
499
515
517
499
508
553
578
605
604
608
610
598
613
630
626
565
504
488
482
486
500
501
491
485
474
481
483
492
491
487
472
479
474
482
475
468
472
520
575
608
628
606
603
612
612
556
482
445
429
454
457
458
437
444
446
448
444
456
460
460
440
441
441
438
451
449
468
458
455
462
466
474
468
463
490
551
580
578
572
562
584
592
581
590
606
612
597
606
611
605
623
624
618
615
599
612
632
614
605
606
605
580
549
511
519
536
509
492
492
558
601
627
632
639
635
598
523
473
485
499
504
491
491
484
453
405
358
355
380
393
389
360
361
418
501
568
588
574
566
565
567
551
578
588
600
562
505
480
456
424
397
399
416
423
390
385
449
553
603
596
573
577
606
602
554
513
476
450
461
496
563
598
592
577
573
602
607
605
598
606
594
583
588
584
581
596
593
590
589
593
600
591
548
512
457
469
468
465
477
473
478
484
483
473
466
460
471
465
457
473
510
555
586
588
586
573
573
575
539
551
546
537
535
510
502
507
510
520
534
558
567
552
538
524
511
510
495
500
515
534
514
496
500
538
589
618
616
608
622
602
607
631
615
589
558
511
519
534
531
517
535
528
539
525
520
528
545
537
523
520
530
528
517
536
543
528
511
516
532
523
510
508
544
544
510
516
568
556
402
148
