649
668
599
579
615
632
598
566
590
595
592
577
573
602
599
595
574
584
608
583
560
524
512
527
584
661
668
637
619
632
657
645
592
510
467
456
464
473
473
476
513
569
625
630
612
608
627
633
620
620
640
648
610
611
602
638
637
575
516
475
470
463
471
480
474
450
443
453
470
449
423
425
515
631
689
701
680
679
665
616
579
571
588
585
584
558
582
586
570
542
541
533
548
539
541
534
563
578
614
614
618
614
620
637
633
572
509
475
465
490
497
475
462
491
495
481
461
458
535
607
667
674
640
623
643
669
657
631
604
566
560
572
565
571
565
550
567
569
566
561
573
573
569
563
554
575
562
578
567
576
569
563
562
568
565
565
569
567
570
571
560
553
568
575
578
563
562
575
609
640
656
648
601
556
518
508
530
547
516
489
460
461
462
458
448
468
482
484
482
476
514
548
590
604
593
573
581
607
602
580
567
562
545
548
546
550
549
573
608
635
643
621
619
627
647
644
582
522
487
487
493
500
489
466
477
476
479
479
477
479
488
490
493
494
489
470
492
503
498
461
438
397
396
403
430
475
502
528
499
494
503
515
506
500
495
521
556
574
593
577
582
582
577
601
593
578
548
537
540
556
575
571
573
569
572
558
565
562
544
526
528
535
532
541
525
532
545
555
566
561
562
555
558
563
538
527
517
525
538
523
509
523
529
529
511
510
531
541
569
546
566
572
554
513
473
470
482
514
569
594
612
607
602
609
597
572
512
485
491
506
496
480
482
504
493
474
448
458
460
467
487
525
550
553
530
529
537
551
527
524
537
563
577
587
590
587
590
576
589
590
597
592
566
580
586
598
570
526
493
486
486
497
483
468
467
475
489
470
458
500
537
577
569
538
484
466
452
459
455
454
461
460
480
461
465
473
458
457
461
464
463
469
475
467
456
460
496
540
571
570
555
554
552
551
562
553
566
600
619
615
593
556
533
544
528
531
522
533
536
536
525
546
528
527
529
532
520
490
464
469
478
465
445
463
480
497
439
420
418
424
421
377
368
379
391
386
386
404
446
468
448
443
454
454
430
432
494
582
650
652
593
541
521
510
520
519
511
516
526
551
554
558
553
552
552
538
552
558
581
584
597
584
550
486
458
438
443
447
448
449
468
469
462
448
466
470
457
454
476
517
528
527
509
517
540
521
524
563
623
673
671
660
650
656
675
676
642
592
566
564
565
574
538
519
521
559
550
524
498
568
651
696
644
583
556
578
585
572
572
585
544
500
446
456
467
480
462
460
457
471
461
452
455
466
458
449
464
471
459
462
460
472
477
484
482
475
470
475
484
495
488
461
478
501
536
573
570
572
575
568
562
583
614
636
655
638
640
630
634
637
638
605
595
576
582
589
594
595
594
592
570
518
468
477
483
500
483
480
486
512
514
498
492
524
556
571
570
566
568
576
564
516
495
504
513
500
509
499
510
511
538
564
584
593
577
585
586
592
570
538
523
523
520
569
617
656
686
671
626
588
560
560
555
557
575
563
536
510
482
470
476
483
475
475
471
500
518
525
529
513
528
536
518
513
565
641
674
667
649
652
651
649
653
634
664
665
677
665
650
646
652
653
663
663
644
618
593
599
601
585
594
582
602
594
591
575
583
589
589
577
580
585
589
553
527
513
509
514
507
518
505
511
481
452
431
443
437
450
446
432
425
425
424
419
429
434
438
426
431
430
443
482
489
502
482
489
481
494
484
471
500
573
603
590
591
573
587
579
556
515
478
481
486
487
473
424
390
390
406
393
389
396
398
408
400
391
389
394
402
375
379
389
385
359
367
441
563
652
665
624
629
646
675
636
609
582
577
596
589
577
577
579
574
570
569
573
585
566
547
516
495
485
479
496
499
492
484
476
449
447
458
458
455
453
451
456
465
468
463
456
466
475
473
474
445
429
426
420
423
417
426
440
447
454
458
449
455
452
460
464
483
485
481
481
480
490
486
477
476
489
493
479
468
485
488
473
475
491
490
491
484
479
508
531
556
551
576
614
637
624
604
581
588
591
564
547
528
504
468
456
457
461
468
476
471
482
489
488
488
498
481
482
473
484
490
498
496
498
494
495
492
487
487
488
481
499
493
499
484
484
484
492
495
492
492
476
482
484
490
491
494
479
497
521
557
549
555
537
541
551
552
543
535
529
535
534
530
541
565
572
575
558
561
566
574
540
495
447
437
457
472
463
475
478
482
472
473
507
552
580
586
590
588
582
562
550
543
564
565
529
489
460
452
456
471
482
484
472
473
474
467
477
485
507
551
590
604
580
569
591
582
569
537
521
530
526
534
532
529
526
535
537
535
527
536
525
516
525
540
529
541
528
525
534
523
531
535
535
533
537
526
528
536
537
537
524
532
547
540
513
521
569
555
390
160
