656
671
603
593
608
627
604
592
624
641
624
602
599
620
612
617
594
617
613
610
606
623
617
603
591
595
593
602
598
576
589
598
603
573
542
515
504
504
509
557
608
642
664
641
637
638
651
669
654
610
523
471
468
477
484
469
471
487
475
473
462
501
487
459
450
500
580
607
606
587
592
593
600
589
586
598
599
565
547
542
545
546
535
540
543
539
546
552
566
564
576
584
580
529
482
458
446
448
445
481
562
594
593
591
585
600
605
600
602
602
604
597
608
595
577
534
511
510
523
536
517
508
523
538
545
540
538
569
629
653
670
657
665
671
653
633
598
572
558
568
561
568
572
581
541
531
498
521
518
516
525
505
503
515
514
520
528
528
537
538
519
516
552
627
672
683
666
660
670
637
596
582
583
585
577
576
577
589
587
574
563
567
552
543
534
548
556
552
536
527
525
516
518
526
544
565
559
556
559
554
544
539
537
528
511
512
532
530
526
530
524
558
602
628
618
625
609
618
609
610
591
583
597
603
580
578
547
514
506
519
533
514
489
455
439
431
440
449
431
439
433
434
447
445
460
447
443
434
417
414
429
426
421
421
427
417
438
432
439
438
425
427
478
564
620
651
617
606
619
626
569
510
475
486
488
467
464
491
489
451
389
355
367
363
350
350
421
522
586
586
560
565
566
594
615
641
652
648
642
635
639
640
618
602
585
592
583
582
584
590
548
507
472
472
476
477
475
472
493
521
497
496
489
506
548
593
589
595
579
591
608
597
568
536
530
530
544
537
528
529
577
647
689
688
658
659
684
678
638
592
560
565
565
580
568
558
561
573
562
575
550
531
538
546
542
548
555
573
570
554
546
557
559
517
468
420
420
446
446
448
450
460
451
440
451
472
479
480
463
471
478
461
475
477
480
474
466
458
492
503
519
511
513
509
511
504
512
544
590
616
614
608
603
604
600
589
596
612
573
517
479
470
486
491
484
483
486
505
497
495
492
514
495
493
485
509
528
539
547
546
541
528
547
577
628
665
664
652
662
657
656
636
643
644
625
572
540
545
555
556
549
563
630
673
678
619
587
563
561
559
568
569
568
548
539
535
529
538
535
530
535
526
535
527
535
529
538
534
538
537
536
528
526
517
545
597
605
617
606
607
602
609
585
557
552
566
563
530
490
463
466
471
463
458
463
461
463
464
451
469
462
475
481
482
488
495
496
476
483
526
549
592
591
577
563
561
588
561
507
478
466
482
502
463
421
394
400
400
399
394
413
431
442
483
544
590
639
636
618
604
622
628
627
601
601
574
571
570
569
566
575
563
554
520
469
470
476
487
476
480
477
491
478
478
459
462
465
456
449
470
467
440
411
410
399
395
405
404
404
404
403
420
403
399
398
413
401
365
371
456
584
667
657
624
626
638
647
642
646
653
622
579
552
556
562
562
551
545
546
550
549
537
553
553
549
548
548
545
563
558
554
562
581
566
560
526
472
455
435
445
453
457
476
500
508
494
497
482
494
508
532
568
574
562
563
563
575
570
546
523
533
542
533
532
530
531
550
586
591
604
605
603
596
613
599
597
599
601
602
603
600
590
594
589
604
600
586
580
584
603
606
616
582
575
558
554
535
540
551
544
526
514
507
508
517
517
497
512
542
568
593
593
607
585
590
570
538
527
541
547
547
540
540
569
597
619
634
644
636
580
524
486
487
481
487
481
487
469
463
479
478
441
394
349
350
362
369
359
362
427
501
552
553
542
544
556
554
550
543
542
578
599
632
625
621
627
634
629
588
525
497
500
507
511
494
535
587
613
607
594
591
602
604
583
573
576
582
586
579
580
593
587
558
523
505
511
525
523
510
492
507
527
590
625
616
592
597
613
634
574
501
420
436
449
466
451
442
453
464
469
469
470
470
458
466
500
547
580
581
596
602
625
606
603
608
608
608
589
536
515
516
510
507
499
509
543
603
643
630
618
611
623
633
629
589
527
486
474
487
491
479
480
502
509
470
414
361
360
382
369
360
360
372
378
363
368
432
530
588
583
554
562
573
578
560
563
588
593
585
577
598
600
587
582
596
600
600
565
513
460
441
417
417
410
397
403
460
553
617
619
579
580
601
589
515
454
457
489
480
455
450
520
567
599
597
589
596
569
574
585
590
602
590
600
608
593
577
575
603
619
560
507
471
481
483
483
467
494
490
474
468
473
483
473
464
472
472
468
473
494
547
578
587
573
566
576
580
582
575
590
590
575
562
542
549
541
526
516
515
523
539
553
553
546
556
551
547
553
560
550
536
511
491
503
507
501
489
507
541
590
610
608
597
610
586
566
524
525
533
529
526
523
515
509
524
542
529
522
523
527
538
531
523
539
536
521
525
530
521
514
512
520
534
517
522
525
519
519
502
526
540
530
499
520
568
553
387
142
