637
643
579
567
619
643
641
615
625
636
630
613
632
655
639
634
628
648
640
615
610
637
634
618
575
545
550
570
549
544
543
571
600
619
634
624
602
509
463
463
471
472
473
515
587
640
645
628
611
626
611
610
597
622
624
622
626
628
585
522
474
485
489
488
468
461
465
463
423
434
519
621
684
671
682
681
678
618
571
573
581
586
585
578
578
569
540
546
540
542
531
552
589
625
605
583
595
629
615
570
533
481
464
469
538
600
671
667
667
654
653
647
594
551
559
570
579
570
560
565
577
579
603
629
644
641
634
601
562
525
509
523
537
518
458
448
450
454
444
424
434
466
451
419
409
409
413
415
394
415
418
421
407
409
416
414
394
404
416
421
371
399
487
621
662
610
517
538
568
572
555
545
553
590
606
623
628
577
515
475
478
497
493
500
495
467
432
394
397
412
407
397
430
475
532
511
500
518
580
586
578
571
572
595
574
558
546
544
541
533
543
544
538
540
554
570
564
567
567
572
574
570
565
584
584
559
533
538
532
533
529
536
559
564
552
535
522
520
525
531
530
525
527
527
527
521
526
527
528
548
570
567
558
554
558
567
554
553
562
542
513
484
473
500
500
494
487
492
530
563
576
602
606
609
597
593
604
595
560
525
487
492
499
498
462
452
450
445
454
444
439
448
468
496
517
521
512
520
544
525
518
520
556
633
664
674
654
624
613
585
569
571
533
484
454
455
488
508
490
473
504
564
570
550
544
560
572
559
517
485
473
455
462
477
467
460
468
475
482
485
474
496
500
506
485
474
501
526
554
535
521
503
505
519
512
509
500
512
505
508
519
510
515
511
512
506
504
515
509
506
512
510
490
500
503
512
512
520
511
515
507
501
504
506
500
507
517
495
499
540
589
610
627
597
593
601
628
627
623
583
555
525
529
538
549
548
531
504
473
460
468
468
474
449
460
474
461
423
403
415
427
421
414
421
422
421
380
377
384
394
394
384
388
397
426
446
452
459
427
433
498
572
620
628
630
612
625
631
613
599
580
544
528
511
515
534
530
524
521
545
568
583
583
577
578
582
569
582
562
551
552
560
565
560
552
561
586
616
612
560
486
438
440
456
446
433
450
452
462
457
452
467
469
464
445
462
528
550
529
525
557
612
660
659
670
660
649
652
668
670
637
589
541
520
538
545
506
512
530
527
512
513
571
646
690
707
690
672
671
678
683
682
649
597
558
556
575
561
561
582
572
532
486
450
448
469
463
465
449
457
469
475
462
454
454
459
466
464
468
479
480
487
485
474
506
552
579
573
560
591
625
644
654
635
633
645
652
637
632
630
637
623
621
624
617
594
566
513
482
481
479
482
484
484
487
485
476
484
497
501
514
509
490
513
531
562
571
571
571
573
549
516
500
503
524
512
490
494
530
564
579
592
591
589
569
561
582
588
577
529
522
531
536
525
525
564
618
635
597
538
541
555
561
561
560
556
537
492
464
475
482
482
469
475
496
511
531
521
520
513
515
515
529
527
521
525
534
528
527
524
524
530
526
519
529
528
522
521
530
516
509
512
557
622
672
678
657
655
667
657
630
610
599
600
591
601
603
596
604
598
597
596
597
584
568
588
595
605
593
562
531
512
503
513
517
509
502
469
439
431
439
458
433
431
420
421
433
423
431
426
427
430
453
478
476
463
466
502
537
557
576
568
559
558
548
541
528
514
500
524
520
516
510
528
576
591
573
564
592
602
558
470
427
434
454
443
421
439
436
418
371
365
403
413
372
374
467
593
648
643
615
649
666
638
611
581
590
597
605
589
573
594
591
601
598
597
581
598
576
541
512
507
531
531
512
480
463
471
468
465
483
474
459
429
421
417
421
412
430
445
448
454
452
455
442
450
446
465
485
490
494
484
484
478
487
505
539
553
571
567
559
559
569
549
546
581
590
617
627
629
636
613
576
563
572
588
592
565
560
575
586
588
579
550
553
547
560
559
557
569
545
496
480
455
456
459
470
465
488
495
489
480
488
511
531
543
544
542
550
553
556
547
557
547
538
533
545
539
548
530
525
547
546
560
575
578
552
557
562
565
569
533
490
474
449
462
477
472
471
462
462
478
461
475
470
532
536
533
520
532
539
554
518
525
545
573
603
608
608
597
592
600
583
604
585
546
522
519
527
530
522
530
537
552
543
535
542
536
519
500
493
503
515
522
509
494
508
534
583
611
625
601
605
604
625
614
583
559
528
529
529
533
547
538
529
543
538
526
529
528
530
522
524
521
524
530
521
525
526
529
533
535
530
520
533
529
530
522
523
514
517
531
523
524
537
534
528
515
517
529
526
502
511
532
534
532
519
527
533
516
503
535
554
532
494
515
564
554
398
161
