653
673
609
572
594
626
590
574
587
602
592
547
521
515
506
508
495
518
512
496
503
537
604
661
640
597
518
476
465
465
484
478
475
479
479
474
456
463
501
589
635
633
612
607
635
632
623
604
633
634
602
548
514
525
525
508
507
529
537
513
478
462
450
451
470
472
473
440
381
362
379
367
356
346
395
489
544
555
535
528
547
536
537
533
540
542
543
531
530
560
607
635
635
610
574
554
559
565
574
550
560
571
578
557
554
547
597
628
655
670
659
658
639
650
659
625
571
515
529
548
548
530
517
519
547
541
521
504
494
483
480
497
495
487
473
428
409
409
438
411
376
363
353
363
371
363
330
339
408
512
581
578
569
558
586
581
573
554
576
593
587
573
601
602
557
512
478
504
507
502
481
489
500
488
457
434
456
457
447
437
458
443
411
388
402
422
411
388
396
418
425
411
402
407
418
415
391
415
460
545
592
589
581
572
587
594
598
557
512
484
482
483
488
470
468
457
440
426
413
447
471
494
494
492
483
476
500
515
533
581
590
583
521
451
412
404
423
418
416
420
424
428
418
420
420
422
418
409
424
421
416
426
434
431
404
405
488
620
696
697
663
657
691
698
652
604
578
574
562
542
514
523
517
522
502
504
499
497
514
496
502
503
495
514
505
492
496
516
533
536
553
545
538
538
540
546
530
543
567
603
637
630
619
622
640
624
622
619
635
638
596
575
552
558
573
573
570
573
564
535
540
546
544
560
545
546
534
523
514
521
522
523
524
530
528
526
524
532
541
565
595
585
585
579
596
604
599
578
589
592
587
586
587
589
599
585
595
604
590
570
516
490
452
430
408
404
410
418
409
396
392
420
435
391
387
456
570
644
637
614
609
632
634
614
603
610
633
621
595
605
629
630
584
538
500
497
491
485
476
482
485
501
505
503
493
496
531
549
584
590
579
585
584
581
571
570
587
595
599
618
600
605
610
614
625
593
541
482
503
553
595
628
636
641
623
645
654
654
586
507
464
473
489
476
477
527
613
667
667
630
606
602
597
594
591
608
602
580
585
597
601
597
595
598
610
598
590
597
600
582
543
524
516
516
520
519
527
517
508
456
439
447
444
446
439
453
438
431
391
412
422
424
401
408
419
408
377
384
471
597
650
633
574
566
572
599
586
567
580
606
586
552
505
469
461
475
473
463
469
471
478
479
486
483
480
502
509
514
477
489
536
576
600
605
602
603
600
586
602
609
610
595
584
591
600
598
597
594
605
578
563
538
554
565
531
464
425
423
432
428
439
424
429
446
464
478
483
469
485
485
488
487
466
479
529
583
612
615
579
573
589
591
584
569
579
584
558
509
471
478
511
512
486
439
426
425
425
416
412
428
420
420
443
435
434
447
433
434
428
433
441
454
462
470
460
462
481
470
439
419
389
401
403
404
418
460
471
466
456
461
463
475
476
527
542
558
536
542
544
537
545
573
632
700
703
661
645
656
666
648
607
601
598
595
607
610
605
568
506
473
467
457
465
464
453
421
404
399
416
407
382
395
456
552
596
611
585
597
592
572
598
595
602
574
577
591
626
633
630
641
641
653
626
586
569
557
556
562
570
531
484
447
426
445
451
427
425
437
472
468
480
510
545
579
571
568
564
558
569
567
552
562
590
605
603
604
614
619
601
577
557
535
559
564
561
562
554
559
552
535
552
558
557
556
553
550
556
549
551
552
559
557
551
551
561
567
573
599
600
597
554
481
443
426
446
455
441
446
450
463
428
375
386
482
591
671
680
655
667
670
641
595
560
564
550
496
449
443
477
472
466
455
485
504
511
512
499
500
491
501
523
576
602
609
595
577
586
584
583
594
580
590
600
596
587
584
603
595
571
501
462
459
471
487
490
472
470
476
465
440
443
459
467
452
448
438
508
585
637
644
611
595
606
635
618
567
542
512
517
529
536
531
507
508
547
573
605
608
592
578
592
573
577
579
574
584
577
578
571
581
574
575
555
547
547
546
547
534
538
538
522
503
510
508
513
507
501
531
567
588
595
584
594
597
593
596
579
557
551
549
544
542
540
557
604
623
607
600
603
624
583
505
478
474
486
476
480
488
473
476
463
471
459
465
464
493
556
601
583
560
567
586
594
569
553
553
555
548
546
544
555
545
548
526
512
505
499
515
520
543
550
566
557
553
562
557
564
534
511
503
511
516
501
507
504
504
496
508
522
504
489
501
545
582
610
615
616
621
584
560
529
528
541
540
519
517
526
522
538
515
517
520
527
543
538
526
530
534
524
530
528
534
536
538
522
539
542
530
520
532
552
540
500
501
560
547
392
149
