648
673
590
574
596
637
608
590
596
600
591
584
593
601
604
593
573
552
525
508
497
532
534
495
503
552
620
646
650
644
646
614
516
463
458
483
488
459
455
514
584
627
624
628
620
630
634
628
616
610
617
634
621
586
527
476
462
457
432
424
419
433
427
404
422
482
564
610
617
602
604
616
615
603
579
588
603
600
607
597
572
553
515
511
530
533
508
513
534
537
528
529
575
638
674
657
643
645
668
666
637
593
577
570
571
564
566
561
553
518
506
511
512
509
513
512
516
524
534
534
515
515
570
632
666
659
658
674
676
649
598
571
573
582
571
581
582
595
576
554
542
540
554
545
527
539
555
544
525
524
510
515
537
547
576
558
556
550
549
545
548
548
545
538
518
528
540
530
521
516
549
599
625
608
617
624
627
619
587
588
586
601
597
594
597
583
588
603
604
572
529
498
496
499
509
499
497
501
488
449
430
437
444
445
440
426
427
422
424
433
433
436
430
425
422
427
417
428
427
426
416
424
432
428
435
430
429
441
435
426
428
439
429
414
417
423
428
438
430
434
436
418
430
432
439
419
420
431
450
436
408
417
480
570
632
632
612
605
607
612
622
598
566
522
483
460
478
497
498
480
437
396
363
356
342
356
406
512
595
635
642
630
620
624
639
630
602
596
587
601
585
551
505
478
466
490
487
471
477
490
481
487
493
489
490
499
488
491
498
534
563
603
604
588
587
606
608
600
583
583
575
580
574
575
588
586
597
593
595
586
590
588
597
589
569
550
561
567
556
561
562
566
560
544
540
546
538
543
550
544
550
543
541
533
547
558
542
541
558
579
568
552
553
566
563
530
487
434
428
411
436
442
441
447
454
458
466
471
485
470
470
476
477
482
502
511
511
520
516
499
522
547
583
616
616
611
611
606
600
600
588
588
602
611
601
595
589
609
603
599
593
600
613
596
563
508
473
482
487
491
495
495
495
498
499
494
496
523
551
554
544
543
538
547
559
617
644
660
638
643
636
669
660
623
578
537
543
545
553
550
554
538
540
575
612
668
671
660
625
585
565
562
566
571
564
563
561
557
545
532
534
546
543
550
513
522
546
595
610
613
606
609
617
623
589
576
550
547
561
559
545
549
554
570
558
538
486
469
449
467
469
465
454
476
489
498
492
485
492
487
492
494
510
549
590
590
580
583
578
585
535
501
480
482
479
483
469
477
460
431
401
406
405
415
397
395
427
477
488
500
483
506
502
482
491
526
585
620
627
610
610
635
641
602
573
558
559
555
558
571
587
582
561
571
578
581
555
503
494
484
493
500
492
480
475
478
463
467
456
475
466
458
469
449
453
426
409
394
403
400
378
386
386
391
390
371
379
471
584
648
652
626
632
651
661
611
570
552
554
558
552
549
572
573
558
540
549
545
553
541
549
544
547
535
541
544
544
549
547
564
567
563
555
554
580
571
550
481
446
441
443
434
462
477
494
496
494
498
487
496
501
496
492
498
502
510
537
568
579
572
556
567
558
566
553
535
545
528
539
542
545
568
593
611
608
608
612
614
585
547
529
520
512
505
517
520
523
497
513
524
580
607
595
580
582
592
597
589
574
558
552
533
549
549
552
548
548
545
587
637
645
629
628
628
643
629
583
506
472
470
476
486
483
480
472
470
466
470
473
440
393
357
360
355
369
363
357
342
366
407
496
553
578
619
615
628
629
635
613
591
539
496
482
512
516
513
506
520
519
538
570
608
620
601
616
616
627
619
595
631
605
605
603
607
620
604
573
517
485
495
485
492
472
471
473
477
482
469
469
507
563
620
614
600
596
627
620
582
507
428
439
460
448
444
445
467
455
449
439
464
469
465
441
431
452
455
445
451
449
455
465
465
481
470
471
451
462
507
562
574
579
583
582
585
569
565
576
586
581
581
574
578
578
574
576
589
615
623
616
602
547
507
490
512
527
514
502
516
557
607
639
639
632
626
596
533
487
460
477
476
487
490
497
496
491
484
498
485
477
436
414
409
423
431
398
404
458
545
608
607
597
587
586
592
560
494
470
477
481
487
484
453
426
411
421
393
392
381
457
548
600
614
575
543
516
480
469
479
499
497
474
500
558
610
599
569
530
489
479
476
484
491
481
459
453
459
468
483
473
457
471
500
558
597
594
585
575
580
588
582
577
585
587
571
546
540
553
538
554
547
555
543
540
517
515
503
503
516
546
547
558
548
563
555
553
531
547
566
558
535
512
501
503
499
512
540
568
619
632
617
603
606
613
610
586
540
527
530
539
529
530
525
531
523
534
520
524
529
523
530
534
529
540
523
523
530
527
521
528
523
528
524
533
522
524
531
530
533
537
535
518
524
543
544
523
525
532
531
524
519
541
535
496
508
565
549
384
139
