647
650
608
600
623
637
612
591
591
598
586
582
604
599
590
573
600
601
594
584
574
599
605
608
589
604
590
609
598
598
594
579
589
600
600
599
589
594
571
542
514
503
517
562
600
634
648
624
611
622
652
655
589
518
486
479
479
479
481
471
464
456
469
487
466
465
512
598
630
656
623
628
630
628
622
612
622
623
628
608
610
623
619
607
615
622
630
607
621
617
640
627
613
607
628
635
611
618
623
625
626
593
550
531
528
518
522
524
520
522
510
478
461
442
453
463
459
426
381
352
360
353
358
373
413
517
573
572
534
535
579
623
637
619
613
616
627
621
600
573
559
561
548
571
590
568
555
561
577
572
559
566
576
581
566
560
590
641
667
627
558
522
523
535
535
538
542
538
512
484
471
498
501
494
485
493
496
480
427
419
415
424
414
420
423
385
368
373
378
373
332
344
421
517
582
585
574
558
579
584
565
574
587
601
577
523
483
476
488
496
477
461
448
452
463
442
422
400
412
416
414
411
408
418
420
404
405
419
421
395
396
453
533
596
598
597
583
593
591
567
591
603
601
554
497
461
478
484
488
475
480
486
480
448
418
431
426
445
415
424
446
446
425
408
443
469
484
489
480
491
494
482
509
558
602
589
561
559
579
589
560
572
584
584
532
467
432
415
429
437
426
415
411
415
421
420
410
406
425
440
432
414
419
424
424
395
423
494
600
689
694
681
649
650
600
568
574
575
578
579
589
566
531
516
508
518
516
500
505
519
513
495
495
521
549
563
562
567
563
560
558
560
597
619
614
609
612
617
615
608
586
571
575
569
570
573
571
566
572
570
576
572
582
574
556
570
568
582
561
566
567
567
559
555
542
567
561
543
520
559
581
567
518
462
468
469
487
480
485
464
432
399
398
409
414
406
402
413
406
425
430
413
388
399
463
565
636
639
634
615
630
628
619
620
617
630
635
625
624
641
651
633
596
558
521
521
513
525
521
533
527
504
477
449
465
473
471
458
461
455
463
468
476
487
492
488
484
486
489
480
490
510
547
569
588
576
576
603
584
580
580
600
622
617
580
528
506
508
510
495
515
547
604
633
650
636
613
623
634
643
590
532
472
456
480
500
489
481
472
467
475
472
482
500
473
468
513
600
661
656
646
647
665
659
626
607
602
604
581
583
593
597
595
588
594
601
582
597
591
598
602
575
528
514
515
525
496
450
435
434
454
436
441
442
447
426
413
405
418
416
385
390
470
614
705
691
646
654
683
688
638
593
563
592
581
576
569
590
591
559
523
485
479
474
468
479
480
492
480
491
491
493
491
503
502
493
498
541
591
625
632
615
618
619
630
633
614
568
544
533
540
558
555
522
470
435
434
432
440
421
440
450
478
476
473
471
485
472
464
470
511
562
605
604
594
586
595
605
596
605
596
599
586
583
574
591
587
585
583
575
593
575
588
579
583
582
562
516
482
478
488
485
490
490
486
473
429
411
406
422
426
431
431
434
445
425
444
436
435
431
440
452
465
470
464
453
465
463
463
461
463
453
428
405
398
409
405
398
417
450
478
474
458
455
486
536
567
574
574
570
568
574
576
583
609
629
625
616
605
605
604
610
583
536
487
478
500
501
496
465
419
387
395
401
387
397
384
387
399
392
397
390
400
402
393
384
388
443
539
602
614
596
588
596
603
605
589
583
604
617
641
640
635
647
631
639
620
579
550
552
552
555
554
526
469
431
445
463
484
487
476
480
483
477
476
478
486
479
471
470
468
492
472
471
494
546
572
571
561
553
565
601
621
630
600
597
584
576
543
536
544
559
551
538
559
585
609
589
568
593
609
605
548
483
455
463
454
476
453
451
421
404
411
417
405
400
409
413
398
398
466
596
692
687
645
633
670
673
626
573
559
563
561
573
556
569
559
531
495
478
458
458
452
458
445
456
465
468
469
458
469
478
492
496
501
508
494
488
490
533
571
594
595
596
594
557
495
456
453
463
474
478
475
470
463
463
446
449
459
459
462
463
450
454
465
461
452
454
484
574
630
624
617
604
622
653
633
591
553
539
518
530
544
531
535
533
542
543
553
541
548
555
538
526
544
584
610
593
594
591
595
595
580
556
558
542
542
538
537
548
549
547
526
514
510
513
519
517
500
493
502
524
568
600
599
602
598
595
596
593
586
584
582
589
591
597
593
600
597
598
589
597
598
596
608
601
585
597
604
588
601
587
587
587
594
588
594
583
597
584
572
551
545
538
536
554
536
527
534
566
583
601
618
608
624
625
619
582
523
478
467
467
476
492
489
493
481
464
460
461
465
466
462
451
470
508
542
592
588
588
579
580
584
582
558
547
535
545
541
541
541
550
544
524
508
507
533
552
557
555
536
549
560
558
554
539
523
509
507
506
507
504
488
490
493
542
572
602
615
601
573
550
533
516
539
540
521
525
527
548
526
521
517
540
528
515
514
519
530
533
530
529
553
539
519
535
543
527
510
524
569
547
390
146
