646
645
610
589
615
625
598
575
579
591
583
597
596
579
535
508
503
510
527
504
508
503
530
562
590
590
532
474
440
477
536
597
625
632
626
625
614
623
614
630
629
619
634
642
621
596
537
487
478
491
479
480
474
475
445
408
412
442
449
426
410
464
560
621
627
601
599
610
610
601
587
617
609
615
599
605
618
590
586
587
583
613
594
597
605
592
576
550
516
504
515
533
544
528
533
559
619
662
672
658
657
657
650
649
661
667
622
591
562
570
560
562
558
564
564
571
563
565
562
574
568
586
570
569
539
512
523
507
520
511
506
519
513
499
518
530
538
531
501
527
574
619
660
662
671
661
669
668
666
661
663
672
631
594
581
577
582
585
563
556
548
538
527
514
516
514
527
547
557
566
554
546
549
546
558
577
557
543
536
526
549
539
519
520
535
585
627
631
614
600
622
617
623
606
598
596
590
583
607
598
602
586
537
508
497
509
515
505
494
474
455
438
432
452
439
431
411
421
433
426
416
415
424
434
430
439
443
452
421
413
432
484
553
608
620
613
595
622
629
622
575
515
473
479
466
480
489
483
433
390
365
366
383
376
363
356
374
367
354
361
375
380
362
357
418
508
573
580
561
566
580
575
564
565
577
584
606
637
636
625
620
626
632
648
611
585
575
577
572
570
594
589
564
502
478
474
479
471
480
483
482
480
465
486
505
500
494
521
575
596
591
579
578
595
572
529
527
540
546
518
519
565
636
691
683
669
654
666
674
672
674
661
665
673
673
658
670
658
663
683
669
658
651
655
662
682
665
642
608
565
560
578
577
575
556
558
562
545
526
549
563
547
538
532
548
534
536
542
563
556
540
536
569
575
575
574
557
576
569
533
474
437
433
453
446
436
444
439
442
446
483
472
469
466
465
475
482
468
478
478
507
520
524
511
515
513
520
509
502
498
536
574
624
622
595
597
610
614
608
597
595
605
611
599
596
597
606
617
567
524
495
490
492
490
489
492
487
508
505
485
470
496
500
486
479
511
528
544
530
546
578
625
651
646
644
650
614
560
527
537
570
550
549
561
611
661
668
641
638
650
663
670
642
579
552
552
561
575
566
552
569
554
534
517
520
539
525
518
516
541
545
517
514
549
592
619
619
607
618
617
588
569
557
567
559
563
561
560
535
491
460
456
458
474
468
478
495
490
478
490
490
491
484
496
527
541
581
606
587
536
510
479
470
467
432
404
397
398
399
415
410
405
401
438
463
489
501
493
501
503
485
469
481
515
599
627
630
618
623
633
618
604
579
562
580
568
557
521
477
482
496
496
478
461
453
462
454
447
452
461
446
410
387
401
404
402
386
389
408
394
369
397
410
402
369
378
481
589
669
668
654
633
647
645
639
642
644
645
647
641
632
657
658
634
613
574
529
536
542
560
539
530
542
556
549
541
543
534
540
545
554
543
529
556
543
555
534
507
497
501
497
510
513
552
590
587
575
580
588
589
579
588
593
560
500
456
438
467
494
481
487
494
499
495
477
486
505
536
563
568
558
564
560
563
560
548
534
550
536
534
531
555
580
605
606
592
614
616
609
590
553
530
519
513
516
503
518
505
502
538
576
607
604
592
600
593
598
590
592
595
604
600
580
558
545
547
551
573
606
629
629
616
620
624
641
632
579
527
474
472
490
490
487
470
437
390
330
341
370
365
360
346
365
367
344
348
395
502
581
558
538
548
603
628
623
603
610
625
616
608
630
635
586
520
501
507
515
500
491
524
580
615
595
596
595
605
597
603
613
597
589
615
614
574
525
483
476
491
503
486
469
475
497
494
463
464
480
512
571
614
618
590
575
611
604
564
479
430
443
452
456
434
443
452
460
451
450
443
440
449
457
455
452
431
453
470
471
466
447
466
466
477
469
490
546
581
587
564
572
565
566
572
568
571
576
601
605
599
598
609
599
582
532
510
510
501
494
529
578
645
632
617
616
625
644
596
529
481
476
489
494
485
445
393
354
348
379
370
338
342
419
531
580
585
570
554
556
576
573
559
572
576
585
586
565
515
477
462
455
476
461
476
458
433
402
407
427
432
409
385
399
472
527
525
483
461
462
478
468
470
506
563
605
591
571
582
589
593
585
584
591
606
564
505
475
470
490
493
483
489
470
464
463
470
470
474
485
471
467
479
501
562
583
582
575
577
575
572
544
545
557
562
548
541
527
519
500
510
514
512
508
509
542
581
558
556
555
551
544
515
503
508
521
504
500
524
580
607
604
603
611
630
622
616
612
593
582
552
566
578
564
525
517
529
543
525
525
515
538
541
527
536
543
542
535
529
528
527
518
520
527
522
523
526
536
527
523
518
526
539
528
518
514
533
535
527
516
529
534
522
524
528
518
516
525
530
547
538
521
530
543
542
498
508
568
557
399
152
