641
650
597
577
610
622
606
567
591
609
590
589
582
595
589
597
598
612
600
590
603
604
584
583
588
581
543
502
504
530
537
499
511
548
617
645
641
626
631
644
636
638
655
649
601
515
474
465
492
491
472
463
508
588
629
633
612
621
640
629
577
513
455
439
420
415
434
420
414
417
472
554
627
632
602
597
608
605
605
592
602
611
606
590
580
609
605
608
572
547
519
513
520
537
520
509
526
536
544
545
544
549
539
553
563
626
662
669
646
648
668
663
618
586
570
568
569
558
561
568
571
521
497
493
507
516
512
522
519
507
515
526
529
530
521
515
549
630
665
683
658
648
671
669
638
593
579
582
586
579
588
577
575
567
556
546
544
550
535
536
543
536
532
512
521
513
519
520
539
516
531
549
561
572
568
554
547
550
525
535
534
537
534
510
521
555
596
622
618
617
618
607
614
611
585
594
597
596
594
603
580
540
514
503
509
496
505
510
514
515
504
510
512
513
481
448
433
434
440
441
451
442
457
439
424
425
429
421
427
445
438
417
401
479
570
623
634
595
598
616
624
615
609
632
622
608
606
610
619
613
611
604
628
620
611
567
521
467
470
489
495
445
376
348
366
360
338
354
422
521
571
573
567
567
568
572
578
615
653
645
624
620
634
641
612
586
590
575
585
575
586
599
555
515
471
473
496
499
486
501
496
522
507
503
490
490
506
549
587
605
586
581
590
611
601
583
547
539
536
529
529
531
550
529
530
534
583
616
677
687
675
660
677
694
669
645
595
565
551
546
558
560
577
570
577
575
546
533
537
543
555
544
546
541
549
539
532
545
539
541
564
567
565
552
555
575
565
540
480
435
441
451
436
436
425
442
464
471
475
482
476
467
472
467
468
462
447
465
494
508
517
540
575
608
623
601
603
617
620
606
591
591
613
596
592
593
601
608
576
522
484
475
483
489
485
482
492
483
498
506
499
497
494
494
503
496
490
495
514
531
538
542
556
553
546
542
572
618
670
652
651
637
616
588
542
534
554
562
546
525
576
631
672
658
646
651
639
662
660
662
640
592
562
548
562
572
566
556
561
553
552
539
522
524
534
523
521
550
580
600
609
615
610
603
568
557
546
560
571
567
539
505
453
468
474
463
463
459
477
483
491
485
496
491
481
486
507
564
601
574
556
572
588
586
557
501
470
468
483
491
477
498
479
464
422
387
387
401
432
472
490
506
487
473
471
524
575
613
623
620
615
620
621
620
623
625
622
628
630
631
603
562
561
559
570
588
587
576
545
500
485
478
479
493
485
492
483
483
456
442
446
469
459
450
451
464
468
456
447
417
393
400
403
405
400
399
406
403
393
386
395
407
398
370
383
467
571
658
649
635
648
658
649
602
569
552
568
575
564
561
556
560
557
541
555
555
555
544
535
546
548
538
545
557
565
555
557
548
575
565
532
468
437
420
439
437
436
441
444
466
484
511
508
497
499
501
498
490
516
526
568
579
560
550
562
567
561
576
573
578
567
540
537
534
554
532
528
548
576
612
604
599
602
607
615
594
551
543
541
532
524
512
494
510
533
563
597
595
592
565
575
551
546
552
546
544
542
562
601
634
638
612
612
643
646
625
577
528
481
440
394
384
355
345
358
416
505
552
563
550
544
542
553
581
595
630
629
631
623
623
621
611
614
628
621
584
545
501
496
507
506
512
512
494
527
582
616
623
606
576
604
627
609
589
591
619
602
578
509
462
447
474
490
484
473
481
483
478
473
476
507
576
612
609
603
612
615
618
614
619
616
570
488
433
430
470
490
464
468
471
481
467
458
486
555
586
587
568
566
585
587
570
569
578
598
589
601
607
609
569
545
513
506
501
513
502
505
508
509
509
507
509
519
528
524
526
519
521
533
525
505
513
556
592
638
641
621
599
624
634
633
579
532
464
451
493
515
492
442
406
378
372
367
372
426
505
580
574
554
554
568
574
571
562
553
566
593
594
586
584
580
582
589
559
521
485
477
475
479
462
459
478
487
481
464
435
411
400
397
408
412
412
414
403
403
419
410
382
387
451
537
596
605
595
582
606
606
593
594
591
561
495
462
465
491
490
470
468
514
574
587
593
595
582
586
591
589
589
594
578
585
586
564
509
460
456
477
484
485
481
492
500
487
483
504
536
569
566
569
559
560
578
564
536
504
482
477
482
491
478
476
486
490
473
469
481
484
484
487
482
489
483
481
479
476
494
479
484
497
531
556
562
555
551
540
517
499
509
506
515
508
513
506
538
576
625
638
611
580
548
527
528
523
534
534
529
532
520
531
530
527
523
535
530
528
523
524
539
533
527
524
522
524
507
526
526
537
536
523
538
524
521
520
524
533
521
506
526
549
529
482
512
570
558
390
150
