609
636
583
568
610
616
569
538
530
550
564
545
536
548
559
564
559
565
549
551
571
561
536
487
444
433
450
514
573
608
619
619
603
611
619
623
608
629
616
626
619
620
621
626
627
586
508
475
466
485
485
492
485
474
445
439
440
448
455
424
441
514
618
682
696
671
664
682
709
704
663
607
589
566
583
568
559
545
531
539
539
534
539
538
545
539
543
541
550
541
540
535
549
565
594
620
631
622
609
610
620
608
611
626
621
571
503
485
477
479
467
460
512
603
670
668
627
593
572
568
578
572
576
564
562
591
623
645
654
641
622
638
647
639
635
597
544
522
535
539
528
524
523
540
530
532
533
539
511
482
459
453
467
462
467
462
457
467
463
484
496
486
487
480
486
477
487
517
563
586
597
586
565
560
559
552
552
562
548
549
565
596
625
621
610
618
633
652
586
519
478
488
492
489
481
489
491
487
472
486
499
497
494
481
496
486
488
498
500
490
459
415
390
390
417
408
391
382
421
484
511
510
510
501
510
511
488
500
537
566
587
576
566
567
577
600
588
575
556
553
543
540
545
540
546
538
537
544
577
586
568
571
575
581
583
569
553
534
531
537
533
528
531
528
555
562
567
545
517
505
522
528
520
515
518
538
540
554
561
561
554
535
509
491
481
483
519
571
585
601
606
614
605
576
517
487
481
505
509
504
491
477
476
460
454
460
485
521
551
551
551
537
539
545
547
543
539
550
575
604
606
600
596
592
597
557
511
479
475
492
493
480
478
472
488
471
451
501
540
568
560
573
566
530
491
446
456
478
473
475
435
458
461
465
455
479
464
459
483
531
575
578
569
556
577
572
556
569
589
638
626
610
608
596
605
600
590
553
546
529
527
523
548
537
517
494
475
471
474
490
470
453
430
409
399
408
428
419
423
404
422
404
416
420
412
407
401
396
390
396
384
404
420
439
452
431
418
494
585
633
635
616
602
618
623
621
620
609
622
611
605
616
646
626
611
604
617
633
608
620
625
625
616
598
608
632
625
589
550
530
535
532
522
525
517
514
524
548
568
579
583
585
588
575
576
575
577
572
554
557
561
574
558
554
572
623
645
641
633
634
652
649
618
542
506
507
508
529
514
505
502
497
512
480
442
394
391
400
405
415
431
439
471
476
469
468
459
456
476
516
529
527
529
538
523
517
535
553
625
671
671
659
619
597
572
554
560
579
575
573
554
541
531
553
618
696
700
650
580
564
564
581
584
574
569
550
495
446
454
462
463
455
456
462
475
477
484
483
489
477
475
470
507
543
573
576
565
561
563
574
563
572
601
609
629
627
623
631
647
635
617
592
585
575
578
574
569
583
580
546
497
477
484
496
491
481
490
486
483
495
490
495
500
502
510
513
502
502
516
540
572
572
570
560
582
570
556
521
499
494
502
523
570
597
608
599
591
588
581
587
592
593
565
534
525
536
538
525
523
542
593
625
635
614
590
612
620
610
597
544
509
506
525
535
525
513
514
534
540
549
542
528
499
472
471
491
487
484
484
486
492
515
527
545
543
507
509
552
621
629
616
574
586
582
586
567
577
583
561
521
495
499
494
491
476
481
474
490
475
431
404
401
400
403
411
410
403
405
418
411
402
431
455
482
476
474
477
480
475
470
463
477
478
469
465
473
474
474
459
481
479
487
476
462
480
484
466
469
473
468
464
472
472
466
466
501
542
572
574
559
557
555
557
529
513
510
512
508
517
522
517
576
580
596
596
568
570
604
598
546
472
426
440
439
442
440
442
456
433
401
386
389
381
393
404
403
386
389
403
403
375
387
461
572
670
692
646
620
636
656
648
631
613
596
596
583
592
606
596
586
580
601
596
594
586
595
581
599
603
595
598
583
590
597
603
595
583
581
608
592
570
546
528
531
523
527
529
528
529
493
461
447
443
431
419
428
434
429
421
421
425
428
429
429
450
458
465
443
450
467
471
488
485
497
492
477
469
507
547
566
560
561
563
559
547
550
572
611
636
611
605
616
635
628
604
591
576
584
582
574
577
583
563
546
553
548
548
549
550
572
531
480
472
460
466
464
458
469
463
473
474
486
504
500
493
482
475
486
532
557
557
549
541
534
538
551
529
531
542
548
535
529
560
572
579
562
561
569
576
581
532
486
458
453
463
459
466
458
446
455
466
469
472
481
477
475
470
475
510
546
578
588
579
566
567
550
539
525
552
547
544
539
550
533
553
546
552
519
499
495
509
513
506
518
547
571
568
548
537
549
557
537
520
518
510
515
509
497
511
521
520
494
500
513
524
534
517
523
531
539
540
523
526
545
537
521
527
537
536
521
517
529
530
529
530
542
538
520
528
534
545
529
520
530
532
518
493
515
551
536
497
516
562
572
395
153
