614
633
566
544
578
608
586
575
585
589
578
570
571
585
576
563
562
553
523
498
507
525
542
596
655
679
660
593
511
476
459
463
470
487
458
463
498
580
622
642
622
610
631
614
613
596
612
619
590
545
513
517
508
475
454
448
459
474
447
424
383
366
373
356
350
393
503
572
576
546
538
554
573
598
611
628
625
617
616
624
606
589
557
546
564
565
567
558
564
573
566
548
569
597
630
640
643
634
640
629
639
661
649
618
561
534
513
509
505
492
488
493
491
494
470
446
419
420
427
413
424
412
420
413
386
359
353
367
370
350
357
421
513
578
590
581
566
583
578
572
568
567
596
592
549
504
491
475
471
482
477
489
497
507
481
459
451
445
463
457
460
452
457
455
446
448
437
408
385
404
418
407
407
409
422
407
401
408
421
415
398
394
453
544
616
606
575
579
590
580
512
469
441
431
433
429
431
438
423
433
448
479
494
486
479
496
517
558
581
587
580
564
574
595
598
550
468
412
414
427
419
411
417
424
421
417
417
420
422
445
427
444
429
416
417
443
432
406
401
474
611
700
716
676
660
685
697
664
620
590
576
571
554
570
580
582
564
530
514
501
523
531
534
508
513
501
509
499
485
501
498
501
497
491
495
484
490
487
512
532
573
565
560
562
578
597
625
635
629
609
582
557
563
573
570
548
534
556
556
542
548
543
544
520
511
540
592
596
600
577
586
607
619
552
508
487
475
481
496
488
477
462
434
398
395
391
417
416
407
390
398
417
407
396
392
475
576
650
653
626
611
619
626
619
607
599
619
613
608
620
619
633
584
524
486
468
485
508
488
494
491
498
488
499
500
512
518
501
504
505
507
499
496
520
563
580
587
580
575
585
593
595
602
602
604
611
596
594
524
507
502
510
524
501
517
537
601
654
655
597
510
458
473
477
486
469
523
599
674
685
654
634
664
673
645
614
585
595
597
591
585
593
582
596
592
588
596
597
596
609
579
529
503
518
529
524
519
513
526
502
459
445
442
447
446
436
439
450
433
434
419
432
415
389
389
475
599
683
690
658
650
664
643
615
581
561
536
516
513
507
517
502
510
512
511
493
456
446
441
437
442
445
448
447
444
425
398
410
398
438
469
510
527
559
575
581
581
573
572
579
589
585
587
585
570
539
474
429
419
441
447
421
430
443
461
462
483
491
493
476
456
467
518
583
616
620
614
605
602
581
571
585
594
585
576
571
573
541
522
497
494
489
497
494
483
479
434
407
404
402
422
419
408
416
437
444
442
433
429
428
422
442
440
434
418
387
384
394
397
370
375
393
452
485
475
471
477
486
471
458
473
504
568
583
597
586
600
605
633
643
640
623
632
641
639
598
527
489
473
486
501
493
478
482
499
489
477
482
501
492
500
490
461
434
409
394
403
406
419
406
379
403
447
533
594
609
575
582
613
633
637
612
636
637
637
595
571
551
524
502
480
489
507
497
486
497
515
552
556
565
563
563
560
598
590
586
557
553
564
564
568
553
554
551
550
557
552
560
560
566
584
616
605
592
582
601
600
545
483
448
447
459
465
446
447
437
416
408
412
417
389
383
470
597
684
701
661
665
678
681
621
576
568
567
546
475
451
451
472
463
460
468
464
467
476
471
465
492
504
500
484
519
554
579
599
595
601
606
598
534
501
458
468
476
466
458
441
445
452
462
462
445
441
493
576
614
617
597
619
644
640
614
624
628
644
608
558
527
528
537
530
528
520
519
535
538
535
555
535
544
555
548
533
526
531
546
582
618
605
594
586
588
613
617
578
551
540
545
541
549
547
542
529
518
513
497
504
503
502
507
500
497
529
568
606
597
582
579
598
603
574
546
541
542
551
545
545
566
601
618
627
614
603
597
616
600
569
504
473
473
485
482
492
478
483
480
476
464
474
478
485
477
472
458
463
488
541
580
589
576
548
559
554
546
542
540
521
502
513
515
510
502
506
521
536
560
563
543
545
562
563
536
518
497
510
511
508
508
520
512
493
503
515
510
504
491
500
544
578
611
623
611
596
606
620
619
582
547
527
530
517
529
512
523
528
533
529
531
528
530
517
523
536
517
516
531
529
529
525
530
523
530
512
512
523
530
531
527
537
519
524
517
537
543
531
526
521
540
519
531
520
526
512
516
520
530
522
505
528
574
557
397
158
