640
665
606
587
612
620
597
581
596
588
599
556
531
517
494
495
508
521
513
511
532
599
635
630
627
631
633
615
571
522
522
524
530
534
523
516
559
606
641
655
645
641
588
530
466
472
478
497
496
467
482
476
462
442
431
471
469
425
418
492
627
716
714
680
678
696
691
658
598
575
565
577
582
567
569
549
542
539
531
540
552
596
628
630
624
601
630
622
560
500
459
481
477
460
476
523
601
657
667
656
642
650
656
654
653
640
590
581
550
571
580
573
562
564
575
583
622
639
653
605
549
525
542
541
543
511
515
543
546
512
484
495
497
483
487
492
482
467
444
418
420
434
423
407
408
435
450
462
455
473
470
459
453
487
536
578
567
568
565
576
571
555
546
554
552
545
561
545
548
558
594
643
644
613
610
632
642
625
630
644
622
584
524
479
476
490
490
490
488
468
430
391
381
402
411
384
397
428
475
507
505
510
493
494
529
573
592
595
572
578
574
591
551
533
541
542
541
526
526
541
570
571
568
573
571
583
587
557
531
529
537
536
533
538
538
556
561
556
556
568
554
543
526
508
521
525
540
566
572
565
562
554
561
560
561
550
528
508
487
500
497
495
484
505
562
616
625
577
519
500
498
495
490
488
497
488
510
487
496
495
508
509
502
512
494
508
509
496
485
475
446
450
465
464
443
463
478
505
550
549
544
541
556
586
601
594
566
512
473
478
493
496
496
480
479
491
471
488
475
482
472
474
479
490
507
521
565
563
550
551
553
556
559
562
564
568
557
535
492
460
456
468
462
472
462
480
458
476
490
537
578
569
562
547
549
584
609
623
620
610
598
600
601
623
614
595
551
529
514
516
535
542
550
519
492
453
446
451
443
380
345
359
357
375
371
373
365
372
364
357
378
385
385
361
384
397
401
366
383
437
538
588
607
585
562
570
584
575
593
592
586
575
565
533
497
509
507
522
505
507
540
563
577
581
585
578
570
581
584
574
548
552
560
584
601
591
582
602
619
572
490
430
436
451
450
444
447
447
453
453
459
455
449
452
447
478
511
547
542
539
520
518
566
612
660
669
650
641
656
667
650
634
598
553
559
565
580
575
570
550
544
536
516
528
522
541
529
524
558
638
676
694
683
674
669
691
691
645
601
555
561
568
580
572
564
582
571
537
499
449
468
475
463
451
457
478
475
463
457
449
460
455
456
452
459
462
458
474
479
491
488
483
483
480
470
480
511
549
555
583
566
572
571
560
586
614
643
645
638
623
631
637
647
637
617
589
580
565
579
580
588
577
575
579
594
568
520
477
485
487
482
479
476
487
502
513
515
518
509
505
498
496
525
564
580
587
578
577
578
581
584
565
523
513
499
510
507
517
530
544
547
551
557
548
547
473
420
415
503
599
660
668
668
649
652
676
654
625
573
561
557
565
553
541
546
536
495
466
464
482
487
469
456
490
515
534
525
558
628
666
661
653
650
677
674
672
662
674
662
637
602
592
580
594
588
582
592
589
586
594
606
569
533
517
501
508
503
511
517
503
463
433
436
444
446
432
439
449
440
451
448
446
450
428
412
411
432
429
428
434
418
429
447
467
470
484
473
461
459
492
533
567
576
572
560
580
565
541
504
503
505
513
496
510
515
508
502
526
556
582
583
575
567
601
592
541
471
431
440
441
408
389
380
388
395
411
396
371
380
409
403
382
382
471
579
654
656
598
579
593
605
595
590
579
595
590
578
579
602
599
563
527
530
528
550
543
533
514
485
465
468
481
468
464
488
464
452
416
414
423
431
416
420
431
445
456
460
465
452
456
452
459
482
487
488
486
485
466
481
504
525
548
548
544
568
569
563
552
564
625
625
627
620
627
628
599
578
560
579
594
576
565
560
562
552
552
553
552
533
487
467
462
478
468
459
461
474
483
500
490
480
487
470
479
499
540
547
555
539
554
546
533
526
536
548
538
529
535
554
554
527
479
448
460
469
461
465
454
454
461
462
479
476
469
459
490
546
584
597
580
572
599
591
571
568
574
560
549
528
545
552
560
531
517
512
505
503
503
499
507
519
522
556
564
555
547
546
558
552
546
510
506
491
502
516
515
499
495
547
590
623
618
599
606
617
587
559
518
509
520
538
537
535
532
530
525
527
534
529
515
518
525
531
525
516
530
528
519
518
530
545
528
517
529
525
532
527
530
550
524
505
511
559
562
404
149
