656
660
602
584
624
649
607
569
579
607
607
584
575
592
598
576
541
506
515
505
514
496
519
559
624
646
625
646
642
640
599
521
471
471
462
477
511
578
641
634
622
625
624
636
617
621
646
643
621
615
643
642
586
521
481
468
486
501
487
475
457
442
448
443
441
456
465
454
426
449
509
625
694
702
683
672
664
600
563
558
574
578
573
568
589
583
563
546
557
541
544
526
529
545
538
539
532
538
544
524
536
551
589
607
629
632
584
501
454
460
481
477
462
513
609
670
683
648
641
664
670
628
577
556
571
569
571
563
572
586
614
634
637
623
626
642
644
621
572
534
523
527
537
542
537
508
486
469
455
462
462
456
471
483
483
489
481
486
470
475
510
561
597
607
589
594
588
594
568
561
553
553
558
544
553
561
575
589
615
630
633
616
627
636
630
588
546
512
499
495
503
507
503
473
461
450
452
430
443
449
455
420
404
385
393
402
399
387
379
395
381
377
383
393
393
392
377
380
394
378
380
399
469
499
492
491
475
485
484
505
542
581
577
569
564
581
573
579
569
559
552
537
539
536
541
535
542
531
544
547
525
546
571
584
573
569
578
564
575
565
546
539
528
523
543
558
560
562
546
565
563
573
557
560
545
551
536
526
510
517
522
518
511
529
550
572
555
560
562
566
552
534
540
581
601
594
606
613
609
577
512
486
491
495
491
497
489
481
461
459
454
484
460
452
456
476
520
545
542
545
550
539
553
571
586
597
596
593
591
583
596
596
599
589
591
594
593
563
517
478
486
492
510
492
474
485
498
493
482
488
481
481
482
476
496
501
483
478
479
476
482
474
477
500
527
564
556
555
549
566
537
497
458
454
465
452
450
463
461
466
451
453
477
477
473
457
468
474
478
472
472
474
470
462
474
474
471
462
473
464
461
461
502
535
554
579
556
556
560
554
551
582
623
628
575
538
521
535
534
527
519
540
536
517
488
465
466
467
464
463
467
455
439
414
404
415
422
420
407
401
390
402
385
369
384
388
375
382
392
441
462
453
435
432
449
444
448
438
451
453
416
429
492
572
651
643
584
527
514
518
521
523
533
526
542
573
585
577
578
564
551
550
549
557
548
549
547
542
560
583
606
615
599
597
601
612
622
562
486
435
435
455
451
434
440
453
474
467
463
462
467
482
480
501
530
546
530
510
525
576
619
666
659
653
654
651
671
662
654
627
594
562
564
574
589
574
545
545
539
526
514
511
547
540
514
523
579
657
683
646
588
562
559
570
566
591
586
553
501
438
448
461
488
463
457
459
463
465
454
471
468
465
456
450
462
460
480
487
493
480
476
494
478
509
512
539
540
542
533
534
552
549
535
543
576
625
642
632
633
628
650
637
615
588
571
592
597
567
517
481
465
485
494
479
477
485
500
509
509
520
519
490
492
518
556
579
570
563
563
564
564
560
572
576
559
521
508
498
511
513
505
505
521
579
590
590
590
595
570
513
472
456
481
479
482
471
483
520
558
573
578
598
607
621
619
608
617
617
612
597
574
545
533
551
563
545
491
470
477
483
490
482
488
510
521
522
522
530
543
532
504
549
612
670
670
654
650
655
659
624
597
596
594
589
592
585
597
595
586
581
593
585
592
579
589
588
561
523
512
532
502
472
442
423
440
453
420
417
416
444
434
423
421
436
468
469
487
475
505
534
563
567
555
560
570
573
550
514
508
502
519
532
557
571
571
570
576
586
578
571
572
573
579
539
476
442
462
466
458
446
466
472
476
469
475
482
479
471
451
516
580
601
603
588
598
592
607
593
602
602
599
586
582
600
592
604
592
598
593
570
556
520
530
538
536
513
478
476
471
469
477
484
485
461
435
412
421
436
438
420
417
434
453
462
459
453
470
457
448
453
461
455
447
443
454
463
444
441
462
478
486
486
501
532
562
563
557
551
565
560
572
592
623
627
621
617
620
612
621
614
616
616
618
617
609
594
578
570
578
592
597
603
569
554
547
550
560
560
550
552
548
557
536
491
475
470
460
467
459
474
489
515
490
481
498
496
486
492
474
490
499
527
550
557
536
537
549
554
550
543
531
548
534
538
541
540
545
540
544
543
558
566
553
551
571
564
537
478
455
459
464
465
445
466
462
473
476
474
465
469
480
513
544
579
579
572
569
572
594
588
563
572
575
588
567
558
546
549
539
541
525
510
507
513
511
514
518
531
542
552
552
571
564
554
544
544
558
549
540
511
501
504
503
499
508
511
510
529
575
630
622
582
542
524
526
531
519
517
528
527
523
514
526
534
526
534
525
534
538
537
535
522
527
518
522
528
539
532
540
535
525
517
526
543
523
507
525
528
537
510
514
558
549
399
153
