656
680
598
574
606
641
612
595
589
597
590
569
596
603
606
593
597
615
588
521
483
499
562
591
621
645
657
650
639
637
654
659
597
531
465
461
474
472
471
468
496
479
458
455
508
578
622
634
623
616
624
630
627
616
610
610
614
607
620
622
614
604
624
636
618
579
506
480
477
457
475
479
495
474
443
403
426
471
557
599
616
608
602
594
602
606
590
584
600
608
597
563
536
538
508
504
532
533
538
552
542
542
536
517
540
572
628
653
646
654
655
633
595
565
555
575
576
565
561
569
568
519
488
500
524
509
494
513
521
527
522
534
536
544
516
512
576
640
671
673
651
661
656
653
651
670
671
646
601
581
591
576
590
569
579
578
565
540
543
513
525
540
547
566
559
561
559
573
550
536
524
522
542
526
527
536
551
600
628
628
614
605
596
601
593
582
598
604
600
569
528
508
515
519
518
485
468
443
443
445
434
438
435
432
440
431
433
427
431
432
424
411
434
449
443
419
432
445
431
413
432
506
566
619
624
619
601
585
527
486
475
478
480
468
477
476
448
405
369
355
369
381
358
330
353
425
514
573
588
558
553
554
574
593
626
637
651
637
625
609
634
631
610
590
575
582
585
576
572
580
595
595
557
516
478
471
473
481
468
489
492
495
514
502
497
483
499
513
564
592
589
581
577
598
609
587
541
532
529
530
528
528
562
637
689
696
648
583
561
568
560
570
573
566
550
564
569
580
551
550
540
538
554
548
554
558
567
563
552
575
569
559
562
561
566
537
477
422
422
445
441
437
428
427
462
472
477
482
498
502
521
531
521
514
510
515
516
510
507
515
504
517
508
516
530
507
503
497
519
552
578
606
620
608
617
609
610
608
616
606
604
582
607
597
597
607
600
576
533
484
476
490
503
502
499
502
502
489
491
489
492
505
508
505
505
505
508
509
532
539
545
530
541
545
543
546
544
548
548
550
551
540
563
580
588
615
626
623
622
636
635
628
609
567
557
536
539
522
528
548
589
609
606
613
601
604
589
563
555
541
573
566
541
494
460
469
472
464
454
459
468
490
486
491
496
489
486
481
520
561
582
579
586
578
534
490
459
460
491
500
495
470
469
482
489
482
471
466
475
472
448
418
396
393
411
406
394
390
426
481
501
490
493
486
506
483
490
515
595
628
641
610
603
628
635
619
613
586
578
566
559
566
580
580
540
510
470
486
499
492
475
467
459
467
470
463
464
458
460
465
454
443
436
440
442
427
428
440
448
439
445
444
444
447
431
430
427
437
437
446
447
446
448
448
432
414
402
394
414
456
463
467
471
481
529
546
539
560
553
552
550
538
536
543
546
531
537
540
560
582
595
616
604
601
608
620
603
557
495
484
489
494
481
486
497
487
491
479
467
426
386
369
420
449
485
471
472
480
481
459
464
493
575
614
626
600
595
595
607
621
599
574
558
559
561
562
556
561
547
566
559
557
549
540
531
533
546
581
596
601
585
599
593
601
585
608
607
573
556
541
533
544
544
545
555
540
530
525
506
501
503
509
533
574
594
615
588
571
586
590
601
576
560
545
557
551
551
545
573
602
620
615
625
614
571
513
461
436
465
491
491
448
418
338
327
399
497
558
564
552
554
561
548
538
536
555
589
628
628
593
538
521
517
509
490
488
526
580
615
619
594
604
625
612
591
589
618
624
567
505
468
459
478
489
478
469
469
471
513
561
607
625
616
568
505
452
448
462
484
481
461
472
473
481
459
453
496
543
585
587
563
583
572
583
584
572
568
582
594
612
618
620
616
621
618
616
594
572
538
506
489
503
550
591
621
623
624
614
625
625
641
631
585
525
494
487
503
497
483
479
446
396
358
346
383
374
365
347
422
518
570
586
562
568
572
583
567
583
590
588
584
575
583
596
607
573
513
456
465
466
497
476
433
421
409
399
391
408
417
405
395
410
460
541
596
602
588
581
605
596
608
594
587
596
594
591
556
500
481
464
494
470
463
475
515
561
590
599
569
577
591
592
596
562
517
474
469
487
489
482
503
501
484
463
466
491
525
549
540
539
537
555
545
548
529
509
499
489
502
508
498
497
519
537
552
554
558
546
556
553
539
513
489
502
516
523
499
491
536
585
617
623
605
601
608
606
582
548
512
510
529
531
520
519
517
523
534
525
527
529
534
523
527
522
529
515
522
538
535
512
521
530
551
526
506
528
573
560
392
141
