647
676
603
592
614
631
604
581
577
603
587
576
589
591
595
567
523
497
504
502
507
507
506
547
597
641
645
636
612
616
629
637
639
598
530
478
461
473
490
484
467
477
499
490
471
453
467
511
576
628
644
630
618
618
623
629
633
622
622
630
614
613
626
621
626
621
615
620
595
555
519
500
480
462
432
394
359
338
364
369
361
338
358
428
510
552
576
562
560
563
555
577
597
627
642
624
596
570
563
555
559
572
575
560
555
557
580
573
562
563
563
576
568
560
575
570
568
570
563
579
563
554
548
575
626
656
669
647
640
639
636
618
578
526
526
531
548
544
528
538
544
523
518
501
489
499
504
503
496
499
484
455
454
438
452
448
440
450
454
454
411
393
367
360
360
343
364
366
370
353
361
382
380
349
339
409
521
590
604
557
576
597
610
591
578
588
601
559
502
476
480
494
479
479
500
494
475
421
416
413
415
413
403
410
406
403
422
415
414
403
402
411
419
409
410
427
425
412
406
463
551
606
601
586
575
591
600
608
596
578
525
484
468
482
492
484
479
476
442
413
417
443
477
497
491
491
493
477
482
509
556
586
577
569
579
598
583
533
462
407
408
430
442
420
421
414
419
424
413
425
430
414
415
416
423
428
411
406
434
427
412
422
490
620
693
688
641
610
602
565
502
435
438
462
447
383
337
358
375
379
343
355
411
513
555
573
556
554
557
556
547
558
605
622
634
625
620
630
621
619
630
632
633
623
610
616
631
632
628
618
628
635
635
607
586
569
561
570
564
571
545
552
536
523
526
521
522
524
515
512
539
569
596
599
594
591
588
586
608
602
575
511
472
470
487
504
477
426
414
418
389
399
402
399
423
416
425
405
390
405
460
570
655
659
628
623
641
643
624
604
594
614
608
602
602
613
619
579
506
483
486
498
486
483
488
491
505
502
511
501
499
511
524
554
587
614
620
621
620
611
590
533
507
499
527
526
492
487
538
598
634
641
642
633
631
584
526
464
470
478
486
469
462
480
537
592
653
665
656
651
654
657
646
616
591
603
590
593
589
579
598
599
587
579
590
587
592
578
587
592
583
603
591
571
554
518
500
512
533
540
501
459
431
429
424
442
442
446
442
450
443
419
399
411
409
415
377
391
471
606
683
699
661
674
688
689
647
600
587
584
591
593
601
595
566
506
469
468
484
490
475
469
470
486
492
502
498
501
538
585
628
635
616
617
614
624
606
625
617
601
572
541
534
558
556
545
546
556
552
566
559
565
527
466
420
422
443
455
424
451
468
494
479
450
468
503
566
596
607
604
592
566
542
525
501
504
496
506
507
492
488
487
498
506
475
440
403
410
427
423
420
421
431
437
428
433
430
430
439
446
466
465
456
469
453
473
475
480
453
419
403
401
391
391
384
411
413
409
405
401
416
450
472
471
473
450
468
487
493
514
514
520
517
513
522
497
509
537
580
612
610
593
601
605
593
595
607
609
606
601
616
621
612
562
506
477
465
450
432
411
413
401
418
414
408
401
404
465
539
594
608
582
589
605
591
580
602
609
623
639
637
635
614
583
559
531
475
439
423
435
451
442
449
474
479
483
479
465
483
490
480
469
489
553
573
568
564
561
572
568
592
602
607
618
622
597
572
551
546
558
581
594
591
603
578
572
601
599
556
492
451
457
462
455
444
445
444
422
396
404
416
407
383
373
473
606
681
690
674
666
642
604
558
561
564
564
563
558
575
556
545
546
566
533
486
451
456
472
478
478
498
520
524
486
498
498
506
519
553
601
616
601
575
589
605
607
547
510
467
460
464
471
480
473
462
446
462
458
452
444
505
579
638
635
617
612
634
647
594
550
524
528
528
532
527
529
540
556
542
535
543
543
539
540
533
531
528
531
526
524
526
518
536
595
607
606
595
583
599
598
589
553
521
531
547
545
545
540
541
520
512
512
520
518
519
523
490
504
535
571
603
596
580
572
590
602
582
563
535
549
566
550
553
550
571
587
603
607
630
604
608
595
608
611
617
563
506
485
470
479
489
463
482
477
488
491
487
487
470
472
464
462
459
472
469
463
466
477
466
471
466
489
470
475
464
473
469
461
472
468
470
466
475
489
475
460
465
500
553
580
580
570
575
588
576
590
585
594
583
542
534
546
563
545
524
507
512
519
512
514
530
554
561
551
551
559
553
546
516
496
497
507
506
500
497
500
518
587
612
636
617
600
613
616
593
546
525
524
523
526
527
533
520
525
517
534
538
528
528
510
527
540
524
525
536
536
520
527
538
524
524
516
523
540
549
507
508
570
556
377
150
