650
665
600
584
623
631
613
587
592
615
602
587
582
594
598
568
540
508
494
535
607
650
628
615
622
645
651
600
516
477
467
475
476
463
466
466
521
588
646
631
606
611
614
627
614
617
621
631
620
613
620
629
627
618
616
626
625
622
620
623
620
619
618
608
623
628
624
624
623
627
639
626
575
518
469
479
499
489
475
481
498
482
430
421
426
445
411
414
467
565
613
626
593
597
602
598
593
597
601
622
596
590
606
620
622
606
596
602
597
617
612
609
605
595
604
608
590
602
598
605
600
604
599
598
614
593
590
602
610
600
593
595
596
590
577
597
602
569
543
501
518
524
526
535
579
629
648
654
641
654
665
629
577
546
564
579
579
571
565
559
543
510
498
513
518
519
512
517
517
508
499
517
523
533
502
525
576
633
665
673
658
622
597
578
582
595
591
581
588
591
584
585
578
578
589
583
580
569
567
572
573
575
575
554
555
535
537
551
548
550
547
532
520
516
509
515
535
544
555
555
539
548
570
556
561
539
518
525
551
593
629
623
610
602
625
631
618
604
594
606
595
564
533
509
517
505
513
519
513
485
455
430
431
440
436
431
450
444
442
417
429
440
416
415
409
436
433
425
433
444
439
420
430
436
422
423
470
569
641
639
590
604
641
635
578
497
468
469
469
464
484
492
461
393
357
363
373
355
340
409
500
586
585
571
565
596
629
638
628
623
627
626
627
611
607
588
591
583
585
600
602
560
507
478
478
475
488
465
485
500
494
494
502
505
497
491
511
554
585
598
574
590
581
552
523
524
543
546
534
524
533
540
524
522
575
645
687
670
671
670
678
668
659
674
677
642
581
555
567
578
565
552
544
548
539
542
534
542
539
538
547
550
564
562
563
557
553
566
581
583
539
466
427
441
439
451
432
446
458
465
467
479
497
517
508
509
518
508
509
531
585
610
621
613
588
605
621
607
584
583
600
610
604
606
598
609
606
567
516
476
471
488
504
495
493
486
502
509
488
483
502
521
547
552
527
530
547
549
532
550
553
557
553
539
544
552
540
531
544
543
535
536
567
639
666
653
639
665
672
629
573
521
523
541
558
536
546
580
629
664
654
648
646
642
654
652
654
669
669
661
630
602
554
551
556
557
546
555
564
576
565
544
529
528
528
531
531
535
532
518
536
553
578
607
619
606
606
608
607
610
601
602
569
563
542
562
561
548
558
577
556
492
462
459
475
471
458
457
469
483
488
490
493
490
479
478
515
552
571
580
566
568
554
580
587
573
551
503
462
468
480
487
469
462
448
434
411
397
409
413
401
395
397
399
406
398
420
424
405
384
432
502
576
643
640
621
605
589
574
566
576
566
592
580
545
499
465
467
495
491
470
455
455
482
465
458
448
461
472
437
401
400
410
406
409
408
416
404
393
386
398
390
384
392
405
409
379
368
462
576
668
661
646
630
650
653
631
629
642
622
577
543
537
564
566
555
546
547
552
542
549
564
561
561
565
575
558
571
560
544
486
422
437
459
457
436
427
453
485
501
505
518
548
567
567
558
559
565
566
536
538
540
543
523
527
527
538
536
531
528
537
535
544
582
605
617
600
617
612
612
573
550
529
542
551
536
548
549
545
533
552
546
548
547
554
546
537
514
498
502
519
512
512
513
541
568
586
582
595
595
579
565
559
541
534
541
543
571
607
622
627
611
608
623
624
629
631
605
615
631
642
621
620
624
639
594
536
497
504
518
478
415
397
406
409
403
394
399
404
400
402
416
400
404
400
402
412
393
348
348
333
348
354
343
346
338
350
405
504
569
564
536
528
550
558
542
564
603
641
625
608
620
633
624
595
530
513
501
510
535
570
605
614
604
609
603
611
613
605
592
609
613
622
617
582
523
473
465
474
478
474
488
485
474
482
468
468
484
473
470
501
565
611
629
613
581
627
622
619
564
496
444
429
440
456
458
459
470
502
545
575
572
565
576
579
566
562
573
587
598
622
627
615
561
541
509
510
504
509
506
506
511
493
528
613
643
606
534
482
477
492
496
490
491
477
399
365
360
381
380
359
361
429
536
589
585
548
568
576
581
592
599
598
585
577
581
606
592
559
492
453
439
471
479
482
485
480
471
422
417
403
423
395
397
394
426
400
400
415
416
400
388
388
469
554
592
582
571
606
625
585
495
462
487
550
599
596
556
497
470
471
476
469
466
463
495
541
592
587
586
574
588
593
585
576
552
538
543
547
539
549
558
551
517
504
507
512
516
525
544
559
543
545
558
546
515
491
495
541
595
604
615
606
623
577
538
527
524
546
532
524
536
532
544
526
523
522
519
526
518
539
528
539
519
517
513
531
534
519
516
518
533
520
518
527
541
539
519
516
527
543
526
486
515
558
549
386
155
