635
666
598
592
618
624
602
581
598
598
595
589
584
575
533
499
501
525
535
518
495
505
548
607
646
646
632
650
670
664
591
519
480
467
472
465
483
563
630
629
608
616
608
615
605
579
574
612
607
599
554
538
497
484
495
511
503
482
476
544
619
649
651
637
635
666
645
584
531
511
541
567
565
535
543
546
547
535
532
574
615
638
620
614
618
624
624
598
578
568
568
562
573
565
568
576
560
565
571
578
564
563
556
590
623
652
647
644
653
660
656
599
545
525
528
545
549
527
525
536
515
510
492
482
493
502
489
493
499
498
491
473
490
491
505
496
487
509
499
471
441
408
392
411
427
438
418
408
385
342
360
358
362
355
358
360
363
365
352
360
369
370
372
360
364
339
350
414
515
581
581
549
544
564
573
561
570
589
591
562
501
461
471
485
494
472
458
459
452
467
463
461
455
460
452
430
409
406
408
419
414
406
407
421
419
422
416
470
541
584
598
574
579
586
576
572
572
573
589
578
565
575
570
574
584
569
584
574
557
519
491
486
493
481
491
482
492
494
510
488
490
494
502
486
482
516
561
602
583
560
556
588
597
533
465
415
411
405
422
422
418
411
415
427
420
394
419
484
608
681
703
662
660
683
705
663
625
583
561
567
573
573
581
566
539
524
511
509
513
520
517
508
498
515
499
503
498
491
484
494
506
503
480
482
516
546
569
571
567
558
559
577
582
605
620
610
612
609
618
602
574
574
555
563
565
576
564
574
577
570
577
581
574
548
540
545
546
552
544
544
554
545
533
516
528
524
533
525
530
562
579
591
590
603
595
590
589
592
597
559
499
476
473
487
490
475
464
498
488
464
426
404
423
415
405
398
421
444
460
462
478
477
479
454
481
533
596
657
655
645
625
644
646
667
633
596
533
489
468
494
503
492
479
501
495
499
497
508
511
508
504
496
504
545
561
589
591
581
590
591
582
607
626
617
627
622
628
599
540
493
507
523
514
487
496
544
609
634
634
632
615
588
532
473
451
479
532
592
656
672
658
662
663
661
663
654
655
666
665
660
654
654
658
652
636
641
654
664
644
624
607
595
588
605
602
589
594
586
595
595
591
591
592
595
592
585
551
549
508
508
525
544
536
505
462
445
430
441
435
447
440
437
435
431
409
405
406
418
420
399
402
478
613
696
705
655
648
680
693
660
606
581
594
572
587
601
603
551
511
466
477
489
487
467
472
470
496
488
508
517
500
487
534
586
633
641
614
617
618
627
623
629
615
618
612
608
636
628
631
623
614
622
612
610
611
627
624
610
610
627
620
593
565
542
555
551
541
549
555
551
515
458
421
420
437
446
438
433
413
431
417
447
466
480
483
474
483
485
474
480
492
479
478
468
513
579
612
612
609
594
616
621
609
575
570
574
561
568
587
585
546
509
477
509
501
507
484
501
501
482
456
426
425
432
428
444
447
447
447
446
447
447
461
472
492
493
482
474
483
485
488
469
475
462
458
447
456
456
453
453
462
480
487
491
488
494
488
483
488
494
501
485
487
490
502
526
530
525
517
517
533
578
611
616
611
602
616
620
611
562
509
472
470
485
476
481
480
482
461
417
394
388
418
417
393
399
450
555
611
612
585
601
643
647
636
637
639
624
582
538
555
567
574
558
556
562
570
507
459
421
440
436
444
433
442
440
431
431
448
481
481
480
467
476
475
472
498
540
571
574
554
558
554
561
556
558
582
609
613
596
581
554
550
550
552
564
600
611
595
577
600
616
604
565
487
436
432
450
455
437
442
447
465
448
445
464
466
467
453
440
437
448
415
380
401
436
419
381
371
475
614
687
690
664
649
667
691
691
677
648
603
561
553
555
560
549
564
569
532
494
454
461
466
462
457
459
468
470
462
499
506
493
487
530
563
597
598
592
586
553
517
455
459
482
492
476
477
475
471
439
446
463
472
443
438
504
581
627
622
598
610
634
623
593
549
529
538
533
529
536
543
555
546
547
545
550
543
553
550
540
521
526
540
520
539
518
541
572
609
606
581
547
534
545
535
547
561
551
552
553
554
542
533
534
551
543
538
543
533
542
523
513
507
507
506
512
498
527
578
593
602
587
580
592
591
591
594
591
603
608
580
588
583
595
584
600
586
582
586
595
590
595
583
575
551
528
529
534
537
533
538
545
584
613
626
588
537
532
530
529
515
505
524
527
520
518
521
529
516
503
514
542
567
594
601
579
567
580
564
555
535
521
508
494
506
510
502
501
511
528
545
561
551
562
553
541
534
542
520
497
498
500
504
511
503
507
533
564
548
523
510
523
539
539
524
532
542
534
520
519
530
529
525
519
519
531
519
520
517
521
538
531
531
540
525
519
516
541
546
533
516
543
545
520
510
527
544
528
523
519
542
535
496
524
573
569
389
154
