661
670
600
585
629
635
615
585
586
594
581
585
585
597
587
586
599
590
613
588
566
549
516
500
506
517
515
511
515
516
515
523
540
597
632
647
633
633
646
642
578
511
453
474
490
488
462
465
511
581
644
647
613
600
604
635
620
620
613
640
641
610
622
633
625
588
523
459
452
451
434
410
420
469
554
615
621
605
595
606
613
609
590
603
600
599
597
602
612
610
577
535
521
499
514
512
517
515
535
522
528
543
551
535
528
571
621
656
664
646
646
638
589
565
557
575
555
521
501
512
522
513
504
511
542
549
538
511
521
556
641
678
674
655
653
663
671
661
660
666
663
663
672
667
659
665
651
651
666
682
670
668
659
673
669
664
652
668
663
642
598
569
574
587
587
586
573
561
588
571
573
550
540
547
536
557
541
550
545
544
521
511
525
526
520
519
523
538
550
553
556
548
550
567
548
564
546
533
518
514
533
526
524
525
554
603
636
634
612
616
623
617
612
610
621
610
608
607
575
577
590
605
592
577
534
509
509
516
515
502
505
510
524
512
490
455
440
438
434
444
423
425
413
430
437
439
425
430
423
418
429
427
438
426
429
436
427
419
423
439
448
430
422
450
425
416
421
459
554
629
652
611
567
525
488
436
388
358
360
373
368
364
357
365
420
509
579
579
557
556
556
565
569
564
561
558
570
582
616
646
651
627
618
622
648
643
626
646
642
634
605
600
592
591
568
510
468
469
484
490
491
481
465
477
471
477
476
484
488
481
474
474
489
494
497
494
516
558
592
595
581
582
592
596
571
563
557
547
516
527
577
644
650
604
548
546
559
578
575
559
556
559
550
545
545
542
539
553
541
543
566
579
562
523
468
433
423
446
450
439
427
441
455
455
464
467
491
477
470
476
485
497
513
513
504
511
500
510
507
532
581
609
626
609
601
609
620
612
617
615
601
604
598
591
609
598
609
596
582
588
599
597
609
603
592
606
609
606
571
533
493
486
487
492
497
490
500
517
533
551
558
560
550
544
540
548
561
547
538
551
551
555
541
525
559
617
661
661
645
638
647
654
622
585
556
529
547
595
629
657
662
650
651
640
658
659
664
624
587
548
559
550
546
535
523
530
523
535
544
586
617
606
593
603
631
621
593
572
572
563
542
545
563
565
570
535
490
472
448
467
470
472
461
460
466
483
457
467
466
477
459
464
463
493
492
487
487
511
554
576
580
577
572
576
585
599
593
546
501
474
467
489
491
457
408
389
394
399
401
420
401
396
403
440
470
497
504
483
497
505
501
506
488
492
490
511
488
476
509
528
595
627
628
611
596
618
631
609
604
580
577
570
570
571
574
579
571
552
515
481
487
494
497
477
474
475
483
483
459
449
466
473
456
436
429
405
405
394
412
423
401
393
407
413
417
392
380
377
385
359
376
448
572
650
667
625
627
661
664
642
587
573
579
590
582
589
581
582
567
556
554
561
555
552
562
559
555
556
549
544
565
551
553
545
554
556
552
563
573
568
533
479
434
429
445
434
451
475
508
508
495
491
506
543
565
563
564
550
567
559
559
552
545
532
551
588
598
595
578
555
537
537
535
563
547
544
538
528
529
507
496
504
521
524
511
500
532
573
603
603
600
580
581
558
540
538
535
573
602
637
632
626
610
622
643
594
498
458
433
452
445
428
421
468
515
534
525
527
528
536
525
525
535
548
560
554
549
554
555
556
552
552
577
625
632
617
610
617
643
640
601
540
493
491
502
514
502
509
545
589
615
614
608
599
585
610
613
602
607
604
607
616
619
611
624
592
526
474
473
484
494
488
476
493
494
472
467
484
484
497
479
476
482
473
458
448
458
457
452
468
510
596
638
639
635
645
640
641
628
623
640
644
654
629
632
620
629
642
638
637
617
629
638
599
553
521
519
533
531
513
507
520
532
553
558
567
575
556
565
568
570
587
594
611
601
555
531
516
505
525
527
520
508
521
545
592
617
633
607
620
639
636
589
524
471
474
483
485
486
475
461
410
360
344
359
447
523
584
604
585
574
576
587
611
598
551
506
466
457
479
465
441
412
397
417
414
405
395
410
467
534
595
610
590
586
601
599
609
615
596
596
608
589
552
492
467
465
494
495
469
484
518
560
593
607
594
588
578
589
608
573
530
488
476
495
501
466
460
487
551
595
583
574
582
583
580
577
565
582
566
559
534
556
556
533
510
497
504
520
503
490
501
506
539
566
558
551
561
559
554
547
533
508
497
489
510
514
500
508
528
576
631
632
584
539
532
540
535
532
530
521
520
524
531
541
524
528
526
541
523
514
523
532
527
530
523
533
535
518
514
522
546
509
511
517
531
524
496
528
542
535
497
510
563
558
389
144
