621
638
564
576
612
599
530
499
521
536
511
498
516
562
600
616
627
648
646
632
635
655
660
585
506
456
453
488
494
454
448
498
582
633
639
625
625
626
622
615
613
646
622
568
513
478
473
493
487
471
474
468
462
450
446
442
456
462
455
431
456
512
619
699
706
693
666
668
689
692
680
662
626
578
563
579
595
582
570
573
587
570
553
528
550
542
549
540
538
540
536
529
552
589
614
612
603
638
626
573
510
462
469
481
481
484
481
475
471
460
525
608
661
680
648
635
647
647
620
576
557
567
589
572
558
568
589
579
571
560
569
583
579
579
570
585
615
630
666
654
613
557
524
525
548
548
522
482
440
453
464
467
464
460
459
471
463
465
451
464
475
465
461
468
466
461
448
458
471
478
479
478
495
476
491
476
496
555
587
584
573
536
522
526
538
539
521
519
570
648
692
703
668
663
679
688
664
619
587
591
596
603
589
552
499
477
482
478
494
483
485
465
422
396
399
406
413
406
408
422
431
418
407
423
470
547
578
584
573
581
582
582
582
574
547
540
529
539
540
547
537
534
560
563
574
579
580
570
563
545
539
528
529
544
539
535
524
532
551
557
546
532
517
514
521
521
530
518
525
532
560
556
555
570
581
573
550
513
485
497
501
508
490
500
493
495
486
491
504
529
578
595
609
595
594
606
590
558
512
486
491
483
491
486
514
507
479
462
463
463
457
465
485
521
540
554
533
523
545
561
585
596
593
584
574
569
588
598
589
576
580
596
602
561
513
474
494
492
487
480
470
486
472
466
478
500
545
565
566
553
553
557
548
578
561
526
484
458
452
454
462
457
453
469
474
466
466
459
466
451
447
450
469
468
454
455
461
460
464
461
465
458
474
486
463
466
481
469
473
455
468
484
542
574
581
574
562
560
566
581
594
622
617
589
603
617
632
620
574
541
534
530
531
532
541
532
535
511
498
459
454
467
475
440
417
400
417
444
424
411
391
388
380
372
368
391
378
364
387
412
431
422
444
449
438
409
411
490
605
688
705
678
654
608
578
567
572
583
578
578
587
574
568
573
560
557
553
552
558
568
566
568
562
556
560
560
571
569
591
598
624
620
558
491
449
439
437
458
453
451
458
445
455
445
444
453
462
460
463
459
469
472
465
457
445
480
521
526
537
516
543
548
523
512
558
635
679
673
659
658
667
642
593
551
556
569
574
577
571
567
568
574
557
554
563
563
546
524
509
529
576
630
664
691
695
650
576
554
561
571
580
580
555
558
525
480
447
453
464
460
456
459
460
467
459
456
458
455
451
455
455
465
462
457
474
478
487
478
478
476
472
468
500
535
575
586
554
565
569
573
590
617
631
647
625
609
582
599
588
590
582
580
589
578
548
512
484
480
484
496
490
475
508
485
501
506
512
504
515
498
494
508
512
553
586
571
556
566
573
586
557
524
505
516
513
514
511
511
499
506
510
554
590
606
583
572
579
591
580
553
518
526
558
624
678
695
667
653
673
675
642
581
558
565
576
565
531
547
576
575
534
499
485
476
489
480
463
477
501
515
523
537
532
524
522
526
538
529
511
510
544
608
655
671
656
646
654
623
586
582
583
605
595
583
583
583
596
577
580
591
586
555
510
513
500
508
503
499
507
497
453
428
440
438
433
430
439
450
446
438
447
436
443
423
434
437
446
426
418
446
432
413
418
445
470
474
471
478
479
469
469
490
534
559
554
550
568
582
570
555
515
509
506
505
510
506
520
514
512
527
559
592
593
586
538
466
423
431
452
445
437
436
440
436
439
442
451
443
400
381
401
413
382
374
459
572
667
675
641
632
654
657
654
640
650
647
648
655
647
662
642
636
631
607
597
589
601
604
588
588
596
594
599
584
579
597
595
603
593
586
599
582
598
605
577
554
533
533
544
530
477
482
469
482
471
480
477
484
475
453
436
435
424
423
428
427
433
437
446
463
455
442
456
453
462
458
457
445
457
455
442
453
469
479
486
488
495
479
471
479
517
551
565
577
584
604
617
625
607
610
614
620
614
612
606
577
538
531
544
561
554
534
502
503
510
511
506
496
502
500
498
510
549
580
585
572
563
581
584
547
485
451
460
474
470
468
471
488
486
476
503
526
550
556
542
551
561
547
538
521
546
544
542
534
538
535
556
562
567
585
572
555
561
589
557
527
479
450
449
470
464
458
457
451
470
462
463
456
450
462
463
462
460
462
460
454
458
459
457
455
461
455
467
476
468
456
451
464
459
470
474
471
467
460
472
473
481
492
478
478
477
480
460
462
516
555
590
592
588
571
585
599
588
569
581
594
593
574
550
539
528
548
552
562
549
536
534
511
500
499
511
501
505
516
534
555
551
541
542
559
558
531
544
565
537
515
508
515
521
504
514
524
575
623
620
601
603
611
614
596
539
520
518
536
523
515
522
525
532
528
536
524
525
529
522
519
523
540
537
523
533
541
530
525
521
535
520
530
539
549
536
510
525
547
535
504
504
560
548
388
153
