633
648
607
594
630
634
604
581
591
605
590
557
536
523
507
532
591
646
671
646
643
665
662
648
576
512
462
456
464
480
524
579
625
638
614
616
626
629
626
614
618
607
618
627
635
634
593
547
516
518
531
534
513
503
522
528
517
484
475
460
450
447
464
470
468
438
385
360
369
361
361
352
360
349
366
356
354
368
362
367
369
364
359
348
359
413
504
559
576
567
555
548
557
561
546
558
559
551
547
545
552
561
555
560
559
583
599
619
611
620
611
627
625
623
602
627
630
628
597
557
565
557
558
566
558
564
563
556
581
564
561
562
574
563
569
581
617
656
648
648
648
650
643
614
568
519
515
529
543
530
522
519
533
487
470
443
414
425
412
413
431
420
397
376
369
365
371
349
358
417
507
563
577
576
562
573
584
571
576
585
599
585
586
589
597
568
524
496
489
505
502
468
432
396
397
398
406
407
398
402
403
413
411
403
416
418
416
385
380
452
535
595
587
530
466
444
445
436
440
430
431
436
439
435
440
448
429
441
450
463
487
491
481
482
483
522
545
589
588
579
565
567
586
603
577
536
461
414
397
430
434
428
420
412
426
431
410
401
415
434
414
394
410
488
591
667
699
679
676
670
685
678
653
600
574
578
577
561
522
503
506
514
522
508
503
505
490
492
491
495
494
494
482
495
494
497
497
503
505
488
488
493
501
487
491
499
495
496
497
492
491
492
479
495
494
498
503
486
494
504
509
492
494
512
554
580
571
574
568
560
573
586
574
578
587
615
612
614
610
621
620
601
581
555
549
553
555
536
536
526
504
508
510
518
520
496
513
531
559
593
600
592
558
512
479
485
489
487
455
418
409
404
418
396
417
408
409
404
402
391
412
424
413
408
411
474
560
605
621
605
596
616
621
617
610
611
618
617
613
607
602
607
599
588
592
592
584
593
596
598
590
583
587
580
607
588
597
584
551
524
524
553
583
596
588
585
592
585
573
565
560
564
559
557
569
610
639
628
606
610
628
621
579
541
510
510
498
499
543
595
645
654
640
650
643
603
534
491
479
472
483
534
602
680
683
654
643
661
677
660
615
604
598
604
606
590
605
591
583
583
599
586
594
589
601
608
582
530
525
518
531
512
520
521
516
484
452
450
442
431
420
412
405
386
388
482
605
699
694
651
646
679
682
660
611
581
593
588
583
569
600
589
563
511
477
471
483
485
478
478
489
490
510
511
498
514
500
502
495
545
594
608
569
528
528
554
568
519
460
428
440
444
441
446
441
441
457
475
485
486
469
473
530
588
612
618
606
601
617
619
614
604
617
604
600
611
600
615
611
599
617
623
613
592
565
571
585
584
561
514
487
496
499
498
493
488
482
446
423
416
431
432
422
426
432
436
422
415
414
440
435
431
424
438
441
441
445
433
436
437
432
429
440
436
433
447
449
440
441
437
441
438
429
426
431
441
444
429
431
436
435
435
430
436
439
433
430
451
461
466
470
464
469
461
462
419
400
399
431
458
482
465
465
481
474
471
471
498
520
528
503
504
546
578
626
621
598
606
614
607
608
611
609
575
510
476
478
495
471
414
396
399
431
411
391
390
460
546
597
610
575
580
607
641
643
639
637
642
643
632
609
579
549
533
542
564
569
543
513
467
443
422
440
445
439
431
441
453
474
495
490
472
467
486
502
545
564
568
560
557
578
595
613
614
622
615
619
606
597
608
567
552
548
564
553
560
541
559
571
578
591
592
593
587
584
600
625
570
492
451
434
447
443
458
450
449
442
423
407
426
414
381
395
470
601
694
702
651
594
551
549
568
568
540
492
458
461
467
475
472
456
457
483
487
496
494
491
503
507
512
502
513
509
496
485
515
566
595
593
589
605
600
558
502
470
470
488
484
470
454
468
487
478
448
446
449
471
453
447
449
503
595
643
633
610
608
619
594
554
526
535
546
532
522
517
529
534
542
540
543
545
543
536
550
540
524
517
528
524
532
524
533
533
530
524
531
532
534
530
523
536
534
532
539
529
535
522
523
519
533
535
532
521
534
527
521
523
519
540
527
519
529
555
578
602
612
589
587
605
604
606
585
554
531
543
552
557
555
545
537
541
538
528
518
503
512
499
517
511
514
507
510
502
509
490
527
564
596
579
558
535
543
558
549
544
538
559
546
543
534
559
601
625
623
612
603
626
623
577
514
483
482
489
495
493
472
463
477
476
467
457
458
487
530
554
549
542
550
545
538
513
485
500
498
505
512
507
490
507
508
539
551
557
561
541
540
541
545
549
544
515
499
501
505
509
491
490
520
508
498
502
534
584
616
641
612
596
575
554
528
510
521
540
534
525
524
538
532
517
521
544
539
528
520
518
527
525
536
529
540
537
518
521
500
521
517
527
530
535
528
519
534
543
535
495
517
579
556
387
138
