651
662
603
575
617
647
633
600
611
613
604
583
584
608
605
593
574
537
518
506
510
519
520
529
504
520
525
528
506
499
511
555
609
630
648
645
648
591
520
469
463
475
469
473
466
469
479
471
462
472
491
494
460
472
531
594
624
625
627
610
632
619
612
630
615
626
627
631
632
619
615
624
639
575
509
463
479
478
476
478
470
483
483
462
440
426
411
413
412
470
553
610
623
601
600
605
609
601
597
598
596
590
600
597
575
543
507
509
523
535
516
516
521
529
533
535
549
538
541
555
555
534
518
572
614
642
654
668
659
638
592
553
556
570
576
568
560
561
545
523
513
517
513
519
510
518
538
520
561
629
675
678
648
637
665
675
635
588
571
588
584
581
555
575
588
564
553
555
550
528
522
509
527
521
532
540
554
538
547
543
563
568
551
530
524
527
528
528
520
553
597
617
616
624
615
609
614
612
625
630
625
611
600
596
596
592
588
592
599
586
571
531
504
493
495
512
531
481
463
435
444
432
444
444
435
449
451
446
435
422
442
431
428
438
441
425
437
431
441
440
437
429
431
427
479
576
641
623
609
591
615
620
602
589
606
619
614
601
606
605
620
604
614
613
624
620
612
617
613
610
594
612
624
617
615
627
624
569
499
463
480
488
494
465
466
486
474
456
465
493
488
449
398
363
370
360
363
412
517
584
584
540
575
638
643
618
586
564
588
606
588
546
500
482
459
485
483
479
482
485
508
503
491
488
502
537
568
591
597
596
577
556
528
529
536
529
522
535
529
579
645
678
677
660
652
673
689
666
644
591
574
551
553
552
557
550
539
544
546
543
544
542
553
556
553
544
562
578
577
528
475
438
430
448
437
437
441
441
464
446
450
444
447
440
435
448
448
440
449
478
475
467
471
460
480
471
473
483
488
513
514
508
508
541
580
598
614
605
608
610
598
602
604
608
608
564
521
490
477
497
495
494
495
502
507
502
481
482
487
492
488
495
483
497
499
493
479
486
495
487
496
488
488
486
491
481
490
498
502
508
501
506
496
493
502
524
544
542
532
541
549
537
534
563
621
666
664
628
628
650
663
624
552
547
541
546
531
547
571
634
668
661
654
656
651
653
621
586
565
548
562
560
576
570
561
544
525
523
520
533
522
532
552
577
605
617
611
611
618
620
588
567
556
568
589
538
484
473
464
480
477
477
468
471
494
516
502
508
490
487
517
558
587
583
566
570
578
584
570
565
573
573
562
559
563
572
589
577
549
507
487
480
479
474
470
493
475
462
422
400
399
406
405
391
398
429
476
491
499
496
491
487
494
490
485
494
526
574
627
634
634
617
625
626
633
622
614
630
626
603
618
624
615
612
582
571
563
576
568
572
575
533
496
480
499
488
482
472
492
500
492
469
451
448
465
460
451
448
419
398
400
416
412
401
399
394
407
409
402
404
405
408
388
400
400
396
381
390
420
397
375
377
442
566
647
658
636
624
652
652
640
636
641
649
630
627
642
629
645
632
647
650
638
631
641
643
632
576
560
571
564
562
551
557
564
565
560
539
545
544
543
536
535
548
547
553
560
561
561
565
567
567
537
485
443
425
444
446
444
440
438
456
474
492
502
484
490
504
515
516
485
487
510
550
581
566
567
570
568
567
578
567
552
554
549
538
542
540
560
561
563
550
560
548
513
505
500
521
506
498
504
538
564
588
601
588
591
586
583
581
560
549
525
541
560
609
619
638
634
642
591
514
478
468
486
492
478
474
441
398
367
353
340
357
404
486
554
568
538
528
562
570
567
544
551
565
573
602
628
643
635
606
604
631
640
594
534
492
503
511
513
500
502
538
580
612
619
617
601
618
609
611
604
616
603
598
590
621
614
576
520
470
474
500
510
486
480
481
475
471
485
486
489
492
478
474
489
476
480
490
480
471
489
489
482
458
446
496
583
616
618
608
628
629
577
494
442
454
459
461
441
446
467
453
439
445
439
458
462
468
481
476
450
463
507
561
587
579
562
573
579
573
575
587
606
623
612
606
610
609
607
575
545
521
515
522
514
518
521
502
506
532
578
635
644
624
581
545
504
493
481
495
494
452
395
372
373
385
377
368
383
370
358
356
415
522
576
584
577
578
592
593
573
590
598
584
595
572
595
600
597
548
495
462
462
467
475
486
477
491
462
432
397
394
416
410
398
407
451
551
611
604
593
592
599
606
607
604
582
517
465
457
475
495
464
464
502
575
599
595
589
572
546
504
457
461
472
476
479
491
477
477
473
480
481
495
470
468
508
570
595
588
588
560
554
554
536
526
509
514
512
510
503
506
513
536
562
578
563
565
549
548
545
528
520
503
502
507
511
499
532
586
625
620
595
602
619
633
602
609
625
616
585
539
534
537
540
541
523
520
523
521
515
529
537
537
540
534
523
520
522
530
535
535
522
523
515
510
529
536
537
518
513
533
539
532
521
518
541
529
514
527
549
521
502
519
577
566
401
147
