647
680
609
580
594
598
580
576
592
613
576
572
574
542
509
501
526
528
526
502
535
616
644
630
609
646
650
650
584
504
464
450
475
522
577
623
631
614
607
615
617
620
607
612
607
628
614
586
549
532
523
528
523
516
521
507
490
449
440
471
469
435
370
349
367
383
370
334
349
411
507
553
571
602
618
622
626
625
633
624
635
625
600
581
559
546
565
569
560
560
571
571
568
562
574
573
576
557
555
588
630
648
653
649
644
604
557
522
529
528
531
530
538
531
507
492
479
504
495
491
478
470
446
401
399
402
426
416
406
417
421
414
406
372
368
347
349
362
384
367
338
344
403
532
598
592
588
573
581
589
583
580
553
504
481
478
479
464
411
404
418
444
432
418
424
427
424
411
408
434
425
396
405
487
580
635
625
610
614
610
583
523
484
481
471
483
471
465
466
474
490
472
448
412
400
406
414
409
406
401
424
404
388
384
424
478
513
498
499
535
570
616
601
594
554
466
422
410
443
441
428
411
429
446
432
395
410
515
629
656
611
561
563
566
558
518
495
515
513
491
486
494
504
499
503
529
559
584
560
561
564
585
594
612
635
621
613
607
620
635
617
604
583
577
575
570
561
554
546
544
547
549
530
527
529
529
527
529
534
533
530
524
535
575
601
595
593
586
598
598
569
519
494
486
479
481
496
490
489
479
491
490
461
426
396
393
419
419
413
408
403
392
386
398
410
412
388
399
442
524
574
576
558
564
580
566
561
561
561
573
560
565
566
562
555
566
588
591
589
585
597
588
599
599
586
586
594
601
603
598
601
594
563
522
490
476
498
498
487
477
474
494
486
513
511
519
505
493
498
523
569
596
582
579
567
578
589
573
576
565
578
587
579
583
612
620
638
624
594
533
494
487
501
508
495
495
538
600
659
622
606
609
654
656
591
516
458
482
476
485
527
609
686
677
651
649
660
667
636
598
586
595
597
595
586
601
589
598
582
598
603
596
592
587
607
591
581
569
543
514
510
526
531
520
514
489
459
429
422
436
443
417
385
404
427
442
399
399
480
621
698
669
598
573
574
594
575
581
585
559
509
474
458
476
485
482
483
502
514
496
484
526
583
645
637
614
615
629
626
615
617
614
635
628
598
576
542
544
538
557
556
546
515
472
430
425
445
446
439
430
434
481
494
490
482
480
487
481
477
475
516
581
620
613
606
607
598
587
572
564
573
594
550
507
485
479
486
491
493
492
482
448
416
403
413
434
426
423
421
437
452
434
427
431
432
432
432
434
434
429
428
428
434
431
439
425
440
435
433
421
433
430
440
433
430
401
391
373
368
387
392
379
385
398
433
466
462
462
469
490
517
514
509
527
502
497
503
538
590
618
611
599
605
605
619
606
620
597
601
598
611
589
515
487
474
494
493
474
476
466
445
395
389
452
550
599
599
585
594
597
587
581
612
628
653
635
648
654
619
573
539
543
572
556
522
463
442
432
443
449
435
432
441
438
431
442
439
443
449
462
478
481
454
464
507
536
576
572
552
566
590
600
619
620
612
609
600
609
600
586
543
549
551
556
548
551
555
574
573
570
572
561
550
530
537
549
548
543
547
536
546
535
534
544
559
537
553
547
548
546
548
549
537
474
437
431
450
448
409
417
496
619
685
688
656
656
668
685
678
640
579
556
547
569
577
533
483
450
459
474
473
470
457
466
469
476
466
464
451
462
465
484
486
509
517
503
480
492
529
559
585
596
589
586
587
592
585
564
495
469
467
480
486
469
474
474
472
444
447
500
585
638
639
609
603
629
624
631
629
626
641
615
583
545
532
523
518
527
531
531
529
542
545
549
543
539
554
544
533
529
528
545
553
525
528
553
591
609
604
599
583
605
609
598
599
598
606
610
613
604
582
556
535
545
547
553
526
504
486
513
515
505
499
505
530
571
599
600
590
591
593
572
564
536
559
551
546
543
571
599
633
621
596
601
630
626
587
526
476
463
488
492
486
466
464
469
504
552
571
574
577
579
589
581
580
555
555
543
551
543
532
558
554
550
517
518
512
516
508
497
490
515
531
552
549
561
551
549
520
511
492
500
512
513
515
500
492
513
510
496
492
538
594
613
618
612
613
614
590
541
528
517
530
525
534
539
527
516
524
535
535
529
535
529
529
518
527
535
528
519
521
527
543
520
512
518
552
546
509
520
565
551
390
147
