659
661
588
581
619
640
600
581
587
611
593
598
562
517
498
537
594
650
649
616
625
653
670
645
583
520
455
453
498
591
646
640
610
605
621
622
615
596
622
623
586
542
520
509
508
516
532
523
504
480
458
457
449
453
467
458
444
394
347
339
359
370
362
347
353
422
501
564
582
596
618
631
625
617
626
629
634
633
601
573
564
565
562
569
581
566
555
564
558
580
591
626
657
663
657
609
568
529
542
535
536
519
527
537
533
537
540
533
507
485
484
497
502
480
461
434
422
430
419
423
430
431
426
418
428
413
417
392
385
347
342
363
427
520
586
583
563
562
572
568
593
585
596
598
580
588
601
594
559
522
519
497
505
482
479
489
479
484
459
455
451
465
460
460
436
461
462
451
414
398
408
422
404
392
409
419
413
381
398
463
545
594
600
579
557
513
496
477
490
501
461
429
419
419
421
438
417
425
417
433
426
465
496
496
488
478
487
513
556
570
578
578
579
529
465
389
412
426
446
425
414
433
440
412
413
478
608
684
684
662
637
672
671
662
659
691
696
658
595
563
550
547
515
506
507
523
522
519
512
502
490
503
488
498
514
541
561
571
553
556
558
563
567
566
549
565
552
567
568
565
568
604
624
633
627
621
613
617
616
613
580
567
554
572
587
556
548
543
538
553
532
542
542
540
556
550
545
531
536
526
524
512
509
526
552
573
599
595
586
581
589
589
580
588
585
588
604
598
602
600
589
605
601
581
589
601
581
589
590
581
583
595
599
583
597
602
568
509
470
474
495
500
468
475
484
479
455
419
411
405
400
409
403
421
416
400
397
453
562
633
645
623
606
630
626
618
607
600
621
607
619
603
607
614
604
612
616
611
614
607
609
621
611
606
603
601
602
609
611
617
605
608
604
616
614
607
592
614
617
613
615
604
619
609
581
507
476
476
482
483
484
471
478
503
510
503
500
528
573
597
597
583
584
575
577
582
595
580
583
584
579
586
568
570
579
605
618
614
627
608
603
565
526
496
495
502
521
506
505
507
547
592
622
623
598
611
631
615
570
525
474
474
489
482
487
494
471
477
513
591
668
675
661
648
675
670
661
631
608
591
582
584
596
588
584
596
597
597
601
600
597
591
593
600
595
571
538
507
520
525
534
520
518
513
505
455
440
433
443
434
416
430
454
437
417
412
419
417
402
389
478
595
685
672
664
674
671
654
607
584
591
551
516
470
474
489
487
485
486
497
503
498
499
507
512
517
487
492
535
585
623
624
608
618
599
577
542
535
562
559
519
479
435
424
434
426
443
410
427
434
443
430
433
441
430
437
427
428
446
468
485
473
480
494
474
476
510
583
619
613
582
564
568
570
578
585
578
550
519
492
489
508
512
479
475
485
502
500
495
493
484
480
449
435
419
433
422
426
434
431
429
420
420
436
422
433
432
447
458
479
475
467
428
410
401
408
407
406
386
413
413
442
464
463
470
480
484
520
527
513
511
505
538
577
603
615
607
614
604
604
605
602
616
619
596
604
625
635
588
515
471
475
488
475
427
392
415
434
412
366
378
446
549
612
606
584
572
599
643
649
646
632
630
630
633
632
645
638
617
577
539
541
543
549
541
556
542
554
554
540
550
566
559
518
464
433
434
443
443
430
430
430
452
471
479
479
479
483
475
479
469
505
530
561
565
563
561
555
555
558
572
604
618
612
607
601
613
623
625
595
562
561
539
560
560
543
544
564
572
589
610
604
584
566
597
605
558
488
438
436
459
460
452
435
461
450
418
405
472
603
681
693
662
649
685
670
615
576
559
553
545
549
563
566
548
487
451
463
471
466
465
464
497
507
491
492
527
561
599
594
580
570
578
593
586
550
498
472
475
458
459
443
455
463
457
450
435
467
460
449
449
456
467
444
452
503
593
629
606
601
618
642
600
554
517
524
547
546
523
521
548
546
527
547
552
552
548
554
555
544
553
541
541
548
539
534
544
544
520
516
532
572
584
616
611
606
596
603
605
600
577
558
551
557
561
532
481
457
468
469
467
458
462
465
463
467
477
468
456
478
469
471
464
460
496
507
553
548
525
530
536
552
533
540
537
547
555
581
603
592
578
592
595
567
522
481
481
497
486
481
480
493
496
487
471
466
464
471
476
466
467
449
456
488
547
586
584
579
573
586
585
576
571
550
548
553
546
549
547
547
533
518
507
505
500
502
509
514
517
544
564
558
570
544
558
565
547
510
506
507
509
490
496
506
505
498
509
537
580
619
628
594
556
523
530
530
521
518
521
528
526
538
522
516
536
539
519
511
528
540
544
529
522
525
536
517
514
518
529
523
499
523
533
531
502
513
563
554
394
141
