632
654
605
579
585
551
515
502
529
530
514
525
586
640
657
631
628
643
647
648
646
632
595
519
471
457
479
495
479
467
467
517
576
630
636
616
610
618
626
609
614
626
630
589
511
471
494
494
500
500
475
483
476
474
477
482
468
447
401
408
420
420
416
408
424
453
512
564
551
535
542
549
558
542
570
596
627
636
613
602
625
614
594
559
559
566
557
564
553
569
561
558
564
577
560
554
559
570
601
638
651
655
644
650
659
641
639
653
652
652
639
648
659
663
615
555
532
525
532
535
531
531
547
523
501
479
488
498
495
490
490
474
443
407
402
425
431
416
401
374
366
358
360
373
361
343
347
431
522
588
578
558
545
574
581
570
560
573
583
570
576
593
600
581
539
512
486
494
491
489
494
500
489
467
442
449
449
445
454
452
439
428
412
421
414
422
411
424
407
418
429
472
488
489
473
475
486
489
481
472
506
541
569
577
565
574
577
571
566
577
580
539
491
469
470
485
464
445
430
449
470
506
488
497
498
500
495
484
506
546
585
581
575
564
585
581
530
455
409
398
417
417
420
419
426
417
427
423
402
412
480
607
683
706
680
631
594
574
545
525
511
521
519
510
498
507
510
505
508
499
491
493
496
493
482
515
555
585
580
562
564
570
569
554
553
564
607
619
629
601
611
622
635
629
615
621
623
612
621
611
621
617
603
586
570
575
572
574
574
556
562
544
526
532
545
551
553
540
535
526
533
517
526
511
506
525
575
599
595
577
571
602
605
569
507
478
503
479
478
472
477
474
485
471
482
488
469
478
477
463
427
398
395
405
413
393
396
422
408
401
417
419
415
397
402
463
571
640
652
616
618
622
628
630
612
615
609
602
616
605
604
615
620
629
595
519
475
473
490
500
491
475
476
490
494
496
503
505
506
509
502
503
508
550
590
595
587
577
584
591
586
581
590
598
609
617
603
600
608
626
630
609
582
547
506
496
512
518
497
485
492
554
616
620
624
623
628
593
515
468
480
484
467
457
503
593
658
668
639
615
609
604
590
604
607
605
590
600
600
600
595
592
611
603
574
540
508
511
518
525
521
541
531
495
445
432
439
441
443
435
439
434
428
442
446
443
430
435
431
411
403
400
410
414
397
402
471
595
689
700
673
656
686
707
677
634
597
577
571
566
566
590
600
558
512
464
473
475
475
490
481
484
481
484
478
480
492
501
514
499
481
490
522
572
627
641
635
607
610
630
627
599
556
538
542
541
537
553
562
558
520
472
432
429
436
425
434
453
478
487
484
480
489
478
481
507
535
589
596
593
593
592
570
558
550
559
560
559
551
552
547
573
625
637
593
533
468
489
496
494
449
445
465
478
456
463
470
475
440
417
403
403
419
402
388
420
460
482
478
454
475
503
546
593
591
590
588
587
581
587
605
628
654
664
640
592
564
518
512
521
540
552
548
523
488
456
443
450
455
449
456
462
447
441
431
506
617
713
713
702
695
712
711
697
696
709
725
669
595
553
556
577
583
568
570
525
467
424
427
446
449
428
447
466
479
479
477
474
472
476
478
495
489
472
472
507
555
575
577
555
557
565
587
601
617
623
615
610
599
580
560
539
559
571
555
546
570
589
599
605
595
596
597
594
564
498
453
437
450
456
458
438
438
438
392
374
396
482
603
694
695
660
649
670
687
671
625
576
554
545
556
568
574
526
483
458
467
457
454
474
498
512
508
500
525
564
596
610
596
559
504
460
468
474
482
453
463
473
472
472
457
471
477
452
453
469
477
465
439
449
511
584
625
622
630
623
600
563
526
523
532
538
528
534
535
543
540
531
541
534
546
528
526
532
536
541
533
509
516
543
573
605
608
607
590
594
606
601
598
590
549
545
541
547
551
553
546
547
532
546
551
543
542
551
548
532
526
527
518
517
504
501
515
510
498
507
524
568
586
586
575
587
583
587
580
574
543
525
523
571
628
667
667
648
648
679
673
667
662
656
668
656
661
667
681
671
665
661
663
681
682
675
630
585
546
543
562
556
553
539
556
515
506
487
506
511
498
494
528
572
604
604
593
594
597
612
605
584
564
545
545
553
563
552
550
541
556
560
541
515
498
506
518
512
507
513
492
503
506
525
553
559
558
548
541
533
557
561
560
542
518
503
499
496
505
492
504
516
522
537
544
531
526
523
517
524
533
538
536
540
516
518
509
523
519
521
532
542
534
534
529
540
534
525
516
527
558
533
513
532
543
534
507
522
546
532
510
505
570
555
394
136
