648
670
604
587
595
613
598
579
580
613
608
591
550
530
501
485
495
508
502
505
480
487
545
618
701
714
669
649
670
704
686
644
591
555
555
555
560
568
585
538
476
448
418
454
446
422
435
489
569
616
625
603
594
608
604
591
598
605
618
625
593
604
625
626
575
513
466
475
480
483
473
471
462
436
444
462
449
426
418
515
640
699
700
680
681
702
656
604
561
565
577
579
586
566
559
546
539
522
530
535
558
592
613
613
610
624
624
616
608
594
612
607
627
607
576
518
483
462
485
472
472
507
602
681
690
667
632
656
664
660
633
588
556
560
548
567
576
585
594
617
624
611
601
628
624
584
530
495
500
506
501
492
497
507
513
515
500
505
484
478
486
484
479
475
509
557
600
603
587
583
590
587
583
591
604
594
588
560
558
560
556
558
559
554
545
568
606
632
634
629
617
620
628
623
625
630
630
576
523
484
454
424
392
391
413
417
398
398
417
472
503
519
509
500
490
495
516
550
591
594
583
575
578
590
599
570
565
561
566
578
580
564
578
564
567
540
534
533
537
557
570
562
572
571
561
572
567
560
529
518
518
530
519
526
518
520
526
529
547
557
560
551
565
557
569
557
542
497
463
528
576
616
584
519
468
469
505
512
491
484
480
470
464
451
454
476
520
529
549
534
533
547
545
552
552
583
600
604
596
572
586
595
606
581
513
464
474
506
508
486
492
486
497
493
480
474
478
491
476
472
493
532
566
557
552
554
561
561
535
491
461
461
469
466
460
478
459
474
478
467
472
469
494
529
561
567
554
553
562
574
584
591
622
618
616
598
601
618
614
567
531
515
522
535
527
536
532
535
524
523
534
533
504
487
469
471
452
428
430
418
418
401
400
417
425
419
422
422
403
381
387
410
420
438
450
452
450
426
422
501
579
635
639
617
590
630
630
626
585
557
536
524
515
521
545
578
592
570
564
565
565
559
566
572
550
535
543
574
608
560
480
445
439
455
451
439
440
451
464
454
466
479
515
532
530
531
532
521
532
570
625
647
664
660
654
622
596
560
561
572
579
582
566
561
537
530
520
519
531
537
522
515
523
579
643
686
686
685
676
679
655
601
552
567
583
553
491
450
451
456
472
459
455
463
462
456
454
448
456
478
491
510
525
519
497
493
512
553
618
647
669
644
648
651
663
665
662
649
616
598
588
584
590
579
580
569
569
560
551
550
563
546
521
532
553
559
544
530
534
546
561
554
549
550
558
545
537
530
509
504
510
511
512
500
538
571
575
589
579
588
594
580
562
535
537
528
527
516
527
529
528
530
564
629
670
668
654
649
663
658
626
583
554
571
548
562
559
567
572
563
570
561
564
549
551
551
572
568
551
549
557
561
568
560
557
550
570
554
551
560
569
547
510
475
467
485
492
481
467
476
488
509
515
521
548
616
664
666
653
638
647
666
662
637
600
602
598
592
593
598
584
597
589
577
581
572
570
587
581
561
534
524
522
517
512
511
511
499
473
438
437
437
450
433
431
445
457
446
436
434
442
441
435
430
436
442
434
422
431
433
432
421
423
431
437
451
469
478
481
475
473
485
479
479
466
491
538
571
555
503
502
504
523
512
510
510
505
511
511
516
519
513
504
512
529
570
582
605
591
573
583
592
587
544
489
448
426
397
381
382
406
411
372
373
452
580
671
665
637
633
651
661
636
606
591
584
594
599
591
600
600
605
608
595
584
594
612
601
575
539
516
518
533
528
529
540
504
479
458
456
480
477
465
449
438
421
418
419
436
430
410
421
418
448
448
455
445
441
455
453
454
458
481
480
479
482
493
486
479
482
512
525
558
569
560
561
572
608
631
634
620
597
578
573
588
598
593
590
584
580
580
567
564
579
574
588
593
578
571
557
553
547
561
541
522
483
467
474
482
483
466
453
472
481
491
486
481
482
482
489
503
480
472
482
504
531
553
557
543
546
545
548
540
546
553
533
536
527
554
565
570
571
566
568
560
561
581
570
540
479
438
444
466
468
446
447
476
467
460
467
478
487
478
465
493
547
581
579
566
577
569
596
576
584
598
589
576
547
551
552
541
509
502
499
508
499
495
506
519
549
559
562
550
559
555
551
557
547
545
508
498
504
516
504
501
511
531
579
608
611
610
598
603
602
601
604
561
525
528
537
532
518
513
529
543
534
521
527
532
528
517
528
526
534
533
535
550
541
525
514
526
541
545
528
527
529
531
513
530
547
536
504
510
577
566
401
146
