638
665
602
593
609
634
613
600
614
617
602
559
540
530
518
524
517
525
523
529
592
647
655
629
606
625
661
636
577
529
483
476
476
499
516
500
451
410
386
390
374
378
453
545
616
626
607
589
598
604
629
613
599
611
601
597
599
604
613
612
605
616
608
609
611
585
555
511
512
523
536
543
516
498
474
447
457
473
470
432
395
345
377
372
368
355
352
375
378
368
352
351
372
367
368
351
349
362
366
371
352
372
369
368
370
362
362
365
370
371
337
345
413
501
568
572
551
531
553
547
558
544
556
594
614
613
615
618
632
627
614
584
545
559
567
573
557
574
570
561
563
565
559
561
552
560
586
623
657
649
641
643
654
651
652
642
614
569
524
536
546
550
529
496
495
490
496
490
491
490
482
474
446
417
403
419
424
414
412
426
429
417
360
354
410
513
578
591
577
577
587
584
578
581
593
586
577
584
587
557
516
491
487
498
502
490
469
462
447
445
459
471
466
443
453
441
455
440
437
455
459
437
403
406
423
418
408
418
431
421
403
397
435
535
596
602
565
518
489
479
472
467
470
471
471
463
450
419
413
433
426
424
410
443
487
504
500
495
497
505
490
485
500
553
576
585
572
576
578
578
576
574
581
544
461
408
403
436
439
408
420
435
431
406
410
487
612
698
693
669
659
674
676
673
645
600
568
564
549
529
510
499
497
509
516
505
508
493
499
508
493
489
505
519
555
580
583
568
569
569
564
584
578
581
578
583
568
563
578
583
585
571
537
511
501
505
505
502
500
514
530
538
552
553
542
547
554
545
531
522
520
531
526
506
514
548
585
601
597
602
601
563
503
457
463
496
493
455
411
404
403
426
410
409
408
418
397
391
421
410
397
396
454
571
635
634
613
626
640
648
620
612
614
627
616
611
626
621
580
528
493
491
495
495
491
504
497
511
499
499
498
507
505
513
508
509
502
502
515
498
507
514
567
587
577
575
590
578
581
570
575
577
589
604
602
612
621
615
613
615
618
610
611
609
626
634
595
539
498
489
507
522
510
484
499
547
615
647
634
602
604
614
628
634
624
596
536
477
434
470
503
488
453
460
532
603
659
662
661
657
671
673
671
636
610
581
595
592
598
591
601
610
576
538
517
522
535
523
510
513
548
550
492
457
435
446
433
436
445
449
430
410
411
414
402
402
479
591
680
690
656
637
683
670
636
578
548
551
552
556
551
549
550
560
545
550
532
513
493
485
485
498
494
497
492
501
479
495
497
491
503
485
481
523
565
608
617
612
601
611
602
587
552
535
527
534
544
528
541
536
537
543
523
537
560
590
603
622
615
622
622
622
606
618
609
606
599
618
608
591
561
557
566
556
518
470
421
430
429
430
432
438
428
441
438
466
489
483
486
482
483
497
483
467
473
505
562
607
614
598
604
609
613
617
607
606
605
606
612
614
606
612
599
590
587
569
569
580
585
581
548
508
492
473
448
418
401
415
424
427
413
425
431
433
430
430
438
448
440
440
443
449
467
465
474
470
445
424
399
411
404
415
410
407
412
423
448
454
469
456
453
465
472
465
476
494
519
507
499
507
512
515
515
507
513
513
513
514
520
521
519
509
518
518
505
498
490
522
524
500
497
502
536
568
586
603
604
598
584
584
600
586
557
575
607
600
556
473
436
429
443
434
425
449
434
447
446
452
436
387
354
374
373
372
357
419
539
602
610
580
587
630
642
647
644
630
639
640
642
618
585
547
554
561
522
467
425
418
450
457
435
429
433
455
466
475
486
485
469
477
475
470
470
492
546
566
565
556
566
571
570
580
592
627
623
607
617
616
621
621
588
562
564
545
530
549
578
557
543
538
574
598
559
487
462
447
454
461
441
430
395
390
490
597
686
696
668
644
653
674
663
627
598
588
566
566
578
573
547
507
472
477
471
436
414
393
418
412
408
383
408
426
468
487
501
479
493
495
483
482
483
476
481
515
550
598
611
563
507
470
460
475
476
471
471
470
477
470
473
488
473
471
460
451
460
467
436
449
503
581
642
641
625
613
632
627
614
565
528
518
541
528
538
543
544
553
533
534
531
542
541
543
537
533
532
513
522
516
520
524
532
526
550
578
602
587
586
580
587
581
586
590
590
590
586
578
580
574
585
577
569
569
580
582
568
576
587
573
574
559
545
544
564
556
558
555
574
595
600
613
596
606
633
635
615
567
515
476
471
482
482
499
478
462
466
462
471
463
461
501
558
581
592
570
576
578
595
583
582
567
546
541
547
548
546
543
546
549
544
527
510
510
507
512
520
509
503
505
508
545
563
550
535
552
561
535
511
494
530
595
621
620
604
608
632
622
586
554
532
517
524
518
517
514
530
525
540
526
525
535
539
536
531
519
532
521
523
520
524
533
522
520
536
538
530
503
525
531
537
497
504
571
545
393
153
