451
430
403
460
576
639
626
598
589
625
612
580
589
602
591
574
577
601
610
564
521
522
525
525
509
517
518
513
515
515
541
592
647
656
646
637
652
650
612
521
469
451
489
500
473
458
508
583
631
642
625
619
624
648
638
616
607
612
606
608
608
636
623
584
523
482
473
494
504
498
504
503
512
517
521
530
531
515
508
525
558
573
572
566
570
553
564
569
584
550
482
441
447
471
473
460
487
563
624
633
608
596
612
614
567
522
477
491
475
494
509
493
484
491
474
452
443
452
464
453
439
409
406
401
410
415
414
424
402
391
429
451
468
462
460
474
464
468
457
476
461
444
442
497
539
575
582
573
587
579
583
569
569
579
563
566
562
579
638
658
648
646
651
645
651
600
557
520
530
547
536
494
472
460
462
463
469
468
464
463
454
464
489
489
485
477
513
567
603
600
599
594
593
597
556
544
543
554
552
548
538
537
511
494
494
497
503
493
502
487
516
547
577
587
564
565
564
561
570
583
590
601
596
598
620
609
553
482
445
433
435
446
447
436
433
445
455
432
394
401
485
622
695
711
669
693
701
711
685
676
658
651
605
588
592
613
621
607
576
533
504
506
502
484
460
462
453
463
452
451
470
467
496
495
465
460
489
481
473
464
514
543
537
512
477
480
475
489
487
475
490
517
519
528
523
521
520
519
553
617
662
651
644
642
660
659
635
585
569
566
571
572
557
560
577
569
525
522
530
539
533
511
528
531
534
515
518
592
651
697
677
677
667
676
655
594
580
571
579
578
584
597
553
481
438
430
448
457
429
404
406
441
421
387
410
459
536
595
612
613
588
590
595
605
586
559
513
490
488
477
459
447
446
445
439
436
442
455
479
460
476
456
457
441
421
416
417
417
423
452
454
468
457
456
465
480
479
454
458
460
458
464
469
454
458
494
556
596
590
575
577
593
591
581
562
562
574
559
553
582
607
628
630
624
630
631
627
621
619
624
604
556
522
504
520
529
509
493
522
543
609
628
632
631
619
592
538
505
480
484
501
506
497
473
396
352
338
389
436
455
443
443
465
456
445
447
509
561
592
603
590
603
614
583
599
590
594
572
537
544
548
548
527
508
508
511
525
504
515
507
520
505
509
516
514
517
503
504
530
578
615
626
610
596
600
610
608
619
593
576
543
545
559
557
553
539
522
515
516
508
514
514
523
531
541
558
560
541
518
538
559
621
661
666
663
643
653
663
672
669
633
589
554
554
570
575
566
545
524
504
490
507
517
507
487
489
524
568
608
609
593
570
548
553
541
532
547
544
556
589
595
603
614
588
597
609
610
591
557
564
571
567
565
552
569
571
552
494
449
443
468
472
442
432
434
450
445
417
433
501
557
601
609
626
612
568
510
478
468
472
474
477
472
472
461
467
470
457
463
511
601
655
654
637
639
649
662
601
522
476
473
492
482
467
459
522
600
657
674
650
638
653
660
644
606
583
587
582
579
593
583
566
560
533
542
544
540
545
535
513
496
503
510
521
506
490
482
535
573
606
619
585
551
513
486
489
494
497
507
490
485
471
457
456
475
471
469
472
443
467
461
461
455
456
460
486
519
527
545
539
526
521
522
540
569
579
598
570
585
594
596
575
532
500
514
525
528
507
524
536
573
588
597
581
587
594
597
587
603
606
604
604
591
590
595
587
595
597
586
584
584
589
566
564
558
552
557
550
555
558
571
551
544
546
554
562
568
553
559
565
586
601
611
606
564
516
487
476
499
499
490
480
490
504
469
416
423
434
470
483
474
476
467
473
474
483
520
534
545
529
530
545
544
527
516
506
506
506
499
505
498
516
507
497
503
505
488
506
522
565
589
574
568
570
570
548
516
514
526
528
528
528
574
635
667
682
682
671
667
657
666
678
648
589
555
548
552
566
553
543
547
555
545
514
490
483
506
509
489
483
549
582
633
613
613
628
616
610
559
569
591
599
577
575
578
597
573
527
502
513
512
497
459
444
419
413
391
386
396
388
393
406
440
470
461
451
457
465
463
449
489
547
582
588
586
577
584
590
563
543
548
561
538
552
545
546
536
553
561
535
521
497
495
509
516
511
511
507
504
515
530
538
551
553
541
543
542
546
543
525
502
502
539
599
619
625
606
613
611
614
605
618
611
584
549
527
530
535
531
524
527
531
536
529
519
527
540
536
526
516
532
522
522
516
523
544
533
517
514
529
535
536
510
518
536
506
509
528
545
530
499
529
580
563
383
149
