640
669
595
591
604
624
610
615
620
612
601
587
608
608
600
593
577
533
507
482
502
525
490
495
564
612
629
632
638
636
601
519
463
455
465
470
458
471
476
475
468
479
485
480
479
459
469
488
472
462
480
481
465
464
499
582
624
633
624
638
637
626
618
623
637
631
622
613
626
621
611
620
635
638
593
540
505
507
525
539
537
536
531
534
512
477
432
429
448
462
428
403
392
402
413
393
399
483
607
696
701
662
645
659
679
689
655
654
669
682
664
657
656
672
670
628
577
545
536
555
554
548
542
552
596
628
617
605
607
639
636
592
512
476
490
505
489
485
506
507
467
406
369
382
368
368
355
395
440
492
485
455
468
475
492
501
536
564
566
583
571
552
499
439
427
452
471
449
431
439
506
573
603
608
604
604
603
609
615
616
599
607
607
618
624
600
573
523
515
536
543
532
500
482
480
464
460
448
454
464
451
454
453
460
456
453
440
450
439
452
458
448
449
448
445
467
485
506
502
492
497
506
508
500
497
512
536
572
566
559
556
568
565
548
556
566
566
532
470
436
441
457
449
430
434
482
561
603
604
591
594
578
597
603
603
590
598
611
605
565
515
483
473
496
472
475
471
458
457
449
441
439
421
439
466
531
566
585
575
571
576
588
590
575
534
510
492
491
479
491
528
635
692
697
668
660
697
690
682
695
686
672
616
556
562
590
586
538
489
445
459
463
462
460
457
466
454
457
464
462
467
452
462
473
467
468
462
476
470
456
460
489
527
551
556
551
550
547
542
548
545
548
557
536
542
547
560
545
556
586
626
614
600
587
613
616
591
510
478
479
491
477
438
427
426
430
417
417
415
429
445
442
470
468
468
464
481
492
515
513
513
516
514
508
531
576
620
627
604
594
603
611
595
610
603
620
593
575
549
533
518
530
513
515
503
512
501
478
480
472
486
475
474
466
456
460
468
470
470
459
468
523
549
549
522
529
578
636
663
671
641
604
590
576
589
595
599
584
576
585
586
597
578
579
574
591
594
607
595
567
505
464
454
472
481
475
468
464
471
473
458
446
448
450
444
435
448
492
572
615
613
594
581
603
614
604
561
526
501
475
483
511
503
498
484
495
495
504
499
507
517
511
496
504
535
593
620
606
614
612
619
574
523
489
507
514
502
477
452
424
443
452
429
375
354
359
373
370
353
346
430
513
574
578
553
572
558
574
585
622
638
643
602
620
646
626
597
544
541
534
542
532
540
529
503
442
382
394
419
421
398
389
386
433
505
540
568
533
522
532
542
545
536
532
538
551
554
552
564
565
561
557
568
579
574
570
587
587
594
583
571
581
577
577
573
584
577
579
572
574
576
589
584
575
573
535
492
458
446
467
521
613
672
687
662
639
668
680
654
592
553
564
585
577
571
588
579
553
518
477
489
486
491
483
477
481
481
487
506
509
511
505
513
510
513
525
576
608
603
587
588
598
612
609
562
516
485
488
495
506
498
487
499
529
585
614
618
603
615
606
611
597
578
567
564
580
615
646
664
637
631
652
648
604
554
531
513
507
484
451
446
454
459
429
428
430
420
436
437
422
423
423
445
444
431
438
432
421
406
427
481
566
613
612
587
560
525
502
492
502
512
488
507
538
607
631
614
609
614
625
624
617
620
624
582
527
477
489
505
510
470
442
429
405
396
388
401
424
414
398
405
429
485
510
503
513
497
503
510
528
561
602
611
604
588
609
606
571
514
476
461
487
494
489
483
464
439
434
415
418
428
417
421
402
392
375
369
361
374
368
368
353
365
420
517
604
616
590
572
578
594
582
579
574
584
595
585
572
543
502
445
417
442
454
441
420
409
486
549
594
596
589
583
596
585
566
575
600
586
575
567
561
583
600
590
589
557
541
521
519
526
522
518
524
536
508
527
529
517
492
512
557
589
645
649
622
598
555
531
518
523
531
535
539
534
490
454
429
408
415
416
409
410
428
435
414
411
428
419
415
414
411
422
395
379
380
412
411
371
364
452
579
653
664
624
629
651
644
611
572
555
546
557
556
552
564
537
521
532
531
535
538
537
540
536
534
548
568
560
537
556
557
521
475
430
429
463
449
399
421
498
612
671
677
668
631
585
543
535
557
559
567
541
546
522
506
494
532
550
588
585
577
590
594
590
596
589
575
578
603
586
550
494
461
448
468
474
463
467
445
400
338
345
375
375
353
341
366
377
368
360
361
397
448
464
469
479
475
463
467
483
519
570
568
570
556
551
560
564
549
520
485
494
496
491
502
532
578
609
608
601
592
609
599
599
589
582
584
587
585
585
567
536
527
515
538
521
517
523
539
533
524
527
531
532
523
520
543
547
521
521
515
530
523
517
529
539
529
521
517
555
533
501
513
561
555
393
143
