632
645
569
542
594
599
572
560
588
591
582
560
584
588
569
531
504
511
526
525
506
518
548
589
620
646
657
653
636
643
643
588
527
462
460
491
490
465
470
490
487
480
455
482
494
477
462
462
516
580
620
628
621
627
644
627
613
621
628
630
613
610
609
628
623
591
553
520
534
520
533
525
528
531
530
531
524
522
515
477
446
434
452
456
456
439
461
455
445
421
411
420
410
386
386
468
596
682
676
664
655
688
700
637
568
548
548
554
543
547
545
567
576
618
617
609
603
623
614
591
528
481
485
499
492
462
393
359
362
376
357
363
349
397
462
490
478
478
464
490
477
490
532
568
585
560
553
589
574
545
469
444
445
446
450
486
562
609
605
567
577
592
607
597
579
594
599
597
581
590
606
608
573
593
603
609
564
520
487
493
514
517
505
492
480
499
487
497
495
499
504
505
492
489
480
490
487
496
488
473
480
486
487
494
508
502
481
476
490
497
507
501
481
464
463
466
463
462
452
434
435
445
449
457
449
453
447
441
439
440
450
459
454
452
446
446
450
447
449
439
460
454
456
471
480
509
498
489
500
501
511
515
499
502
502
473
515
542
553
564
552
566
560
579
577
565
562
556
546
564
570
534
466
423
424
447
452
433
425
474
557
599
598
577
584
594
597
588
579
605
604
608
605
600
610
607
607
611
612
609
593
598
626
606
552
502
468
472
477
481
493
486
477
445
425
420
428
446
448
437
420
429
474
535
570
597
578
580
587
600
597
580
529
473
448
542
630
694
685
680
693
696
649
602
574
566
568
567
581
579
539
489
453
443
463
472
456
460
476
477
467
461
458
456
489
520
563
560
552
553
546
550
548
577
607
622
601
586
615
600
563
533
506
491
496
461
433
447
456
448
450
458
463
432
406
381
384
389
387
398
402
396
390
409
408
399
392
459
550
625
627
595
597
616
629
602
600
609
617
602
600
599
609
614
595
576
531
498
467
492
509
497
492
492
481
466
460
452
471
466
463
467
467
464
462
463
486
520
524
522
538
535
531
533
552
629
659
663
640
646
655
658
639
587
573
570
572
572
572
556
547
526
521
507
506
506
552
578
603
627
626
599
583
600
610
596
580
540
494
501
505
532
527
510
496
501
507
503
521
512
528
511
514
502
530
516
497
499
536
582
608
616
603
613
617
605
608
608
586
532
489
508
519
524
474
440
433
450
442
429
386
350
357
366
376
370
342
344
422
516
574
577
590
612
632
624
620
622
630
608
581
562
564
560
569
571
572
539
484
451
436
441
457
462
451
419
387
409
492
559
591
555
540
551
552
540
544
572
584
561
550
579
605
561
484
457
462
475
450
450
511
611
678
671
651
650
666
670
654
653
648
645
609
581
574
580
593
578
559
535
514
516
521
515
514
489
476
459
455
465
455
443
418
406
401
392
383
376
379
368
378
426
459
494
502
487
481
487
488
481
483
489
514
567
603
608
592
587
590
603
607
587
570
575
568
576
573
573
566
574
605
645
646
639
637
645
649
609
555
541
518
540
531
523
536
508
489
455
448
453
464
455
439
441
431
433
420
439
415
421
425
429
439
425
424
486
555
603
592
572
581
601
599
568
517
498
493
511
515
481
498
527
571
623
645
642
586
532
492
481
500
512
501
491
476
437
401
389
400
406
413
390
397
448
485
503
504
528
573
610
607
594
596
600
597
555
506
471
479
490
481
473
485
510
499
480
438
429
422
421
412
428
435
409
386
366
362
372
357
361
359
382
381
358
364
415
527
585
584
576
567
582
571
579
576
583
587
581
579
581
600
603
553
489
438
422
447
434
409
421
478
555
587
590
583
593
595
579
573
578
589
603
580
566
580
590
578
565
540
518
522
526
532
508
524
538
597
646
640
619
619
639
637
608
550
510
516
510
535
526
532
499
453
411
394
416
422
425
414
421
425
411
370
378
398
385
376
375
459
587
666
673
633
633
653
640
621
597
581
575
588
581
583
557
519
485
493
514
518
487
469
502
509
474
437
407
400
400
411
400
408
412
415
412
402
396
398
391
391
398
386
384
380
392
379
388
379
384
393
389
382
384
390
400
404
391
379
381
403
390
370
369
448
566
634
646
618
624
641
657
618
560
545
550
561
549
548
561
571
542
524
497
512
512
498
501
523
559
567
571
583
576
567
530
483
460
459
460
462
461
475
465
467
500
556
584
596
577
579
580
584
593
572
571
559
537
548
555
553
535
516
495
508
521
540
551
552
539
545
561
558
549
513
499
497
508
502
515
513
507
505
532
577
612
617
609
622
608
608
555
512
518
529
526
529
523
532
524
523
518
533
533
517
513
528
533
529
532
532
542
546
522
519
534
523
524
517
515
541
526
516
525
548
527
507
517
520
521
518
528
554
538
495
521
577
555
394
144
