646
667
587
562
605
633
619
597
614
629
623
596
577
583
599
597
594
564
534
504
510
511
511
542
587
637
663
661
632
582
537
463
446
468
502
497
460
449
461
521
571
625
642
625
618
608
632
643
620
615
634
635
628
619
616
625
610
590
521
491
481
476
486
471
466
470
478
478
465
478
500
575
625
643
634
611
610
623
628
592
540
501
501
504
498
502
483
474
459
475
462
469
472
471
485
467
468
473
495
530
535
538
533
530
509
496
495
506
495
500
502
531
584
622
613
594
602
624
621
616
607
587
572
551
547
556
579
571
546
536
529
542
524
521
530
544
580
588
593
587
573
583
586
601
616
611
631
627
619
618
609
638
629
596
524
487
499
524
527
522
522
524
513
520
554
582
618
603
590
598
603
606
602
616
612
574
519
481
473
461
425
409
404
409
416
400
438
479
524
513
508
502
503
513
507
497
509
532
555
562
566
564
560
563
578
575
566
564
559
566
569
567
575
578
562
550
566
575
579
565
570
568
569
573
572
560
579
577
569
571
577
598
569
572
570
582
568
536
507
477
457
475
484
478
487
468
483
547
634
706
702
677
665
676
668
639
596
598
626
619
592
598
621
609
581
545
530
520
519
506
535
529
495
453
433
429
437
435
435
438
429
427
435
444
465
449
433
451
454
446
440
432
460
460
422
427
507
636
713
705
681
682
698
699
681
686
700
708
703
693
692
693
688
707
694
669
617
588
589
605
591
576
596
605
579
528
493
482
495
472
428
414
396
412
416
415
411
426
425
433
450
446
446
440
434
439
447
439
442
451
437
448
442
440
436
451
443
439
446
447
445
458
452
455
466
458
470
456
453
442
416
426
425
429
426
427
432
431
428
431
420
427
433
426
444
449
437
434
427
470
536
596
603
592
594
608
612
588
553
522
500
485
482
532
607
653
646
627
618
641
638
580
510
465
466
480
481
494
512
570
624
637
603
553
484
432
399
422
471
526
562
580
577
574
585
579
576
581
570
560
536
534
527
542
547
551
546
540
559
570
550
542
516
527
522
510
517
511
519
527
507
514
511
518
510
533
562
577
572
563
557
573
578
535
486
437
423
443
457
484
502
508
497
506
504
505
525
574
616
627
605
560
502
476
478
487
487
472
479
496
506
489
471
476
488
517
523
515
513
509
503
513
531
573
583
574
585
577
588
574
568
583
595
587
576
573
592
587
567
557
545
540
531
545
541
548
539
542
553
564
564
552
537
549
514
473
456
532
635
703
698
684
684
656
610
552
560
570
570
565
571
585
614
624
628
621
609
617
628
630
599
551
511
521
530
508
444
407
421
430
435
421
425
435
434
414
409
428
420
403
404
456
543
582
577
552
558
570
574
575
546
542
536
543
531
537
538
538
544
561
566
562
555
550
579
571
540
507
483
485
500
479
474
524
629
684
694
677
681
690
697
651
585
564
570
572
567
557
564
576
556
546
561
581
605
622
612
611
616
622
615
604
581
564
568
553
560
558
580
589
593
578
577
580
598
606
597
569
510
470
476
488
502
484
469
483
483
489
472
486
492
496
477
472
483
490
498
498
498
504
497
493
499
501
486
481
484
514
551
558
559
560
573
564
540
525
535
531
521
516
529
521
543
560
551
554
561
565
564
553
527
515
511
518
536
558
554
559
569
568
551
541
542
551
562
551
537
517
500
519
535
521
536
515
541
582
592
595
599
590
600
586
596
599
597
599
586
576
572
572
579
569
581
578
573
572
560
580
609
653
656
621
555
506
507
523
520
515
511
513
504
456
417
433
475
480
472
513
547
580
562
555
571
589
540
462
419
419
445
430
436
438
451
450
440
465
474
455
454
504
600
641
630
627
640
647
616
523
466
468
484
481
483
478
490
489
471
457
469
465
470
435
434
459
470
461
431
436
515
624
696
711
701
673
699
694
663
613
581
592
590
592
580
594
591
548
492
448
449
457
463
448
447
461
470
444
442
445
447
403
384
399
415
412
374
395
477
594
675
677
666
657
633
599
551
558
572
574
551
556
579
619
609
594
612
628
621
575
529
504
500
519
517
505
510
517
526
512
510
514
542
584
613
617
605
601
605
626
612
597
574
532
540
549
537
537
554
552
573
576
587
579
548
499
449
456
464
466
445
445
448
479
459
473
475
475
480
476
483
488
471
460
484
491
481
462
454
504
548
582
590
579
573
582
586
570
550
551
559
549
543
545
557
553
542
536
511
509
513
511
510
493
504
501
516
503
523
525
557
558
548
546
517
487
497
528
572
616
620
601
598
607
606
600
589
554
538
528
534
539
539
521
518
519
531
528
515
518
527
524
524
536
539
542
528
533
526
545
519
535
526
529
533
521
533
536
524
521
531
529
524
521
531
550
547
504
531
574
544
387
142
