644
646
594
571
610
630
599
584
582
599
578
590
583
608
591
599
583
586
587
571
569
592
584
602
598
577
540
499
524
514
517
511
509
496
519
552
603
654
650
589
498
469
451
463
514
577
629
640
607
606
626
640
636
598
619
631
617
616
617
633
628
580
510
466
463
491
481
502
490
473
474
478
483
478
449
461
518
591
616
647
625
611
575
523
465
459
483
494
490
460
428
407
421
400
387
392
467
583
642
666
642
634
623
576
537
537
549
568
541
518
522
519
514
485
512
515
511
500
495
525
581
628
600
614
596
613
606
604
579
556
551
554
554
552
548
554
560
536
538
530
521
537
571
584
584
593
580
584
583
611
616
644
632
580
506
488
487
498
511
498
495
522
540
547
576
597
607
598
560
506
478
475
473
479
481
480
475
457
439
425
418
432
452
429
420
422
444
481
503
498
487
460
484
506
539
563
565
567
570
556
552
558
572
553
528
518
523
521
525
522
539
569
591
603
594
575
582
589
598
614
629
640
626
620
626
647
665
614
566
526
516
532
535
547
538
518
485
440
431
452
469
447
440
443
465
455
444
454
457
448
441
442
453
453
429
413
508
615
691
693
684
688
694
697
683
704
710
668
636
599
612
605
609
600
595
583
538
509
506
514
517
517
501
496
469
441
430
439
450
460
439
453
461
463
455
449
474
463
461
456
454
448
435
432
454
450
442
430
446
444
455
453
444
454
405
385
381
392
392
383
381
395
399
386
373
376
389
396
375
357
388
409
399
428
499
576
623
641
611
618
624
640
646
595
534
495
495
510
507
507
494
513
514
506
494
522
569
619
613
595
602
614
607
589
585
594
602
551
492
446
431
452
460
455
440
454
501
552
601
606
599
592
603
600
591
584
599
605
594
583
595
611
615
595
594
602
597
551
486
436
424
441
478
537
587
593
578
590
574
581
579
570
572
592
559
539
522
538
531
533
523
529
527
537
527
528
533
543
523
520
532
535
533
538
542
538
524
522
545
556
557
564
561
563
565
576
560
552
538
524
508
506
524
525
520
536
557
562
563
556
563
584
571
561
569
566
559
523
481
439
437
443
471
482
494
511
513
517
500
506
535
583
622
631
595
607
613
619
574
517
481
476
491
479
484
473
506
496
498
512
505
487
495
530
577
618
616
598
602
622
602
601
575
569
577
568
563
571
570
585
618
652
661
647
642
657
651
599
506
469
475
487
454
438
431
461
450
428
447
526
632
687
711
694
682
677
677
698
685
660
614
559
567
585
590
579
550
591
618
633
619
610
624
637
627
592
546
528
526
531
527
518
519
526
526
525
521
518
517
524
528
530
525
515
517
505
516
524
521
527
531
535
514
514
528
535
502
450
419
421
434
441
418
411
416
420
392
409
442
531
565
574
563
576
569
569
554
577
571
577
565
547
536
531
533
552
535
543
546
553
561
539
540
565
565
545
495
468
472
487
474
465
520
613
678
686
658
654
670
677
676
665
686
685
672
658
673
688
684
644
588
552
550
552
567
568
571
566
566
571
583
596
601
606
597
611
612
607
616
602
570
553
552
555
567
546
559
563
574
578
585
592
599
611
576
521
480
481
495
492
498
483
489
491
494
504
551
584
578
549
522
532
540
532
526
533
536
546
542
563
561
558
545
523
524
516
514
495
501
530
553
555
546
556
552
564
553
540
520
515
525
556
561
592
591
587
589
583
585
578
568
575
572
579
561
559
572
573
561
562
567
565
561
557
559
577
627
649
644
644
615
618
633
649
642
611
542
502
508
529
503
450
426
428
447
438
416
426
466
486
476
479
478
480
470
489
544
587
585
549
545
573
577
517
466
438
432
423
454
439
488
487
464
466
470
455
433
439
516
611
662
639
639
645
603
528
458
446
467
475
447
443
467
464
426
428
508
643
703
698
682
686
699
671
622
579
574
589
602
605
563
493
441
432
427
413
401
390
404
405
388
383
471
590
679
690
644
648
672
674
642
589
570
577
556
561
577
566
563
564
584
628
637
638
626
634
636
635
624
632
632
609
563
528
520
519
524
534
537
514
475
457
460
470
473
461
447
460
489
489
498
502
512
513
494
506
534
569
588
588
578
562
578
577
582
581
587
594
590
577
577
595
580
549
479
447
454
465
465
455
453
481
496
475
457
474
509
559
594
582
576
574
587
588
590
567
560
548
546
541
541
548
544
532
512
509
514
544
544
553
559
523
552
548
555
542
518
511
510
503
512
514
505
501
503
498
506
510
509
503
507
510
503
495
498
530
574
605
618
599
595
620
625
613
601
557
523
514
524
541
551
540
535
536
524
518
519
536
534
528
511
520
527
525
524
507
531
537
527
518
526
524
515
508
531
555
532
506
525
561
563
394
154
