641
663
605
589
631
631
611
597
613
632
606
599
595
603
593
582
600
609
610
580
588
602
593
600
567
582
587
601
591
582
548
519
508
536
527
513
508
510
565
608
628
644
625
629
620
637
645
642
596
522
460
453
488
495
470
474
512
593
644
630
600
596
621
631
626
607
615
625
606
600
615
631
588
512
494
480
499
494
494
506
515
523
513
509
515
516
509
510
521
514
514
517
519
511
506
500
535
549
561
569
581
576
513
442
398
396
407
406
464
530
601
607
585
575
586
597
590
584
592
581
567
580
592
602
558
509
474
479
486
493
480
483
467
453
446
444
464
452
450
443
449
473
460
447
441
421
397
406
427
406
395
407
426
449
458
472
482
474
456
447
506
558
590
588
579
577
589
581
567
557
558
573
576
574
589
627
647
639
634
647
652
659
605
556
525
507
532
543
510
478
451
460
468
469
467
485
499
492
474
474
515
567
592
597
593
597
607
586
595
596
602
580
549
555
544
529
504
497
504
491
503
484
491
518
556
573
588
566
566
565
582
586
579
594
613
610
559
482
433
425
430
449
437
422
405
416
428
414
381
406
485
623
711
711
687
663
699
712
681
627
602
602
610
605
600
621
613
586
533
512
502
505
503
524
520
533
514
503
511
521
514
474
466
449
468
466
460
460
469
477
482
483
474
491
477
482
510
534
561
557
558
549
555
557
553
558
565
564
561
558
568
538
516
483
502
532
532
527
512
527
526
516
511
563
625
651
636
630
644
657
639
589
562
558
561
549
529
512
511
529
540
522
509
515
565
618
668
696
676
661
595
566
576
588
588
569
565
574
589
569
475
436
445
458
467
438
404
403
423
425
422
438
420
416
412
457
549
609
602
575
578
602
602
560
516
485
488
500
488
498
482
487
457
445
445
437
447
425
444
453
452
449
433
443
445
445
454
442
477
466
476
466
461
461
477
455
442
431
428
419
423
439
424
420
421
421
420
429
429
430
414
418
438
454
451
461
444
464
477
457
462
495
545
587
585
569
571
563
566
560
548
574
565
544
569
599
641
623
573
531
505
502
507
512
531
580
639
645
631
613
611
627
635
629
582
521
487
476
486
499
513
506
473
406
360
357
371
369
353
355
387
430
461
454
437
457
445
454
480
556
599
609
590
598
609
602
562
544
544
547
533
536
544
558
534
512
501
516
523
501
482
530
596
615
617
609
608
615
600
569
539
531
516
521
521
509
516
513
502
532
534
551
550
530
531
524
530
541
552
527
533
549
557
546
535
544
548
543
528
532
540
532
537
527
542
534
536
534
560
623
673
672
655
655
665
675
628
571
563
560
566
554
518
494
493
514
494
469
485
520
573
623
610
599
603
604
598
598
600
594
551
524
529
542
552
533
525
561
591
608
610
617
595
612
580
560
565
555
559
559
579
570
537
469
450
446
460
457
439
454
449
459
466
471
462
448
437
415
436
485
555
616
615
588
605
603
609
549
489
467
464
472
478
472
487
479
470
477
468
442
465
510
597
654
615
520
449
451
476
508
480
453
484
533
602
647
671
663
653
650
661
669
640
603
577
582
590
587
586
579
579
583
584
584
582
587
564
530
554
553
553
540
519
506
507
501
524
557
596
609
597
597
627
611
576
513
463
483
508
515
495
484
472
466
468
474
483
475
447
466
493
544
570
579
568
583
584
570
546
532
536
538
545
521
532
553
588
611
614
606
615
624
625
584
545
522
502
520
528
525
517
513
517
541
582
608
606
585
568
574
551
560
555
559
562
551
549
548
554
570
552
561
557
566
582
596
607
604
599
596
605
603
567
527
497
482
486
488
488
476
468
439
415
421
429
428
419
414
424
456
446
434
462
506
518
498
490
542
617
666
641
591
556
553
572
576
566
578
574
556
534
529
513
533
548
612
663
700
672
630
579
552
545
552
557
556
556
544
543
530
496
481
490
535
595
632
649
622
608
614
634
627
623
609
588
582
589
574
558
522
500
496
499
501
501
509
509
505
470
435
431
446
468
437
426
415
412
386
374
386
405
400
385
385
417
462
467
461
459
476
454
465
447
453
458
464
452
469
467
453
437
488
535
586
578
584
571
568
569
545
556
531
532
505
503
509
506
505
519
537
541
550
560
548
547
553
553
550
534
507
501
510
518
497
503
533
587
605
614
609
603
607
607
601
618
609
592
550
521
522
528
544
528
526
530
542
540
533
530
535
546
522
517
514
539
530
514
523
538
510
512
519
528
519
532
514
535
538
524
510
521
541
539
516
514
579
549
408
143
