645
660
601
588
624
633
598
572
596
621
611
586
592
609
617
575
536
511
517
518
497
501
562
615
643
660
659
641
639
627
648
658
648
603
514
469
467
475
468
475
465
455
468
510
594
639
636
615
616
633
637
624
624
626
629
619
624
617
627
608
608
613
639
637
575
508
479
490
489
488
487
471
477
459
475
466
457
459
523
616
655
648
610
607
643
657
623
528
458
460
533
616
648
648
633
638
637
653
644
639
644
644
620
558
536
535
548
550
532
543
545
538
519
490
501
512
508
490
478
496
543
586
616
636
631
621
613
615
623
621
607
597
591
589
581
589
592
601
561
500
457
469
481
492
482
480
469
474
484
522
555
538
483
475
498
508
492
484
488
531
530
520
518
533
537
520
524
563
591
583
549
561
588
572
545
485
478
495
501
500
497
509
525
514
524
550
565
560
552
559
584
568
548
494
482
486
473
478
489
499
475
473
527
625
692
665
601
564
576
578
601
606
631
655
645
613
621
657
644
594
513
477
462
473
495
481
485
486
484
496
496
485
483
478
466
445
453
480
475
433
432
512
627
708
711
701
689
712
699
660
600
575
583
598
604
589
579
580
594
598
563
524
478
478
494
500
481
434
412
420
435
420
407
405
423
436
445
453
436
445
439
433
442
436
437
449
465
468
456
462
462
460
464
434
419
434
435
435
437
442
437
425
429
432
440
442
430
428
442
437
402
411
496
593
639
623
605
624
618
567
483
446
447
444
448
488
567
613
607
599
592
599
607
597
597
597
621
604
553
483
439
433
452
448
426
430
479
542
581
594
593
580
579
581
562
572
581
571
583
570
550
514
541
551
560
571
566
574
585
554
532
522
518
521
537
530
515
504
536
578
580
536
475
423
431
437
448
477
497
509
489
491
533
581
586
528
461
467
480
489
485
481
491
501
494
483
482
515
525
524
519
505
516
536
592
612
618
607
597
609
616
605
601
607
615
612
561
515
484
467
479
475
466
439
426
452
474
462
431
439
515
611
697
700
701
696
700
716
680
656
622
579
557
567
592
589
564
570
591
615
635
630
618
614
588
550
527
530
525
529
538
535
500
440
412
407
432
453
433
423
435
431
430
423
417
435
438
409
404
417
415
406
409
467
530
575
570
556
536
553
534
538
527
547
545
528
538
549
575
564
539
500
470
473
484
496
477
457
468
534
635
691
693
671
676
688
675
661
670
688
695
661
590
555
565
572
566
557
552
559
574
594
615
621
620
602
614
605
612
597
571
549
556
558
550
545
552
566
579
593
595
591
586
602
593
556
507
475
474
491
487
504
490
487
486
481
487
513
548
567
579
566
560
570
573
564
549
549
527
532
526
528
536
547
554
568
563
558
550
547
555
543
525
516
505
516
506
525
513
516
515
516
507
522
511
512
515
513
520
556
551
557
552
541
540
548
561
550
555
553
556
560
557
551
553
526
536
522
534
514
522
537
530
532
522
546
571
601
585
591
585
587
593
587
572
568
578
579
569
562
595
618
627
628
623
633
647
634
612
639
653
646
638
645
651
640
636
638
647
654
608
554
507
510
532
523
484
452
424
422
432
434
446
468
478
503
472
465
478
508
535
547
557
549
557
551
559
559
562
552
566
556
558
557
562
567
555
554
555
566
560
558
552
587
571
527
472
421
420
434
439
416
426
449
458
461
459
475
452
444
450
479
479
447
447
509
588
641
646
653
655
618
533
489
479
490
485
468
476
460
449
448
516
632
709
711
676
674
712
713
699
675
684
702
699
664
667
691
706
652
600
578
609
596
556
480
443
421
444
457
455
445
450
457
454
447
465
454
456
448
441
446
442
435
439
452
469
463
451
442
468
460
444
420
395
401
424
421
388
390
466
583
685
698
644
640
672
677
651
574
545
549
573
600
605
615
618
600
596
609
617
590
529
509
509
524
524
508
531
591
628
633
614
608
627
615
591
549
534
557
548
546
529
544
547
560
571
577
581
545
503
446
453
457
467
468
454
457
468
457
460
469
475
466
469
502
556
583
598
581
569
578
586
577
545
557
553
546
546
547
569
536
533
520
497
491
507
516
534
550
561
556
541
533
557
558
563
551
520
498
505
517
515
488
495
532
578
616
630
620
607
603
616
615
602
603
602
612
604
583
550
533
517
526
542
529
525
526
537
542
534
531
525
533
523
529
531
528
521
515
518
516
538
538
523
540
533
527
516
536
546
537
520
521
540
530
511
519
575
563
400
148
