641
665
602
598
631
619
585
581
586
602
584
574
594
583
539
508
505
536
534
490
490
541
619
640
638
644
633
641
627
638
606
530
446
446
518
598
637
632
622
621
613
598
618
630
621
604
613
636
627
617
619
615
615
571
534
486
479
484
469
476
472
463
464
470
479
461
460
462
502
590
650
664
645
639
653
662
614
534
468
481
530
610
648
657
666
664
621
571
545
533
557
547
526
536
531
517
507
492
499
513
505
489
518
585
625
614
602
591
597
611
606
608
568
561
562
560
565
574
553
547
555
563
546
540
542
551
539
553
534
525
524
527
534
535
535
564
605
593
590
586
590
604
629
616
622
605
618
630
628
588
537
522
517
526
529
504
529
525
527
514
526
589
607
603
599
597
593
568
508
468
476
478
484
491
481
463
435
397
397
439
496
516
511
509
501
508
494
495
517
525
553
575
578
579
573
573
582
565
565
573
581
589
545
492
453
458
459
447
445
485
568
625
630
597
608
609
614
597
587
606
633
617
623
612
637
636
580
508
480
475
488
485
479
462
482
477
472
470
484
479
460
454
464
468
446
448
522
639
718
712
663
665
693
692
660
604
574
571
583
591
600
585
555
508
469
466
487
506
500
455
430
416
417
425
406
414
428
418
417
407
419
429
436
435
423
434
440
438
427
432
435
441
437
427
437
453
458
446
442
458
472
443
425
412
405
438
421
409
403
411
427
425
418
415
430
430
409
419
471
536
585
581
569
577
582
589
607
595
571
514
449
440
446
453
445
451
447
511
560
613
607
598
577
584
598
590
591
609
617
549
467
426
457
541
596
592
565
565
583
586
587
575
587
604
588
563
541
551
563
572
574
558
556
545
532
516
506
521
530
553
564
567
577
562
565
573
561
535
466
427
436
436
445
426
444
477
508
507
482
491
511
500
491
513
561
621
618
569
516
475
475
484
495
494
485
498
494
502
498
492
483
489
475
488
475
479
503
507
520
522
521
518
515
508
510
541
567
606
610
605
606
603
622
601
604
589
599
586
590
590
588
603
621
609
563
494
471
466
488
489
478
487
486
499
486
496
498
529
515
519
518
509
501
501
506
495
513
522
519
568
602
616
598
603
612
610
585
570
563
575
583
570
561
579
598
622
642
651
638
621
634
648
647
612
554
527
532
541
527
529
538
508
456
416
424
432
433
432
432
443
430
425
412
420
418
398
418
472
535
572
562
535
518
543
539
555
568
576
564
543
543
557
568
537
506
462
477
469
483
481
467
467
530
628
681
685
655
651
698
704
662
579
558
557
590
601
591
617
627
630
603
610
618
624
599
572
552
553
560
565
555
567
594
627
627
618
606
611
612
610
611
618
622
625
623
623
617
623
604
624
618
619
635
605
589
539
519
507
512
526
529
526
486
467
453
446
463
466
460
464
485
500
496
501
508
503
497
523
552
572
566
552
530
520
536
533
527
523
533
518
521
524
524
539
559
549
552
545
544
548
555
560
557
546
552
561
572
561
560
560
558
558
549
559
554
566
554
569
570
566
560
548
517
506
495
497
506
508
503
498
522
566
610
601
602
587
600
598
599
604
594
600
578
559
562
567
556
576
574
568
577
570
579
574
578
562
565
595
615
649
640
627
629
647
657
643
607
559
509
479
458
443
424
425
437
430
425
418
447
475
476
486
482
481
479
475
475
511
536
567
568
573
567
552
563
567
560
518
458
438
423
439
441
423
410
430
426
450
461
476
469
448
446
483
591
642
654
623
633
666
655
595
516
467
475
483
501
497
493
477
439
430
462
455
436
438
508
625
696
705
693
683
692
691
689
684
686
692
702
700
659
608
587
589
609
607
585
590
611
610
559
502
441
449
450
458
465
458
444
433
428
409
391
398
472
573
673
693
664
640
661
692
683
625
593
569
581
594
609
629
617
613
623
636
636
607
592
562
520
496
508
543
595
618
621
613
606
631
607
556
549
537
536
548
545
559
566
571
567
580
573
574
574
574
543
503
467
425
451
475
461
447
459
471
479
465
482
467
472
472
468
506
568
602
585
571
538
555
550
542
544
555
551
531
515
508
503
492
511
524
534
537
526
499
505
497
504
540
585
612
622
613
601
612
598
602
604
616
632
628
613
610
615
606
596
555
512
522
534
550
523
515
520
531
523
521
522
528
524
532
521
523
526
522
526
526
529
530
510
540
526
525
517
531
537
531
496
515
563
552
396
152
