649
677
596
591
602
605
591
568
594
610
581
537
512
506
525
529
524
518
514
546
607
644
658
646
623
611
530
460
457
492
515
481
462
495
578
633
631
616
624
643
632
614
614
624
633
572
517
477
470
475
490
493
485
469
443
418
413
398
418
420
415
418
404
469
526
576
576
567
561
561
572
552
546
573
573
562
560
565
565
571
567
575
609
629
623
625
618
625
618
587
574
544
538
557
543
519
493
526
586
622
619
584
572
553
550
548
544
543
551
555
539
533
518
526
530
541
572
587
580
578
577
583
588
606
606
645
627
621
602
610
624
633
589
528
487
482
494
503
497
473
477
490
497
512
527
532
527
509
517
527
557
582
601
610
603
599
595
617
607
559
497
474
482
476
480
477
477
486
489
464
429
405
409
414
419
413
399
412
439
477
515
527
507
496
505
508
519
515
503
501
515
555
567
582
572
556
562
570
575
558
534
508
479
464
466
538
618
697
711
683
670
669
683
672
667
679
687
692
651
605
583
586
576
587
573
599
619
629
645
626
640
640
634
620
637
649
598
537
471
480
501
508
486
486
489
490
464
421
442
522
644
702
707
677
668
688
713
690
655
601
582
591
585
583
601
607
604
588
576
593
597
596
555
503
490
486
484
474
494
481
463
441
415
413
426
421
420
414
424
421
424
438
452
441
450
450
436
442
445
450
445
447
436
447
459
470
468
451
450
454
453
461
438
416
428
434
435
437
430
433
436
427
419
413
416
435
425
421
428
441
435
420
441
433
436
413
428
478
565
612
615
600
599
605
616
612
606
603
563
507
450
438
465
473
448
429
450
494
565
604
608
593
591
587
605
614
611
589
582
609
622
610
550
490
439
421
434
449
453
429
418
435
476
536
582
585
581
563
581
571
563
549
570
587
578
574
575
585
584
584
566
551
541
533
530
540
543
515
532
535
571
571
569
564
564
570
539
519
519
508
527
517
534
515
521
524
552
576
562
561
556
575
578
539
477
446
445
442
435
438
458
489
501
498
503
495
494
498
525
568
611
623
595
570
514
475
479
493
479
479
471
479
484
486
494
479
484
474
480
497
516
533
519
520
519
516
518
520
537
596
608
606
598
604
614
611
607
604
589
607
604
602
588
621
608
573
506
464
473
474
482
477
476
489
459
440
440
469
471
436
441
508
629
695
701
688
689
703
662
609
570
566
571
587
585
596
624
626
628
628
625
623
616
617
622
626
622
613
617
623
611
616
611
624
622
624
620
612
618
620
613
617
616
634
628
554
487
440
420
429
431
428
423
416
432
433
426
410
409
466
515
579
590
568
561
559
557
541
536
531
543
540
521
546
537
544
547
554
563
570
560
567
568
549
500
473
484
477
478
479
476
475
478
482
475
493
477
468
530
621
694
683
661
654
675
672
644
590
561
564
570
563
566
570
569
561
567
563
574
565
566
561
553
551
573
609
621
605
605
617
625
596
565
539
547
556
568
565
566
565
546
556
576
593
594
578
591
592
603
563
505
488
492
485
496
474
485
487
482
488
486
489
502
521
547
577
579
580
556
561
561
564
560
565
555
567
548
553
563
561
554
547
561
554
547
540
530
535
526
528
520
526
533
532
532
515
528
532
539
562
570
556
555
558
551
538
523
499
495
516
521
523
513
514
515
509
530
544
552
567
552
550
548
560
564
558
542
565
547
564
557
556
554
546
557
544
556
556
559
558
561
531
513
549
568
599
596
600
582
585
564
565
566
576
581
567
558
568
589
610
638
648
637
620
621
635
647
629
553
513
509
521
518
514
523
530
526
503
499
518
511
499
455
426
415
421
449
473
493
491
486
471
477
482
476
490
499
549
572
562
552
565
568
577
555
553
547
567
588
570
539
487
423
413
436
436
437
426
451
463
454
445
461
464
473
436
447
509
603
643
634
624
622
649
636
629
636
660
653
603
518
493
497
495
499
484
479
467
474
468
459
451
450
462
446
422
446
516
627
707
710
670
676
693
706
658
627
601
603
602
587
590
612
567
503
455
442
465
472
431
401
412
429
409
388
394
464
578
674
678
670
661
670
660
651
667
670
648
600
546
544
570
559
557
553
586
611
619
601
596
597
622
612
588
549
507
506
504
510
514
503
543
580
631
629
612
598
605
603
592
557
542
545
551
558
536
549
580
586
547
490
457
457
464
472
447
458
468
472
480
469
478
479
467
462
497
548
594
584
576
582
594
597
571
563
540
543
560
545
518
507
505
504
510
515
510
498
490
512
531
553
559
546
551
559
554
545
515
508
504
505
497
504
500
485
512
525
574
615
617
614
610
625
617
617
599
622
613
608
614
618
611
591
551
522
519
534
529
516
524
536
544
519
511
532
528
529
537
544
524
527
517
531
536
538
527
523
533
538
525
526
533
535
538
526
517
524
527
543
535
535
539
530
520
546
552
517
507
530
554
537
506
513
569
558
395
149
