642
657
593
579
615
624
600
566
593
609
585
562
612
606
596
530
504
508
525
503
488
515
554
599
636
662
645
620
630
648
659
591
517
458
461
478
471
468
467
520
576
620
632
620
606
621
617
614
617
628
617
616
609
622
626
636
621
572
523
486
475
488
486
478
470
481
486
487
464
467
463
470
463
444
463
474
450
446
492
604
639
597
515
483
495
495
493
479
491
502
475
487
525
608
660
654
651
650
624
597
536
522
547
563
541
532
529
551
534
548
552
533
507
481
496
512
519
502
481
499
529
575
596
612
617
609
605
575
568
558
549
559
557
554
535
538
524
514
522
528
533
573
588
593
582
576
582
577
586
602
612
630
630
625
616
617
634
631
608
539
495
469
491
514
490
487
497
508
525
522
518
531
523
511
506
552
591
599
613
616
609
571
516
468
486
497
470
419
412
422
416
410
429
493
526
522
507
506
511
516
498
524
559
570
575
544
507
471
480
486
479
462
470
529
628
695
692
642
588
581
591
572
582
577
578
575
564
594
625
628
639
639
614
618
623
638
642
632
630
634
633
588
523
480
498
500
498
477
486
500
502
483
472
487
479
475
479
482
496
492
483
501
482
458
443
442
463
468
443
432
508
626
691
706
691
676
670
618
579
592
597
598
551
504
475
470
446
408
402
413
418
427
412
415
447
445
442
445
441
446
432
436
439
449
441
447
437
434
433
433
442
449
454
457
465
467
462
459
470
455
463
461
465
449
442
431
430
442
434
417
433
444
430
430
411
422
437
424
435
439
439
443
431
434
452
432
417
423
488
567
611
620
622
628
606
568
480
440
421
476
492
558
594
612
601
591
590
607
612
587
596
621
625
565
476
433
461
461
450
433
469
544
580
578
559
559
586
589
583
587
595
584
569
580
589
596
569
547
534
525
540
530
535
533
545
533
540
572
574
562
565
568
559
546
548
566
582
550
524
531
524
514
522
511
517
523
508
521
534
557
563
571
584
592
543
462
423
417
450
454
438
431
462
496
495
500
519
513
508
518
538
590
609
609
596
601
604
608
604
592
598
609
606
599
616
615
601
561
511
468
471
486
496
495
483
482
486
478
487
489
500
515
508
500
505
507
514
512
503
510
525
545
565
555
556
559
574
572
567
562
569
578
576
583
585
586
585
575
595
577
553
515
499
489
485
492
533
621
694
721
684
667
663
692
677
642
605
578
553
571
578
562
555
578
573
579
578
561
580
611
630
635
598
554
531
520
521
521
542
534
491
447
427
407
431
427
419
411
439
436
427
412
418
421
420
432
422
412
408
453
522
571
577
557
555
552
547
526
524
539
551
552
556
558
562
560
550
549
541
516
475
476
499
493
467
458
528
641
689
687
657
670
704
675
685
674
684
693
640
575
557
552
565
563
549
546
558
576
584
622
621
609
613
632
622
604
569
561
553
567
556
546
551
563
560
555
550
560
575
594
592
580
588
600
584
545
509
483
477
498
502
506
502
501
511
511
510
502
506
508
535
585
611
627
595
583
606
618
616
573
530
493
505
517
518
506
497
487
477
466
466
462
456
447
468
465
484
497
493
483
488
500
517
536
564
561
549
541
555
552
527
512
531
535
540
525
522
544
591
597
597
585
595
585
564
564
566
574
579
570
560
562
572
588
611
645
654
640
592
541
511
508
521
529
498
454
430
416
433
425
453
459
483
492
485
477
470
495
530
569
585
557
547
565
585
578
528
472
440
430
436
435
436
425
435
445
448
461
472
455
457
453
436
453
515
591
662
665
634
605
625
656
643
581
514
488
489
494
485
480
483
483
491
494
483
488
485
488
496
493
486
489
490
489
476
495
494
474
472
474
475
465
448
437
451
452
450
440
515
630
705
713
684
678
704
705
663
619
587
591
569
512
464
454
471
470
466
466
468
479
459
430
427
444
451
432
432
443
498
569
611
602
581
567
535
511
491
498
516
506
481
485
545
606
622
625
599
614
626
632
588
539
502
498
518
526
513
498
540
585
632
626
611
608
625
616
628
614
601
568
544
530
549
552
551
530
536
567
583
574
566
571
568
565
565
554
577
579
539
499
459
455
460
469
460
468
461
466
474
455
470
483
483
461
462
468
473
490
482
472
471
478
508
559
590
604
577
571
587
588
576
546
551
548
544
547
545
549
540
539
505
507
516
506
502
509
505
517
532
547
556
554
550
557
559
553
539
525
513
511
505
507
510
521
494
500
500
520
512
493
538
580
618
616
608
610
616
582
550
524
517
529
521
526
524
526
535
540
537
529
536
526
538
530
540
515
522
527
520
517
532
524
513
517
523
531
527
515
533
543
547
505
509
569
569
398
148
