631
650
618
588
621
639
618
600
607
622
616
605
610
620
611
605
602
599
593
599
601
606
604
588
603
586
602
595
586
574
551
512
499
514
530
550
600
643
647
633
620
635
658
633
607
626
652
650
586
513
490
556
595
597
581
589
583
598
616
630
646
634
621
580
562
550
559
554
561
550
547
561
548
546
537
526
546
538
552
538
534
541
549
555
543
544
539
556
524
475
435
425
489
565
625
630
625
605
598
622
608
582
532
496
498
502
495
498
516
523
524
485
433
412
421
419
419
413
405
418
412
410
418
426
435
435
436
446
435
437
425
419
398
412
406
416
413
416
429
454
479
468
456
458
464
472
465
484
555
580
585
578
583
580
589
567
561
565
571
600
629
645
664
643
639
660
647
622
557
525
520
534
531
536
525
520
479
458
446
449
480
477
477
488
523
569
592
604
588
587
597
603
593
562
527
541
541
553
532
537
544
554
546
527
511
503
487
490
495
489
499
499
489
497
497
497
495
514
536
558
559
555
552
555
570
587
587
595
585
604
611
562
502
462
466
513
499
460
467
532
627
679
654
607
585
599
603
597
589
582
579
527
509
499
507
526
517
518
494
484
466
462
461
467
459
461
457
474
486
480
474
465
495
535
563
564
559
565
532
512
477
464
471
488
503
519
511
526
527
529
512
512
548
609
667
667
645
639
649
654
628
583
562
556
576
569
565
558
574
563
530
523
529
542
526
524
525
571
630
684
706
678
644
610
578
582
576
594
606
601
544
489
438
443
449
455
455
451
444
435
428
428
426
419
422
406
412
405
420
467
554
615
614
588
577
591
609
562
525
498
493
497
503
503
510
496
468
440
440
444
450
467
469
471
465
462
472
485
462
443
439
431
419
424
418
427
424
409
431
431
451
453
465
474
471
456
458
491
547
583
587
579
580
585
588
592
570
563
576
590
580
582
571
573
571
561
551
558
579
595
616
609
631
640
604
547
505
497
515
521
510
489
497
549
586
629
622
620
628
632
641
642
596
533
483
488
492
502
479
502
505
497
450
392
348
361
376
379
348
359
380
419
455
495
566
610
607
601
594
595
582
550
528
535
533
546
549
540
543
522
519
501
528
509
503
501
546
587
607
563
544
546
558
555
546
549
526
516
518
520
539
517
519
509
520
514
526
506
511
539
543
549
542
537
540
549
532
542
523
565
617
670
661
660
657
668
673
626
579
552
563
579
576
571
555
531
493
494
497
516
502
486
495
532
585
609
610
600
593
599
590
584
558
543
527
546
542
549
528
531
533
543
532
532
557
594
601
600
604
609
609
605
597
601
606
596
567
554
547
561
556
557
568
570
533
474
440
438
444
445
439
444
448
437
414
401
395
403
402
404
404
403
401
393
385
388
409
397
376
396
417
403
362
365
450
572
663
667
630
651
655
658
647
639
642
619
572
534
556
561
544
502
490
481
485
488
480
477
473
474
515
592
650
641
613
616
645
640
615
566
518
487
455
468
531
621
671
660
646
649
663
675
627
598
592
592
595
587
596
587
590
593
582
570
548
546
561
557
563
544
563
565
534
463
423
425
436
435
439
424
421
440
436
437
434
438
436
426
432
440
457
436
442
470
569
615
624
595
582
609
604
561
510
469
473
487
482
495
499
486
488
477
460
465
464
455
457
507
549
589
585
569
545
576
585
573
551
536
532
543
548
522
543
556
588
603
610
620
621
593
543
512
519
528
512
511
541
564
597
604
592
596
606
591
575
565
560
567
559
560
550
558
559
549
552
554
560
556
554
546
545
537
545
578
600
607
598
587
594
601
595
560
517
487
492
504
500
496
498
464
436
424
421
415
419
426
441
436
436
446
472
492
516
515
505
507
512
513
550
593
637
665
653
627
585
571
559
566
564
581
559
549
540
532
538
534
517
517
566
614
670
687
672
660
624
596
555
549
560
555
558
561
547
562
549
544
522
517
499
490
500
518
490
490
528
581
630
628
593
599
620
642
624
593
577
581
583
586
574
582
586
585
553
520
504
486
494
494
491
496
467
426
410
411
414
414
412
398
433
461
469
463
457
494
555
600
601
580
559
584
576
582
557
539
545
553
554
534
538
536
541
513
497
501
522
523
512
496
515
533
564
551
562
544
552
547
548
558
563
552
545
542
548
562
565
543
546
556
563
567
543
557
560
559
537
548
523
498
485
526
604
634
588
544
525
519
516
530
520
529
532
525
515
523
527
530
541
528
531
524
528
528
543
522
525
531
541
530
516
524
528
513
516
529
548
537
496
513
565
550
383
144
