657
665
609
582
612
634
607
572
589
611
605
573
578
607
617
562
530
507
508
518
554
615
654
641
612
624
651
650
633
605
626
664
640
578
518
480
460
470
523
586
630
633
613
607
629
636
621
630
616
616
610
618
613
624
618
589
541
522
516
531
540
506
453
455
455
458
438
440
456
454
437
416
416
422
384
401
478
602
689
673
645
637
668
683
665
651
655
675
667
669
678
673
652
584
556
540
548
553
552
545
556
579
591
615
633
599
614
631
622
575
510
485
480
501
495
501
497
454
393
333
347
359
369
370
346
378
401
451
475
493
480
474
467
501
545
573
564
559
571
575
560
523
499
455
427
439
500
565
618
638
595
600
619
623
618
623
613
621
607
606
624
636
608
553
527
515
518
527
524
537
525
529
535
533
514
489
461
467
470
466
463
471
460
446
442
450
461
461
453
444
448
461
443
441
451
463
451
447
461
492
500
492
510
572
579
529
452
442
437
424
437
472
561
607
626
595
575
603
598
585
581
594
611
606
592
565
527
479
468
504
516
496
463
467
474
489
454
431
448
446
418
429
484
557
601
592
578
575
571
502
464
477
505
498
481
475
502
480
469
482
536
646
682
690
698
692
675
600
570
544
570
574
580
592
571
558
484
458
463
486
472
457
464
469
470
459
454
479
472
466
453
495
530
544
549
541
541
548
558
575
611
601
608
609
606
615
603
592
567
525
502
483
494
508
513
483
477
465
465
430
417
386
380
365
375
377
397
402
393
392
404
391
387
382
460
551
623
628
599
577
604
619
592
604
613
618
583
518
488
488
495
485
492
502
501
503
486
482
474
464
460
459
474
461
459
484
534
547
534
519
547
549
520
529
564
630
660
651
639
645
659
667
667
662
658
654
633
644
653
659
629
586
561
558
578
567
564
528
503
502
515
521
514
492
522
583
605
613
615
602
607
611
594
598
609
606
601
608
596
603
589
539
504
496
518
524
499
484
514
523
522
506
504
515
524
501
500
549
598
610
604
600
613
606
582
532
515
508
516
515
504
509
498
479
458
466
461
470
456
456
469
471
475
474
462
463
469
474
485
514
538
545
557
537
528
523
571
620
662
663
658
653
659
673
653
647
599
585
575
586
579
574
571
578
567
576
573
583
590
571
568
596
581
552
492
457
429
397
355
341
407
505
567
580
567
561
570
563
559
565
596
593
588
552
508
454
440
464
490
480
457
461
525
605
669
666
656
664
657
659
661
664
668
658
616
581
583
584
565
587
593
596
555
538
517
486
474
451
441
449
461
455
471
456
453
425
407
399
422
418
392
401
423
429
430
409
391
392
383
381
380
385
381
383
385
397
392
385
375
390
378
385
377
402
459
478
507
477
494
498
485
489
499
494
480
480
512
571
611
602
593
596
600
613
607
598
586
600
596
593
599
585
565
564
565
568
556
562
579
570
579
579
607
634
642
638
619
648
634
609
564
525
528
530
529
536
532
507
480
440
439
455
455
452
449
437
435
425
424
434
423
430
430
431
422
427
435
441
435
426
471
552
608
580
518
492
507
513
487
489
540
612
642
624
614
611
644
633
583
512
494
483
486
500
487
504
492
488
462
431
406
404
407
409
415
411
419
397
393
430
475
523
520
503
497
504
530
571
591
612
600
560
515
487
474
483
485
479
464
450
437
440
421
412
396
407
397
407
416
421
397
390
456
578
662
660
627
617
661
672
603
495
426
416
451
505
551
595
604
594
582
580
583
572
567
585
591
590
591
565
592
571
578
581
587
590
566
537
505
517
523
524
527
517
526
507
520
543
597
635
632
618
616
635
648
635
600
564
530
514
515
522
527
516
491
448
404
415
441
433
410
392
389
415
389
369
364
452
578
654
663
651
651
648
655
629
596
582
584
590
598
592
554
505
487
493
496
495
489
496
505
501
490
423
417
397
385
392
397
403
389
385
390
395
377
391
461
568
647
659
641
625
652
652
610
574
555
553
539
540
549
573
562
548
520
503
504
505
488
530
564
573
575
574
571
548
489
447
447
469
465
455
462
478
477
472
465
478
481
457
471
500
544
586
590
581
572
580
590
570
555
551
555
549
532
509
505
500
498
517
542
564
570
563
524
513
529
577
612
627
623
612
617
620
589
557
522
519
534
537
530
525
530
534
538
526
527
521
524
525
541
536
526
522
531
534
524
516
533
535
540
538
524
533
537
528
533
537
527
519
523
519
535
534
528
531
521
525
527
519
517
515
526
531
532
529
520
515
526
530
526
519
524
544
519
505
518
555
551
514
531
580
545
396
160
