634
650
602
588
628
633
623
609
610
610
604
589
589
607
608
608
581
535
504
501
527
520
517
505
516
527
518
510
507
515
504
497
558
613
649
655
635
641
587
527
458
447
466
471
467
470
478
474
503
569
635
648
624
618
629
639
614
602
607
612
610
599
597
615
615
580
523
488
482
484
494
482
490
496
523
520
512
502
518
532
550
561
574
567
540
482
448
452
460
461
450
484
572
626
631
603
599
620
622
569
536
503
504
508
517
512
495
506
496
497
504
496
520
515
516
504
477
506
482
434
405
396
408
418
420
413
423
430
433
427
439
437
437
446
433
421
418
416
410
409
401
410
422
447
474
453
468
463
449
448
483
539
564
576
568
553
562
575
585
611
616
613
613
614
628
619
610
622
630
637
636
619
622
620
621
616
630
647
597
557
523
527
529
523
537
530
534
496
448
449
460
469
457
457
444
474
483
479
498
484
492
482
478
466
517
573
615
604
604
588
603
613
603
582
595
603
608
598
589
570
544
528
544
537
546
529
501
494
483
495
502
494
489
486
525
556
582
578
575
566
598
608
612
596
546
477
427
416
439
450
428
429
438
433
425
410
412
443
414
382
394
496
614
698
714
689
670
639
596
590
605
621
620
602
601
624
606
582
539
530
512
506
481
460
476
471
467
468
465
480
482
478
470
464
483
466
474
473
482
482
466
444
432
439
432
439
435
423
419
423
426
420
431
434
424
422
435
425
428
422
426
427
438
430
417
416
419
434
425
431
430
427
428
426
421
424
414
429
432
441
451
462
446
463
477
517
503
503
495
546
619
662
652
635
640
668
670
644
639
650
674
650
634
645
684
664
633
606
585
567
583
579
565
537
508
506
521
530
522
508
470
443
424
439
514
614
676
674
657
658
671
678
683
671
667
658
640
652
668
667
666
668
672
658
606
575
558
567
582
574
569
556
573
573
586
540
475
433
410
413
428
429
428
414
418
461
532
596
600
539
457
418
427
435
454
439
434
432
433
444
418
433
479
571
629
641
595
588
621
628
616
576
519
494
481
497
488
476
467
457
465
477
468
472
464
495
544
576
588
570
562
575
568
582
576
571
570
565
568
558
559
575
555
562
560
559
554
558
561
588
611
635
628
622
623
622
618
601
557
508
500
522
526
498
502
535
619
642
612
530
498
488
460
395
352
348
361
373
362
352
381
426
466
463
435
441
475
563
609
619
590
582
603
600
574
547
552
551
531
515
520
515
506
508
537
576
619
617
607
587
597
562
540
543
553
555
550
554
568
550
515
516
510
516
517
515
515
519
523
509
520
520
520
528
516
519
521
513
520
501
518
517
526
515
523
522
516
519
543
551
545
531
530
526
542
538
524
534
565
627
669
681
653
668
677
666
644
582
558
543
556
575
567
579
560
567
562
561
556
560
576
569
571
570
577
572
542
512
484
489
494
494
488
480
495
514
493
489
499
527
564
601
595
587
601
597
594
551
525
531
548
541
530
523
565
595
605
595
610
602
605
603
609
607
609
603
582
561
560
577
584
578
542
493
452
441
465
462
461
449
441
440
430
439
448
455
444
442
481
574
630
614
562
503
473
484
474
470
460
453
458
474
468
455
464
475
480
445
463
503
585
661
677
649
631
648
672
664
604
530
466
437
486
536
607
647
665
661
645
642
646
657
634
603
598
582
596
586
583
574
579
562
548
547
557
550
552
555
559
539
517
488
487
518
506
498
495
491
495
503
507
504
498
526
563
609
610
578
566
580
617
605
564
502
493
499
503
493
499
489
498
485
474
463
472
490
473
459
459
513
560
585
589
560
572
574
582
569
559
532
543
523
516
509
513
520
522
518
518
516
510
511
500
507
520
518
519
507
521
507
516
517
513
515
511
507
531
580
622
613
612
602
620
625
606
576
568
541
541
553
564
556
557
556
552
557
558
550
578
605
598
593
581
603
614
577
514
484
490
503
512
499
498
476
434
411
411
421
433
425
421
422
447
448
455
459
451
456
456
468
509
517
514
517
516
502
523
557
623
667
666
640
651
643
653
633
639
649
656
650
650
644
618
584
574
573
562
567
566
565
564
569
573
561
548
545
521
531
525
520
513
553
623
681
682
654
644
651
678
669
637
577
546
544
559
567
568
557
540
524
497
496
507
517
492
487
492
494
484
478
524
601
631
618
621
630
621
596
576
583
604
582
571
566
591
559
521
488
500
527
510
499
504
507
498
448
431
442
449
445
441
452
458
437
396
406
442
460
474
467
474
453
454
489
554
590
594
569
578
583
584
558
556
564
550
555
536
526
513
519
518
519
512
522
530
560
564
589
571
552
495
467
457
469
475
462
473
472
491
474
473
477
497
488
466
476
502
530
533
528
529
524
519
534
534
542
524
515
527
528
518
515
539
544
534
518
532
537
517
512
526
542
543
526
524
548
544
522
526
581
553
392
152
