659
673
589
572
617
614
582
570
601
614
562
516
510
517
516
502
518
514
523
517
509
523
521
505
489
539
598
650
644
629
632
653
656
611
522
461
449
471
501
485
454
493
584
637
643
615
608
619
635
620
601
602
611
618
621
589
547
512
508
524
546
528
521
515
526
532
524
530
528
521
522
523
526
530
524
514
513
535
526
512
522
552
534
498
476
459
457
443
441
440
461
430
415
404
402
408
424
410
414
423
399
394
487
585
670
680
660
652
677
682
640
588
547
554
557
550
546
558
598
628
618
598
612
621
621
575
520
496
478
495
484
500
514
472
409
355
362
367
362
363
358
371
361
362
385
432
496
494
473
482
486
476
461
495
545
587
585
559
573
568
570
574
559
534
524
516
514
532
525
527
524
537
515
514
515
510
520
507
515
538
571
604
602
596
591
605
592
600
608
608
603
599
602
593
595
599
609
592
588
594
595
605
578
527
524
514
535
527
514
526
529
544
500
470
462
464
464
475
458
466
472
482
475
465
451
438
451
443
454
452
453
443
456
462
450
445
442
456
450
442
448
455
480
495
502
510
516
505
499
497
522
534
559
565
573
530
462
429
441
455
447
434
476
549
615
611
580
584
594
587
581
582
601
602
605
597
603
610
576
503
479
474
485
480
482
478
466
446
438
429
434
433
458
537
586
612
600
588
575
585
567
574
587
593
590
573
524
479
470
479
492
492
478
475
485
505
504
479
475
486
496
489
480
483
486
482
490
495
495
491
485
483
487
492
486
481
488
479
462
470
543
637
710
699
682
662
676
706
707
654
601
591
593
594
591
579
587
557
508
448
464
488
481
434
382
355
364
370
362
359
364
381
405
428
447
414
397
417
479
563
611
623
616
604
616
630
624
597
543
499
492
504
493
462
451
456
431
410
383
368
387
380
374
373
388
407
413
399
404
395
382
389
385
398
383
394
405
404
376
381
460
565
641
634
597
597
601
617
601
601
613
619
603
595
619
609
582
537
495
496
516
500
480
490
495
480
468
453
465
451
463
470
477
459
457
466
521
543
525
529
534
551
540
523
563
639
691
659
584
561
564
563
543
553
577
572
535
498
485
471
472
473
512
570
608
603
602
608
612
602
587
579
558
549
535
541
554
584
610
613
578
522
506
510
522
513
522
534
508
457
440
438
441
448
421
403
358
327
338
419
525
584
583
557
551
574
569
553
581
613
637
632
617
619
631
618
584
565
562
568
561
568
554
557
574
539
493
443
438
442
439
402
350
353
433
522
565
572
557
568
563
560
571
566
559
572
593
598
535
492
506
590
665
674
649
637
670
669
632
603
585
593
577
588
583
588
563
522
503
506
512
498
493
499
515
489
465
450
447
439
425
414
407
403
422
409
403
399
418
417
399
390
385
389
385
382
385
387
385
370
401
466
502
506
482
492
497
489
483
518
581
612
608
591
604
605
588
574
590
629
658
655
633
637
649
648
637
641
652
640
629
644
635
617
559
515
504
530
545
534
528
534
533
532
529
504
479
443
439
454
464
452
450
442
440
429
425
425
424
436
427
423
423
428
427
425
423
419
445
431
423
429
474
548
594
609
587
551
523
504
500
503
512
523
503
494
510
511
500
507
510
503
503
500
494
508
504
496
503
514
514
488
495
543
590
636
618
626
637
626
591
520
477
461
435
414
398
394
448
479
509
516
510
504
503
524
570
600
601
600
602
602
599
599
588
570
595
597
600
595
601
598
594
587
594
598
601
589
589
600
597
552
510
476
478
482
483
485
479
499
488
459
431
422
424
425
430
422
428
413
379
348
346
377
385
349
355
418
546
602
595
569
571
586
585
584
589
603
608
548
481
440
446
438
435
471
536
578
596
575
571
583
603
585
564
586
586
587
591
590
576
592
575
533
521
520
531
518
513
546
603
648
637
614
622
644
645
603
551
522
528
527
527
531
524
512
530
535
532
519
506
519
536
536
516
528
537
532
511
455
413
404
411
429
436
425
400
376
398
394
390
384
472
575
674
683
651
633
642
670
667
627
612
571
584
592
596
566
514
486
464
496
493
495
482
473
445
407
389
405
417
409
406
411
410
403
389
395
404
417
396
355
378
469
578
652
661
638
616
633
634
634
621
605
588
535
542
546
541
556
517
492
503
509
510
489
501
515
544
566
568
581
571
534
497
455
457
462
466
459
467
486
491
470
462
485
537
551
542
540
527
516
491
494
512
519
501
491
521
539
557
547
548
540
514
499
492
529
594
612
616
606
622
601
555
521
523
522
530
533
525
529
537
527
527
549
533
523
520
535
531
517
525
524
532
519
521
528
534
515
524
526
536
512
509
528
549
533
521
526
525
528
511
519
574
558
400
147
