640
628
564
573
612
619
583
594
599
579
518
500
526
541
517
498
556
621
641
649
640
649
603
517
471
466
491
476
446
452
519
594
632
631
632
643
627
613
609
611
611
612
624
621
620
618
610
588
615
616
605
569
527
474
479
490
495
482
475
500
511
515
517
529
546
550
579
575
564
562
571
569
541
497
439
444
466
459
459
436
488
567
620
618
596
604
631
617
578
541
516
504
491
500
505
503
484
437
416
416
415
407
404
421
426
420
418
411
436
443
435
447
433
441
438
420
422
408
421
420
446
452
453
464
470
459
455
450
485
561
589
587
579
567
583
588
568
579
554
560
579
630
661
659
631
633
660
663
614
547
522
531
531
525
519
532
541
541
527
499
479
465
446
477
485
487
476
488
475
481
477
487
487
488
482
468
475
484
473
481
468
473
471
481
486
478
458
470
505
567
610
607
594
584
590
586
592
594
597
602
580
566
569
580
580
586
573
569
573
567
552
557
553
567
553
558
560
570
565
553
552
558
557
533
512
497
485
491
490
500
506
508
500
499
498
511
488
493
524
556
577
575
570
568
553
558
565
568
576
588
613
604
559
481
430
425
431
454
450
446
438
422
413
424
411
401
394
490
621
721
705
622
586
597
624
605
596
602
634
626
579
520
507
523
533
518
487
473
459
456
457
451
463
467
469
468
462
458
455
471
460
472
471
473
484
487
474
480
472
501
526
559
556
565
565
570
573
541
496
480
477
490
476
485
474
471
494
510
527
536
534
534
500
518
563
613
655
657
630
634
657
650
631
573
570
562
570
556
534
525
531
532
538
532
515
519
571
637
695
693
669
654
669
693
663
608
549
483
439
436
446
462
447
422
431
440
423
406
415
435
439
402
399
463
561
616
566
496
482
490
492
491
488
498
485
463
446
461
453
440
434
465
464
472
482
464
467
478
459
436
434
412
423
419
433
459
461
467
459
472
467
465
495
541
590
605
579
573
587
592
568
558
563
557
561
554
544
564
569
594
632
633
621
596
605
641
639
602
538
525
512
515
515
513
512
533
490
493
537
588
628
637
621
632
645
649
628
592
532
483
473
494
511
499
485
481
504
512
452
398
361
359
367
367
355
360
357
362
394
429
467
468
454
462
456
445
448
499
563
602
612
605
598
603
625
610
578
561
552
542
560
558
555
546
544
548
543
539
530
531
532
536
523
532
549
572
599
609
577
591
608
620
575
517
482
477
483
483
470
470
482
481
474
468
485
508
524
539
541
546
546
533
530
582
630
663
674
668
653
617
587
570
556
567
568
566
563
544
516
491
487
491
504
499
490
468
489
515
560
606
611
609
581
592
595
571
551
526
540
539
547
523
536
566
592
618
592
601
605
617
613
597
567
568
554
569
566
569
532
493
462
442
462
476
456
448
453
455
434
425
430
435
439
418
419
465
522
580
571
556
559
573
572
555
572
594
560
508
477
478
496
478
475
529
603
655
638
623
630
626
593
506
455
459
486
492
473
481
528
621
671
664
626
583
577
587
588
582
594
589
586
558
551
553
555
564
552
541
540
549
534
526
503
506
512
503
499
488
532
560
604
618
608
598
606
604
602
552
519
482
478
492
502
492
467
462
485
472
477
459
498
554
578
567
570
572
583
583
577
564
572
576
575
581
568
575
570
570
572
567
573
562
572
569
569
587
571
579
572
568
580
594
585
561
548
535
539
528
533
541
544
534
521
536
545
585
602
609
613
614
627
619
621
602
605
602
616
607
589
548
526
520
527
518
523
518
551
567
590
593
596
595
588
594
600
591
585
557
551
566
556
550
552
544
565
564
553
548
562
550
554
542
565
581
584
593
605
591
579
589
586
568
525
476
481
492
494
461
435
424
428
419
423
414
415
421
418
417
417
435
442
449
436
444
457
445
461
469
496
512
524
524
517
491
506
559
612
664
674
656
613
586
571
530
518
518
535
520
511
518
564
630
674
677
659
651
680
670
630
567
548
557
561
562
557
557
542
534
504
482
492
506
506
485
499
546
593
630
622
615
602
598
591
585
573
581
592
580
565
523
496
498
511
512
520
514
506
533
499
477
450
446
447
444
445
454
447
440
415
414
387
381
392
405
399
388
390
415
448
458
455
456
463
455
458
488
552
593
588
581
586
588
572
557
540
539
552
537
540
550
551
533
514
492
503
503
497
519
554
557
562
569
558
565
553
553
558
549
557
544
526
512
511
513
529
515
519
532
517
537
529
517
528
532
532
525
530
524
530
520
526
523
521
516
532
536
537
521
539
543
521
518
523
535
521
513
525
553
538
506
528
571
559
394
139
