648
656
583
572
612
638
618
599
597
592
583
559
581
605
604
585
567
539
512
496
509
525
524
516
512
518
514
501
510
567
621
657
654
644
634
610
620
643
651
599
525
455
454
479
473
469
479
483
483
453
455
513
594
619
624
622
622
623
621
629
623
619
619
617
613
615
608
613
619
628
630
620
631
626
622
629
628
620
579
521
479
475
489
502
487
467
474
478
460
455
444
507
572
616
648
636
634
636
640
652
653
607
522
465
461
511
576
591
594
581
575
517
464
468
486
484
459
460
516
563
595
607
591
580
591
581
594
584
582
562
559
554
557
554
554
566
553
530
522
530
539
518
524
543
565
588
580
582
570
579
594
621
633
603
534
486
481
512
519
488
487
513
529
519
518
516
526
515
519
525
559
579
589
610
616
602
567
513
477
475
489
481
462
415
407
396
425
416
401
416
443
488
510
512
507
494
508
510
509
495
516
542
576
578
572
571
567
571
551
507
475
478
489
485
474
471
534
622
687
710
682
673
689
678
647
597
571
578
584
576
595
630
661
647
643
620
641
627
598
531
501
482
479
466
480
453
446
431
505
618
699
700
685
687
697
665
611
582
561
587
607
609
611
567
504
482
471
500
487
460
420
415
409
420
413
424
424
414
411
411
417
418
416
418
437
445
445
440
433
426
443
443
444
443
439
431
427
438
436
437
445
456
469
457
471
460
460
452
461
462
450
438
419
432
454
438
431
424
416
443
427
419
418
432
456
440
417
427
481
569
619
626
603
622
639
626
565
485
451
441
451
503
559
610
611
600
583
591
609
605
590
586
602
596
554
481
426
428
440
465
431
436
470
534
577
588
586
564
585
568
573
576
588
602
583
561
549
541
547
541
532
543
534
546
553
564
562
561
557
522
511
502
499
512
522
521
518
539
567
576
582
561
569
561
525
463
415
427
453
444
430
421
456
502
510
495
498
508
508
496
529
587
614
612
593
604
613
580
522
477
476
494
495
476
473
488
497
493
504
492
498
487
508
521
517
511
510
522
538
511
513
513
553
585
612
618
609
605
610
619
624
606
595
606
624
611
577
505
465
477
479
475
486
478
480
465
465
458
434
459
451
468
450
434
445
521
629
710
723
685
686
689
705
691
682
677
702
708
680
626
568
558
560
582
566
563
570
587
613
618
621
620
611
614
619
620
627
628
620
595
552
523
514
523
536
539
509
468
421
414
431
443
424
413
437
431
410
389
395
457
536
578
575
558
560
577
571
565
561
551
535
531
537
534
555
558
557
569
557
572
543
515
478
479
478
486
460
467
524
635
712
718
649
581
560
565
574
560
562
565
562
571
583
605
615
608
613
622
635
623
610
589
584
558
544
548
557
559
567
594
616
603
562
510
474
471
493
490
486
480
489
486
480
487
494
496
507
541
568
579
573
549
563
562
555
539
528
536
531
534
530
526
532
532
535
538
538
538
522
527
537
544
557
546
547
542
548
559
572
562
546
547
526
525
521
528
534
539
525
533
521
541
566
581
600
583
585
603
585
594
593
587
580
574
570
559
570
561
563
579
571
576
566
586
621
647
651
640
630
630
648
637
629
631
655
652
609
546
513
498
498
505
520
534
519
497
456
419
430
421
437
435
465
488
500
484
482
472
476
470
495
550
571
566
550
553
579
586
540
480
407
413
436
444
430
422
452
475
460
462
503
582
660
666
642
620
644
652
638
580
524
491
473
467
489
492
464
448
474
463
439
442
512
632
696
708
679
689
704
692
610
576
584
618
610
542
482
440
442
439
471
460
451
438
441
419
395
397
413
403
385
397
466
584
673
661
654
656
677
643
593
546
554
567
563
577
590
603
619
629
630
583
547
508
506
526
519
512
501
528
594
613
621
621
623
618
618
604
603
575
542
526
547
575
574
565
572
572
560
558
574
576
572
537
488
455
445
459
453
460
461
464
476
465
478
480
459
462
470
499
548
584
591
582
578
585
589
574
573
580
571
581
575
577
566
579
584
575
585
589
585
577
581
576
593
584
577
544
543
550
545
532
554
557
544
515
511
517
535
553
541
549
545
549
559
540
523
495
510
511
515
498
500
534
581
606
555
513
521
527
545
521
507
524
537
524
539
536
536
529
518
526
542
535
531
526
532
526
517
526
543
529
518
532
537
530
524
528
539
527
513
514
565
555
390
152
