640
660
605
594
621
647
619
584
602
609
587
580
605
615
610
573
510
505
520
519
518
500
509
539
598
639
648
636
654
638
636
631
621
637
627
653
657
647
646
635
656
653
591
515
464
442
483
494
463
448
488
514
594
614
621
611
612
631
620
622
618
614
620
610
602
617
617
572
516
468
469
490
495
484
477
505
511
520
506
524
531
525
528
559
574
575
553
546
560
581
559
526
486
445
428
456
452
459
446
444
495
566
607
617
610
617
625
629
591
534
499
500
523
513
486
488
502
512
514
508
511
501
475
447
415
420
423
413
418
408
433
409
413
421
437
446
442
426
434
432
416
402
413
423
420
403
398
424
443
466
472
469
457
464
505
556
587
577
566
573
593
581
559
559
587
616
646
650
659
649
641
657
662
658
602
557
544
537
539
529
523
532
525
482
460
455
477
468
469
479
470
477
467
477
480
483
470
468
503
546
571
567
564
550
550
558
560
544
510
477
481
490
506
489
489
520
552
575
577
568
579
594
599
587
597
607
595
544
483
428
433
442
460
441
413
424
425
414
385
405
497
619
688
712
695
676
702
711
693
658
617
619
598
579
532
501
509
514
513
517
515
520
535
503
476
461
450
467
460
465
469
486
494
483
482
468
478
499
535
555
581
562
565
558
556
563
566
566
546
496
477
473
494
499
514
535
518
522
525
528
509
519
560
597
652
669
658
632
649
656
649
640
647
647
647
666
646
655
657
640
644
649
654
650
627
598
569
562
554
568
563
576
564
569
561
546
527
508
529
535
528
509
530
573
645
690
698
675
674
691
695
694
661
624
583
577
577
592
599
587
594
593
607
594
593
588
600
590
558
491
452
450
473
472
459
447
441
453
425
414
416
476
558
622
634
612
559
522
502
489
489
495
494
494
460
443
445
436
443
450
437
432
436
442
450
464
486
475
456
431
422
409
429
432
423
428
426
453
461
463
457
498
543
590
580
572
589
591
579
554
552
560
559
559
558
577
607
623
631
638
621
578
540
504
494
513
530
586
636
662
630
623
616
626
590
537
483
484
487
522
516
446
376
350
352
365
363
368
373
420
445
476
450
438
449
504
554
599
600
590
589
611
606
588
553
534
545
560
541
517
518
512
507
521
543
586
622
618
606
593
613
607
608
608
620
611
604
603
623
620
600
587
570
555
549
538
522
514
509
506
517
520
520
514
514
508
523
545
548
553
529
534
578
635
668
681
660
649
661
670
657
660
674
684
661
652
682
674
647
557
505
477
490
490
497
502
502
494
490
521
558
588
604
595
607
609
604
588
556
536
528
539
539
537
547
541
578
610
627
581
560
566
574
570
552
556
565
570
533
491
458
454
456
465
450
444
451
460
460
449
433
443
437
443
443
456
448
429
434
484
576
627
637
600
595
609
603
561
502
460
454
463
467
466
463
475
485
474
466
461
484
473
452
460
517
614
670
647
622
630
653
641
593
523
478
455
463
514
598
648
673
654
646
650
656
650
644
658
674
670
658
648
636
649
653
652
672
668
672
659
634
602
584
566
590
605
585
575
560
559
558
543
545
542
550
545
525
513
488
493
506
499
486
492
493
505
507
495
485
514
566
598
601
597
592
599
598
570
522
493
483
498
502
500
470
465
468
472
492
482
476
458
469
478
512
546
551
554
537
543
544
563
548
542
532
544
547
510
470
437
432
439
435
427
424
477
571
605
608
585
572
591
593
567
522
516
540
577
595
596
587
585
588
603
615
593
567
546
552
552
565
549
554
570
561
554
559
581
578
593
588
594
618
608
597
597
608
597
565
517
489
475
476
497
489
472
456
417
403
414
432
415
417
424
421
426
419
420
432
420
409
415
438
456
445
447
450
481
494
507
510
516
512
500
515
549
612
651
655
654
640
645
659
661
623
581
569
553
567
560
575
582
567
561
567
578
583
555
531
517
517
529
521
524
567
624
671
681
655
632
593
554
544
548
554
549
553
535
525
498
489
500
511
492
488
541
590
624
635
633
620
612
601
589
574
559
521
497
486
517
504
507
497
493
469
433
430
442
466
444
435
426
417
404
381
379
398
447
450
460
464
452
459
456
466
468
466
468
464
457
462
459
469
450
447
455
450
479
453
463
487
540
580
600
574
566
586
600
590
566
550
550
542
523
498
509
510
497
511
521
532
556
542
553
545
561
561
536
532
507
493
491
504
494
486
505
525
566
594
621
611
590
583
584
583
584
581
579
595
578
560
534
525
515
526
533
530
526
538
531
533
524
530
528
535
522
520
522
551
537
513
527
527
539
523
518
518
533
542
531
522
532
530
527
535
538
542
517
515
534
536
533
532
521
534
531
529
526
539
534
524
506
526
542
528
520
527
531
529
501
523
545
534
513
523
563
560
400
147
