637
663
609
604
633
638
609
602
618
616
595
593
580
610
589
579
568
559
502
503
508
530
517
495
546
621
649
601
504
464
466
480
472
519
583
635
645
611
608
622
640
623
618
622
620
632
626
579
528
484
469
476
478
477
467
480
473
462
459
476
477
459
465
510
615
659
651
612
606
648
660
585
504
464
464
480
470
470
530
599
651
661
646
623
618
631
637
642
651
649
637
626
637
618
590
559
555
576
579
568
548
561
572
576
571
577
579
577
585
593
590
606
608
598
594
603
602
582
583
572
563
580
571
564
567
560
562
561
541
533
528
524
520
539
575
601
605
594
564
571
594
605
617
624
630
624
605
633
638
641
589
527
481
489
504
512
498
512
510
523
522
528
542
574
600
627
608
592
618
613
590
565
511
478
466
466
477
493
495
445
435
401
404
406
418
424
401
419
440
489
521
516
496
498
515
502
521
520
540
564
574
576
584
591
568
557
514
478
470
481
497
468
445
470
534
630
684
691
670
689
697
691
677
678
682
673
621
567
572
584
601
618
615
630
645
635
626
599
543
477
465
469
500
486
466
453
466
467
435
449
530
621
708
716
682
674
683
703
678
668
607
581
580
582
590
590
574
589
611
608
562
514
469
475
487
505
498
479
488
499
495
463
431
413
423
423
422
405
416
415
411
408
419
412
406
421
411
441
458
454
450
443
453
447
450
430
444
434
450
446
438
444
436
449
446
465
466
447
464
464
442
438
429
430
428
433
411
435
426
441
441
434
431
431
424
412
415
421
421
427
414
417
427
428
436
441
419
422
467
571
642
634
597
583
625
649
588
488
431
457
474
456
440
483
567
612
605
577
589
603
612
591
594
615
604
588
597
605
598
559
478
428
438
456
460
437
427
423
427
419
421
446
485
547
589
585
562
565
583
588
585
577
579
591
587
592
579
585
569
580
582
586
569
544
525
548
571
562
565
559
552
555
561
566
560
525
528
504
515
533
563
579
573
548
570
579
571
573
563
582
573
540
471
440
429
444
454
449
438
433
435
454
490
506
514
510
511
503
500
499
532
584
615
614
598
591
604
604
618
606
575
523
490
461
487
512
491
484
475
496
499
489
483
487
488
487
501
522
526
526
520
522
518
528
543
580
617
630
607
592
615
622
604
605
597
619
604
595
607
610
574
511
472
469
491
482
475
455
460
450
451
455
459
464
447
442
470
455
429
434
514
648
715
709
683
684
694
690
689
690
694
682
673
682
707
707
696
698
685
663
602
559
572
630
629
607
609
616
641
628
619
630
639
612
565
516
518
519
528
535
510
461
422
415
428
437
419
427
437
409
428
420
427
427
402
417
455
518
566
577
573
563
555
555
538
533
532
545
526
540
552
566
564
543
502
450
460
523
632
689
680
632
588
556
557
560
565
567
563
562
568
570
559
559
576
597
605
597
605
604
613
616
610
589
560
558
548
561
555
571
579
604
585
601
585
579
589
545
502
474
478
497
507
496
495
493
487
493
481
514
549
568
572
571
559
565
566
568
560
560
538
533
538
527
528
537
562
570
567
566
561
566
551
535
498
510
514
510
520
556
565
566
554
558
567
559
537
520
515
528
534
519
530
536
539
528
528
553
569
597
589
574
573
560
560
565
573
566
562
567
586
623
646
652
652
645
615
555
506
499
524
529
495
451
428
431
434
429
437
462
482
477
475
509
556
562
561
548
563
572
573
545
553
585
572
517
473
429
431
419
427
440
437
427
443
431
440
430
436
465
475
473
466
470
457
450
470
517
590
648
663
633
613
649
655
642
603
570
556
531
546
538
542
554
534
541
536
515
495
491
495
493
496
499
486
459
445
423
434
454
444
436
441
431
419
415
406
428
407
401
396
427
418
391
399
497
620
686
679
661
666
691
650
592
564
593
604
556
472
428
438
455
451
442
445
456
452
423
391
407
424
416
384
395
477
594
678
685
644
648
666
675
653
637
648
671
664
630
586
559
548
556
552
555
554
571
596
617
621
615
613
625
589
543
520
510
517
522
511
521
528
538
507
523
541
582
602
618
616
607
559
520
539
554
557
542
541
555
569
556
567
579
577
575
560
569
574
537
479
447
463
469
465
454
456
456
472
468
463
447
455
464
470
482
475
483
482
476
463
467
496
555
580
579
573
576
570
563
547
542
545
549
552
537
520
530
510
500
513
505
528
535
562
545
544
550
548
545
543
544
561
548
503
499
497
503
511
489
500
521
580
601
620
601
595
581
559
583
588
585
578
580
563
544
520
504
523
535
521
507
522
520
524
519
528
532
523
521
525
532
531
522
524
527
530
516
531
540
537
522
514
524
542
519
521
521
538
536
515
523
536
527
504
518
568
560
395
152
