652
665
599
586
613
632
615
598
588
601
589
580
571
592
613
566
537
506
510
533
518
509
505
539
597
623
640
628
631
624
642
646
645
579
512
457
449
458
464
467
471
456
464
462
510
593
638
630
622
608
627
637
618
611
602
609
630
619
611
621
619
629
587
532
488
489
492
503
507
509
519
521
512
509
514
513
520
558
572
576
570
569
585
580
541
485
458
455
465
489
550
613
623
599
576
589
616
583
516
485
491
500
486
478
483
488
505
503
518
498
516
501
495
489
501
509
508
494
509
500
512
494
483
502
500
496
499
498
493
505
482
467
464
454
464
457
471
461
454
436
433
440
441
453
445
433
437
437
431
436
447
429
420
425
431
446
456
456
458
449
454
441
437
424
400
401
409
405
399
422
430
438
459
466
473
455
456
450
459
477
453
459
499
542
593
581
569
571
582
577
578
579
576
581
575
556
569
564
583
584
576
567
583
625
644
662
622
635
649
649
612
564
522
525
540
538
532
532
532
529
538
546
523
483
463
459
459
462
482
486
476
483
512
569
606
618
598
597
609
602
550
530
545
560
535
542
551
561
536
492
485
520
554
568
562
575
600
615
614
603
610
595
596
606
612
557
477
424
422
444
443
431
430
423
409
412
431
423
416
410
499
623
704
711
686
681
701
689
651
602
598
606
613
614
615
577
549
515
500
522
520
512
503
489
475
455
452
461
465
481
468
497
480
468
470
488
531
558
566
561
531
499
473
468
494
487
474
479
489
510
526
525
536
523
520
567
607
652
656
648
637
649
663
667
647
638
587
557
543
566
577
588
558
543
536
532
531
530
527
521
530
563
656
698
691
661
669
690
697
653
599
565
560
565
561
582
593
548
477
447
440
452
459
448
440
422
426
420
420
414
417
409
463
542
602
603
569
525
517
508
490
491
480
480
485
469
465
439
433
454
463
468
462
464
456
468
463
466
466
462
473
467
476
466
456
471
465
463
433
426
423
423
421
421
407
426
430
428
429
444
463
473
446
454
484
542
589
579
578
571
581
582
579
563
560
562
563
565
564
579
569
554
561
582
618
643
646
629
635
651
642
611
553
514
524
538
541
530
525
538
547
528
495
470
454
431
417
387
351
347
352
363
366
338
335
378
432
462
452
444
464
464
452
451
485
558
603
610
598
591
610
590
597
581
596
585
569
540
545
549
550
542
538
532
547
538
532
514
501
537
575
606
620
606
621
615
626
606
591
561
555
540
548
562
571
550
528
524
517
510
516
528
559
532
519
517
563
628
670
673
671
671
634
598
562
554
569
545
528
505
493
490
500
482
492
491
512
505
481
482
531
560
610
609
596
595
605
603
594
594
597
608
584
558
538
537
544
525
532
548
587
606
612
607
597
604
608
592
573
562
571
568
565
553
558
565
578
571
550
565
564
533
481
458
464
453
469
453
449
465
459
466
457
422
430
474
560
625
630
605
595
602
610
599
592
553
506
460
454
465
484
481
468
466
486
479
443
464
506
591
645
665
654
639
641
664
653
613
523
455
455
483
481
453
456
527
610
676
679
655
649
655
642
638
658
642
649
650
668
659
640
598
586
592
589
576
574
586
579
567
543
540
547
558
544
528
513
489
493
490
511
515
509
503
493
500
494
501
492
494
504
495
478
495
526
578
608
624
602
596
616
602
567
515
468
484
502
497
495
483
478
459
458
466
468
482
464
465
466
473
481
458
464
505
548
581
587
564
558
546
527
532
527
536
533
518
520
534
554
595
610
607
598
615
620
604
593
550
521
516
541
529
521
516
538
576
599
601
576
583
589
595
601
568
563
561
560
567
559
552
555
566
562
558
550
545
556
552
552
564
579
605
608
590
600
597
600
557
507
479
474
504
511
484
443
419
416
433
432
447
453
448
451
450
461
503
532
528
503
517
522
512
487
493
545
616
642
656
670
659
635
600
561
557
567
576
569
562
545
531
520
543
538
524
525
548
631
672
672
657
638
663
659
658
655
654
674
673
656
654
669
659
644
644
665
687
673
633
569
536
552
544
550
554
555
536
514
497
498
505
501
496
524
581
635
646
624
587
620
621
629
611
612
630
612
597
585
586
582
577
569
578
598
560
536
500
499
511
514
516
520
516
497
454
443
435
447
438
446
444
442
432
436
430
442
449
438
440
436
452
427
402
392
392
397
390
388
392
403
407
438
491
548
590
592
572
580
577
584
585
579
568
552
546
553
543
564
548
525
507
505
508
528
502
507
513
512
507
518
518
507
494
518
543
545
551
552
557
559
561
537
513
500
485
493
513
504
488
487
531
577
605
605
601
597
598
600
600
601
591
579
579
589
598
560
544
524
523
520
528
531
541
534
531
529
540
544
528
529
529
523
527
525
543
537
525
524
524
535
534
523
538
549
542
513
514
569
546
403
159
