656
661
592
572
613
639
621
590
610
616
603
569
595
616
604
562
545
522
516
509
510
511
545
587
628
646
632
608
616
641
645
586
505
464
474
471
479
469
480
478
461
467
500
574
640
639
605
607
634
641
627
619
617
632
631
587
551
523
530
526
538
525
530
531
517
536
512
508
518
546
525
516
467
453
451
445
437
443
454
440
450
441
452
433
439
455
460
447
451
451
452
447
441
449
462
463
452
443
461
455
445
430
428
418
392
405
471
592
671
681
661
663
674
665
653
651
658
663
665
673
626
575
541
536
552
553
533
548
573
626
624
614
605
610
606
600
609
608
571
528
481
496
517
504
480
485
513
508
465
391
349
357
371
369
347
370
377
373
358
366
400
455
478
475
480
468
459
470
514
548
563
584
578
564
536
477
434
439
452
468
472
450
444
444
474
555
615
629
606
590
606
606
606
590
606
623
623
595
604
632
622
577
536
510
537
522
516
525
530
529
505
476
464
462
465
466
473
467
461
456
447
444
439
443
440
451
468
461
447
461
455
441
455
462
490
511
500
495
507
528
556
569
566
558
553
564
587
567
530
476
450
441
440
445
484
544
596
627
589
582
590
610
600
592
591
596
588
595
585
603
618
602
571
501
484
471
476
482
475
477
483
496
491
478
452
441
430
456
447
444
442
478
537
582
585
575
572
580
589
580
559
518
509
488
481
491
494
477
498
495
505
496
485
471
474
485
478
483
483
495
503
496
487
486
502
540
582
587
577
563
568
583
574
568
573
586
576
545
489
466
458
462
462
463
462
469
458
452
450
472
476
462
453
477
523
558
554
539
546
558
558
550
548
555
592
597
588
575
594
608
624
595
534
497
495
502
504
495
482
489
480
446
431
449
454
447
445
446
461
456
431
393
381
387
387
388
394
383
379
388
389
384
381
394
398
395
369
378
441
556
621
618
604
606
609
608
599
587
603
619
618
568
528
496
497
499
497
498
495
480
474
465
468
458
485
512
529
546
535
536
567
644
677
689
665
655
669
666
634
588
560
556
556
556
567
565
545
525
509
508
496
503
507
518
502
495
499
529
581
605
613
597
584
604
624
619
587
540
487
488
503
518
517
508
504
508
504
512
506
509
505
516
504
514
488
518
551
576
612
608
613
583
529
501
507
527
521
496
467
451
456
438
441
414
403
402
404
427
410
395
396
454
561
622
621
613
598
572
537
504
507
524
519
537
540
575
582
566
552
582
571
534
469
430
450
461
449
403
381
366
368
368
348
365
376
374
370
364
357
354
360
365
365
373
374
367
364
377
369
376
372
363
377
383
376
377
366
363
375
389
372
354
360
373
371
356
359
432
521
584
583
560
543
546
567
577
581
593
558
494
440
454
484
484
431
444
499
607
669
670
640
659
678
670
618
593
588
587
584
587
582
590
571
523
491
493
495
487
481
454
447
431
407
403
406
418
418
390
387
375
379
389
397
389
382
411
465
500
510
485
473
514
567
603
601
598
600
603
597
594
585
568
559
559
596
620
632
636
633
648
653
639
608
558
536
525
533
525
529
509
531
539
539
529
518
532
543
528
523
547
532
511
479
448
462
466
468
455
450
463
450
451
448
456
465
446
420
401
415
419
418
413
406
417
407
414
410
417
418
422
444
445
427
427
457
542
609
603
600
578
600
597
571
517
491
494
507
494
491
528
589
629
637
621
626
638
646
631
614
624
639
628
584
526
494
498
502
486
483
496
483
441
398
390
400
410
397
401
424
483
521
520
510
501
517
539
559
606
604
583
576
575
589
591
556
517
474
476
480
499
486
487
459
452
423
421
422
422
425
410
427
422
385
352
357
369
371
344
353
433
529
597
585
582
568
576
582
595
590
590
595
589
600
588
562
481
423
419
434
460
443
428
430
475
539
590
586
573
558
593
588
587
570
579
585
571
569
570
572
557
523
520
531
530
511
500
541
607
634
601
613
627
629
585
528
516
521
524
512
527
526
528
482
434
413
404
403
422
435
422
402
383
396
392
363
369
444
583
675
685
649
640
653
669
627
589
567
568
568
588
595
567
528
489
488
493
491
500
488
467
427
405
400
408
408
413
391
390
372
386
473
575
659
657
633
621
655
655
629
566
559
560
560
542
523
517
509
493
497
508
514
509
498
491
504
496
501
494
493
501
486
497
505
519
543
558
558
554
552
571
566
535
462
422
439
445
439
416
424
485
561
616
618
594
566
538
514
516
515
518
500
513
533
562
582
581
585
584
584
577
560
541
537
546
550
541
540
538
517
498
508
519
505
515
515
507
517
522
543
559
561
559
553
546
550
557
550
527
506
501
512
500
502
515
530
576
602
618
613
606
611
618
613
585
545
520
511
512
536
538
526
521
524
536
535
541
527
529
524
533
521
535
529
530
535
535
527
539
525
522
518
522
529
541
519
537
536
519
506
524
541
538
496
514
566
554
396
142
