626
635
564
569
605
628
564
532
505
519
519
515
523
506
500
532
608
662
651
615
623
655
664
593
524
477
457
478
506
572
625
625
613
614
617
632
620
602
613
637
638
593
533
515
514
509
511
520
537
527
503
460
450
440
444
447
448
455
437
433
441
416
381
380
476
610
693
675
651
651
677
647
584
538
554
563
551
542
558
599
618
605
607
616
607
529
471
466
504
502
454
382
357
346
388
436
472
480
471
462
471
467
470
492
540
572
578
571
577
573
547
484
448
437
436
455
450
435
439
488
560
599
616
614
604
611
604
618
605
622
617
637
631
621
593
558
538
532
553
548
526
543
550
549
522
499
504
504
504
495
500
511
521
510
517
503
495
509
517
506
514
506
513
510
516
510
494
508
509
521
497
469
472
451
470
468
472
462
478
476
467
461
446
449
442
447
450
437
453
451
451
452
457
456
449
451
463
487
505
502
507
496
518
513
511
515
542
580
569
547
558
571
569
522
472
438
436
432
442
476
552
595
623
604
595
589
601
603
607
576
548
510
501
505
494
490
485
501
507
506
505
500
469
432
422
400
423
409
390
408
431
424
427
416
436
432
408
410
472
553
608
580
552
581
605
604
555
511
488
488
472
482
493
495
472
484
497
486
465
470
539
638
690
699
681
689
686
699
695
674
664
680
670
690
700
706
687
636
599
567
556
568
572
591
562
579
584
593
544
486
456
453
464
475
458
467
467
455
450
464
452
464
456
450
453
475
477
480
465
465
442
466
462
449
462
459
459
466
472
475
464
459
469
478
465
450
469
493
534
558
554
549
540
549
550
554
544
544
547
559
553
558
548
544
545
536
556
558
544
551
560
558
564
560
541
535
554
547
559
549
563
597
606
595
568
531
495
481
454
445
448
454
458
456
459
452
448
427
394
380
382
384
383
381
379
396
411
404
401
395
395
400
392
393
394
408
380
378
454
559
630
637
608
590
617
623
611
575
600
630
623
586
531
504
497
499
496
489
499
502
507
502
505
486
493
497
514
496
487
473
478
467
455
471
487
512
539
555
543
535
545
548
546
528
526
570
610
651
667
654
652
672
667
640
587
561
545
566
575
565
554
558
511
509
516
510
510
497
496
517
513
514
514
536
584
619
619
615
606
613
614
625
609
571
544
511
499
501
509
501
501
510
509
518
511
507
512
517
503
513
504
546
589
617
626
614
595
574
546
520
504
502
498
504
500
489
468
451
447
443
453
449
451
433
434
389
353
351
355
381
368
362
358
415
496
570
575
548
550
576
612
637
624
623
602
574
563
563
565
575
553
556
578
574
535
467
428
434
452
460
437
442
452
452
432
446
461
436
390
357
365
388
377
342
362
431
511
575
564
555
555
563
571
545
565
587
593
589
586
578
572
569
555
516
455
444
519
612
670
659
615
591
590
578
593
596
572
561
531
506
495
527
515
505
484
462
458
461
461
450
445
437
460
465
445
424
412
394
405
400
420
415
413
419
420
400
371
371
407
465
499
490
476
476
481
484
470
518
571
613
612
584
596
600
572
564
556
564
568
553
560
588
617
608
559
531
511
518
539
542
536
505
490
454
443
450
453
464
446
461
451
431
424
429
434
441
434
428
426
437
442
422
409
416
488
540
594
590
580
552
532
503
507
516
522
498
508
535
588
636
657
628
575
529
486
467
423
385
378
402
404
400
389
436
489
518
509
507
512
518
505
498
522
575
603
606
589
585
578
585
599
605
574
508
473
473
478
472
482
486
476
458
418
422
436
433
406
376
360
361
356
350
372
370
374
356
363
369
359
358
381
375
359
354
353
381
368
366
347
368
377
362
371
377
387
346
364
424
525
586
592
574
590
585
600
579
591
596
585
572
596
597
544
477
429
432
429
429
470
538
589
603
580
587
594
593
583
578
583
594
594
586
574
589
584
585
572
565
536
520
518
535
527
510
528
554
609
636
632
619
608
564
537
516
525
522
525
538
498
467
417
397
418
404
381
383
451
585
647
669
636
661
653
675
637
578
568
575
597
580
577
592
608
553
519
500
493
509
500
487
502
505
463
430
391
392
399
406
412
407
399
409
398
383
372
381
403
401
373
371
454
573
667
655
636
623
658
648
606
566
557
558
532
513
509
496
494
501
523
551
566
563
583
586
546
492
445
446
461
460
450
446
460
460
459
470
488
495
457
454
505
558
587
581
567
584
584
565
543
551
550
552
537
546
559
531
513
503
505
508
514
503
502
509
501
504
516
514
507
508
507
510
513
511
552
551
548
554
544
546
549
556
557
555
517
500
502
517
517
487
484
541
589
606
613
612
604
611
630
608
594
547
532
519
538
533
524
526
532
527
526
524
531
539
532
535
527
532
523
526
525
538
533
521
522
537
531
515
525
561
529
505
513
576
562
402
148
