652
670
610
583
625
632
606
595
611
607
600
586
574
606
595
602
559
545
515
523
519
513
521
511
513
501
511
538
578
624
639
612
621
621
623
601
541
516
532
565
623
643
655
644
641
643
640
632
624
639
668
666
596
531
491
490
484
497
481
487
483
485
453
453
461
507
568
643
648
596
517
465
475
506
556
582
587
586
596
610
579
526
493
514
524
534
518
506
510
527
515
518
521
518
522
520
508
520
518
506
515
539
575
583
598
588
597
588
578
565
547
544
549
551
549
549
542
527
533
536
536
523
544
549
541
536
537
549
576
590
586
586
591
584
582
583
598
634
655
648
642
640
650
634
629
641
637
614
572
545
529
529
537
530
535
541
541
544
543
542
559
547
541
532
517
505
502
500
503
518
505
472
441
440
443
462
453
425
432
422
410
411
429
481
511
518
516
499
497
514
531
555
546
509
468
463
519
627
702
696
654
604
567
560
561
568
564
568
573
600
624
614
598
610
615
605
586
545
507
509
507
520
514
487
496
559
653
713
707
689
677
698
703
654
609
585
596
609
589
591
607
597
570
505
473
466
501
489
488
482
489
481
484
476
476
482
490
454
434
404
405
420
419
413
425
430
441
443
441
431
437
442
446
439
440
445
467
443
448
445
443
442
431
440
442
451
442
435
439
458
450
459
464
463
458
455
434
430
433
441
425
429
432
434
429
440
435
420
430
441
438
408
413
475
568
614
618
607
622
616
573
539
541
590
616
608
593
600
618
614
593
582
598
605
589
595
617
607
572
516
479
464
473
482
470
474
468
469
440
393
350
363
396
390
378
357
420
515
585
576
565
561
573
572
555
566
590
593
573
572
593
601
582
567
550
534
528
536
527
532
538
541
561
568
571
569
563
563
549
541
513
514
531
530
523
529
525
529
533
566
586
577
563
565
587
574
527
455
428
427
444
453
440
425
421
433
460
491
501
510
515
504
506
506
503
498
493
525
590
621
608
591
599
617
625
578
522
484
474
483
483
478
486
501
484
471
489
478
480
493
509
530
536
515
517
518
526
519
514
544
590
612
607
602
602
620
615
606
612
618
614
606
602
625
615
609
595
615
619
602
548
523
478
460
471
483
481
495
484
473
463
446
435
443
470
452
432
433
501
617
693
717
690
686
704
708
652
592
567
561
576
579
571
566
583
599
621
618
604
619
624
625
583
542
519
535
535
530
526
531
531
502
447
427
428
441
430
425
427
419
433
432
432
433
417
413
419
428
426
428
422
415
427
423
429
431
437
425
437
433
433
435
429
426
423
413
411
427
418
416
412
421
454
526
578
575
563
569
577
573
565
552
549
541
530
529
524
543
537
530
535
545
536
544
536
554
559
550
552
564
578
563
497
463
480
505
488
469
459
518
619
675
683
668
657
686
705
676
638
585
562
551
555
564
570
585
606
611
597
587
603
620
600
556
530
533
543
550
531
540
546
571
576
549
571
586
574
546
534
509
515
520
510
495
504
520
548
567
574
565
566
559
559
563
563
564
573
562
554
534
527
522
537
550
554
524
503
507
513
517
517
510
529
549
553
559
557
555
557
564
557
552
551
561
532
518
518
526
524
526
516
514
539
564
596
603
601
590
577
602
581
577
578
576
567
562
569
567
561
583
614
639
637
623
633
656
645
604
533
519
530
530
506
501
515
527
504
460
431
426
437
437
430
437
442
435
455
484
490
481
473
476
500
530
554
562
568
555
560
577
566
533
460
412
417
433
425
418
417
425
403
391
386
413
419
387
385
442
566
640
640
609
611
625
624
626
627
631
636
604
603
612
625
633
618
580
519
465
454
482
504
488
455
463
482
461
410
431
532
637
691
707
692
679
649
624
605
591
552
496
449
439
454
459
456
450
442
440
442
450
436
392
389
473
601
696
679
654
640
655
668
668
650
656
672
653
621
580
574
544
542
546
567
593
616
617
612
605
601
615
609
591
534
488
501
545
587
627
627
627
629
621
621
595
570
536
547
545
563
541
538
554
568
564
569
588
578
538
483
456
471
483
472
460
495
570
576
588
565
569
583
578
566
566
550
541
530
553
547
540
535
506
501
499
521
511
508
508
532
569
559
556
546
560
538
524
507
508
508
501
534
572
610
617
613
600
612
634
609
574
557
523
534
525
543
549
536
517
522
538
524
522
518
532
535
512
533
529
538
519
522
534
523
529
527
531
527
526
528
535
533
527
509
523
543
527
505
515
568
556
398
144
