649
659
598
592
620
641
620
609
616
618
597
598
620
622
592
525
498
503
507
505
494
502
492
479
460
442
446
441
449
454
427
439
494
575
633
625
606
618
628
625
604
607
607
577
502
435
422
450
508
561
620
634
630
599
620
625
623
617
603
623
622
594
555
531
539
519
519
505
515
511
526
517
526
533
523
533
517
519
516
514
510
474
432
452
451
458
452
437
458
456
433
439
450
451
416
393
398
410
407
394
393
430
422
400
413
425
395
379
380
477
595
663
685
687
683
653
573
536
538
550
561
540
544
547
570
589
621
638
622
605
620
635
631
587
521
486
481
481
481
494
497
518
507
502
490
469
492
501
494
461
396
345
351
375
374
392
441
493
492
465
473
508
550
560
572
565
582
580
564
548
560
573
533
489
443
437
452
472
451
433
443
491
565
609
612
608
599
595
603
600
599
609
613
618
605
575
557
541
537
526
527
518
462
463
466
466
458
465
458
471
468
457
455
458
455
446
461
457
455
458
464
442
449
454
459
489
507
532
541
559
564
566
543
553
561
563
530
474
445
440
437
441
435
457
442
431
423
481
560
621
615
577
578
606
602
596
600
618
624
583
520
478
465
469
450
419
400
427
472
549
579
589
581
574
575
596
598
553
502
474
493
512
507
466
475
530
634
679
692
675
665
656
622
562
526
506
508
480
472
477
498
488
465
476
503
545
564
561
565
567
554
557
563
578
591
603
605
596
596
595
600
609
602
610
593
620
617
604
592
588
614
615
567
525
502
499
501
499
499
498
495
468
441
443
442
438
408
378
383
384
393
401
391
402
405
420
397
390
404
406
406
391
401
462
555
614
628
606
592
597
607
615
607
594
522
481
462
502
500
512
486
497
484
467
451
456
477
469
450
485
528
542
523
528
562
638
670
664
635
647
659
667
667
636
585
553
544
560
555
559
527
503
509
518
519
519
509
501
528
585
618
612
585
587
604
615
609
598
611
614
621
571
531
509
505
518
513
517
511
495
503
521
526
504
499
508
520
515
510
507
527
587
614
613
601
601
610
629
626
574
534
513
508
505
521
518
518
514
524
520
496
464
449
439
443
448
441
448
451
434
387
354
347
365
379
352
364
413
516
589
584
556
544
568
597
613
621
633
618
579
545
554
575
562
553
559
589
578
554
563
584
577
541
475
441
436
434
442
441
450
438
421
398
377
353
356
405
501
568
580
549
549
563
567
558
564
577
580
574
569
589
600
545
495
457
462
471
484
462
465
459
478
488
485
467
462
493
598
678
689
644
632
662
685
678
642
656
665
664
632
599
586
576
583
591
589
589
573
552
516
509
510
516
503
502
484
444
453
465
476
452
410
400
405
404
409
399
407
414
425
419
410
403
385
376
381
376
385
379
374
384
380
377
373
368
389
387
373
373
411
469
487
500
498
485
472
483
532
564
600
601
584
599
595
598
597
593
580
570
556
571
571
567
549
552
583
628
641
640
637
633
639
626
642
649
617
573
526
519
532
535
532
518
519
479
437
445
450
459
446
434
425
431
427
419
433
427
415
422
436
445
433
425
472
544
592
602
573
582
600
589
544
516
501
504
525
508
499
495
538
596
629
639
615
620
640
633
582
537
494
497
488
494
489
475
468
433
400
394
392
412
407
393
391
431
484
515
512
511
504
515
514
500
503
529
575
600
615
583
584
604
616
599
566
517
498
488
480
485
482
491
472
473
446
420
422
431
452
424
416
414
439
445
416
391
406
422
414
386
395
467
571
636
647
637
615
612
646
622
562
481
416
428
464
468
433
434
477
557
597
582
570
561
570
577
584
587
581
584
594
579
590
575
567
578
584
573
548
513
501
521
522
522
510
528
523
506
508
537
600
640
639
629
632
636
636
635
625
631
622
576
546
511
516
521
518
524
525
531
499
454
412
405
423
420
418
401
423
427
420
414
402
415
398
372
375
384
422
405
364
391
462
572
665
667
642
647
664
662
656
648
649
661
652
654
638
624
598
587
600
602
598
582
540
516
501
506
504
523
504
489
463
421
421
448
444
421
407
400
425
417
381
389
487
611
678
664
641
640
673
668
661
657
662
673
661
657
666
671
672
648
651
648
651
649
646
643
665
659
670
658
660
667
666
668
665
634
592
546
542
547
549
547
547
559
570
556
551
545
556
548
554
549
544
558
558
536
522
505
508
505
508
503
523
552
580
592
570
568
571
587
577
537
485
451
452
471
461
457
456
467
466
459
474
475
468
466
463
499
553
583
584
573
577
578
580
595
578
568
557
546
536
546
560
549
537
505
509
512
510
507
503
518
514
500
501
518
540
553
546
542
556
554
549
548
546
555
556
553
555
552
527
505
498
503
511
479
494
523
577
620
617
593
563
522
526
529
534
531
536
531
537
528
534
525
538
518
522
525
523
532
542
526
536
523
518
522
532
519
514
520
542
529
528
511
523
543
528
499
496
562
547
385
157
