644
651
578
579
607
622
598
588
602
590
539
507
518
526
529
500
512
517
516
510
522
522
518
500
496
521
521
521
508
509
538
606
638
631
616
621
628
637
599
558
516
508
530
545
593
634
633
604
606
628
647
606
540
509
523
535
536
518
519
558
592
613
652
631
577
518
493
491
507
495
499
477
477
488
503
507
519
531
521
514
518
546
567
573
563
558
564
589
589
546
544
561
573
542
487
456
458
456
453
462
471
461
441
432
494
565
612
622
609
610
621
620
608
604
606
620
607
581
534
508
509
516
490
433
408
410
420
406
415
423
438
446
436
449
437
439
437
428
418
401
403
407
430
440
457
468
471
464
453
455
497
556
591
588
589
582
589
566
575
574
580
560
561
591
618
626
650
648
636
622
575
532
514
539
542
539
523
511
495
476
452
443
455
467
464
463
470
478
487
492
478
477
496
562
596
616
603
586
599
601
586
577
604
604
596
591
572
562
538
539
558
547
535
504
495
492
508
485
484
513
546
572
570
566
571
570
559
577
588
613
601
597
602
614
601
564
483
435
430
432
458
448
429
414
409
423
428
398
417
485
615
697
697
683
678
694
707
670
620
599
602
613
622
570
526
518
507
515
505
501
520
527
502
481
448
474
467
467
450
456
476
479
472
474
482
482
469
474
490
552
568
562
549
564
581
550
501
479
467
482
490
491
501
496
478
492
519
539
531
529
520
526
524
521
546
610
664
663
634
633
644
671
655
625
595
557
553
567
570
550
529
513
544
545
512
513
565
633
690
687
668
681
698
672
669
653
698
681
649
619
585
575
571
559
585
583
537
479
445
427
432
431
409
410
427
443
425
412
428
422
417
387
411
467
545
598
593
608
583
579
540
484
436
438
444
446
436
432
437
442
436
437
454
437
449
453
442
428
435
428
442
460
445
428
439
471
481
495
475
473
495
498
483
477
497
564
598
596
577
547
548
563
558
566
557
567
558
572
567
566
554
556
553
544
540
566
601
636
630
623
614
633
629
587
541
512
513
512
508
507
508
514
514
504
504
540
584
618
629
609
626
645
648
605
535
485
466
493
506
485
460
482
520
514
464
399
378
347
344
349
381
425
459
465
456
437
430
448
499
566
607
603
584
595
595
593
565
544
540
548
554
530
546
541
530
505
503
519
524
502
504
525
572
618
606
600
602
617
603
605
575
543
551
559
568
555
525
516
521
527
515
504
515
521
532
531
554
549
529
525
569
637
678
664
655
663
659
662
668
665
659
635
588
562
541
557
563
554
542
513
494
485
489
496
506
495
482
478
486
489
493
486
507
498
493
494
496
496
483
481
483
509
500
496
488
540
572
616
613
607
606
584
552
536
557
593
612
624
607
594
584
578
570
555
561
578
572
538
503
478
475
498
498
486
456
425
393
390
398
425
432
431
413
432
452
434
425
477
563
618
626
565
497
465
454
490
481
464
460
465
479
475
465
474
469
469
453
460
535
607
661
661
629
634
648
654
598
537
479
460
484
492
487
457
456
515
597
656
671
668
648
641
612
591
573
583
570
545
528
532
542
548
544
514
505
498
500
503
510
509
506
519
554
609
609
620
563
538
499
467
483
481
490
473
467
464
468
465
467
480
476
469
471
470
515
546
577
583
572
573
577
579
565
543
534
555
591
606
603
607
620
613
580
540
512
528
524
531
527
527
528
534
568
573
594
596
584
581
606
579
559
566
557
556
557
556
546
550
557
558
573
580
604
601
585
594
583
601
608
615
581
526
480
488
499
498
477
443
427
416
416
416
430
416
407
416
429
443
447
441
435
442
445
453
497
512
517
492
493
550
621
654
651
650
664
643
599
556
555
573
579
555
525
532
529
528
521
518
512
527
578
637
672
671
663
671
676
642
576
537
544
562
564
538
547
549
538
519
499
514
507
503
509
512
506
498
476
526
592
626
628
628
606
628
621
602
582
590
582
576
583
577
584
567
564
580
601
583
563
532
504
503
517
513
499
454
434
434
442
445
428
445
454
455
437
418
391
382
389
403
400
393
389
420
442
468
473
463
446
468
503
552
598
597
577
571
591
586
571
545
542
544
550
529
536
540
550
538
513
507
504
503
506
508
531
544
558
559
563
554
543
560
536
541
543
522
504
492
525
577
611
613
611
606
610
612
614
623
604
588
540
513
507
529
530
530
521
525
527
521
514
526
530
539
514
519
541
531
532
530
542
546
537
529
537
525
524
516
528
545
543
515
524
561
539
502
513
569
552
384
149
