640
646
581
579
609
633
597
576
594
600
591
576
592
595
587
593
598
582
534
502
504
544
522
506
540
605
656
649
624
632
658
654
588
501
462
465
480
454
461
515
573
627
639
609
622
624
627
612
605
623
652
632
605
598
649
633
582
520
473
478
489
474
471
467
474
486
473
464
459
513
590
647
656
627
625
648
657
597
512
474
471
487
495
481
461
473
528
592
671
673
640
624
641
648
645
649
663
666
629
572
530
524
514
486
478
487
492
495
484
492
491
500
500
490
507
504
501
488
530
596
613
626
602
615
613
607
597
611
602
569
560
553
551
551
557
548
550
552
535
515
519
533
527
525
534
551
579
572
589
578
571
581
594
602
607
623
636
631
609
608
608
635
626
598
530
494
477
494
486
486
492
488
494
492
508
521
532
516
512
521
550
572
610
623
616
606
606
617
613
571
505
475
479
485
499
478
479
488
509
475
437
407
426
428
421
383
405
445
491
499
515
510
514
500
508
528
558
565
577
579
582
574
538
513
491
477
466
478
536
612
684
683
656
681
688
666
602
553
571
597
589
568
566
597
616
613
616
638
659
650
601
522
466
462
481
489
507
495
485
494
481
478
457
456
450
457
443
457
525
626
704
716
689
693
683
673
628
579
587
602
620
593
552
516
493
480
477
492
490
494
484
436
419
408
417
420
420
400
416
443
459
450
435
435
444
445
427
423
434
447
437
425
448
463
453
457
470
456
477
455
454
434
421
426
429
430
425
425
431
438
420
422
443
441
450
440
421
439
439
422
426
470
556
606
604
579
596
615
589
584
595
627
613
565
519
505
484
485
497
529
584
640
656
621
578
511
477
465
496
511
498
446
379
359
359
385
380
355
359
430
523
579
577
544
539
566
570
572
571
571
589
583
575
585
577
580
577
571
575
578
564
581
578
594
581
579
550
535
520
519
535
536
531
541
557
581
565
560
558
561
555
532
521
514
515
513
529
541
550
569
587
565
530
465
436
421
444
455
484
512
510
506
497
502
512
509
500
496
544
574
599
602
603
601
598
598
609
620
598
564
516
482
479
491
482
484
495
487
504
488
491
488
489
486
484
483
485
484
496
517
516
530
525
521
509
508
547
575
614
618
611
607
613
615
600
601
606
609
621
614
593
601
586
596
602
616
609
567
519
460
454
483
486
469
467
482
465
451
446
462
460
438
440
508
617
715
706
645
583
555
561
583
570
565
553
556
588
602
583
534
485
477
499
494
484
476
464
460
450
455
463
452
441
448
448
437
431
414
414
418
416
406
420
408
426
402
416
428
425
420
414
423
406
422
406
422
425
399
413
457
534
576
599
579
553
576
569
559
548
546
524
536
534
542
556
543
544
555
556
558
548
557
555
559
549
552
558
556
567
561
537
492
454
464
488
480
462
468
523
611
676
690
686
690
686
660
604
581
586
593
579
569
589
612
634
646
627
617
639
661
644
620
568
533
533
531
544
540
536
534
529
535
533
539
554
546
555
527
534
543
540
539
507
495
502
494
491
493
482
468
460
465
458
452
454
469
492
503
495
486
487
501
565
583
575
571
556
552
569
558
545
540
540
533
524
538
558
566
555
564
552
573
568
555
534
521
515
519
515
506
518
516
514
515
515
510
513
539
558
565
560
559
549
567
543
551
556
563
542
543
522
530
532
534
532
533
535
529
535
512
521
530
516
549
583
590
597
586
600
596
587
575
558
568
573
582
553
544
552
559
566
574
578
578
577
561
557
562
571
576
572
569
577
608
644
646
633
627
650
640
595
543
508
500
527
516
517
506
515
508
528
525
512
518
518
515
519
517
528
513
492
460
434
431
437
441
432
429
442
450
455
481
493
488
471
479
491
481
470
468
503
559
581
572
552
549
562
565
565
565
560
550
549
573
577
537
464
418
428
434
445
430
429
427
433
441
457
487
463
438
453
468
471
462
469
474
461
451
456
519
604
642
644
646
642
667
641
635
646
626
590
528
476
488
486
478
460
438
439
461
441
436
449
515
623
702
712
645
600
599
596
600
592
605
607
549
480
437
443
457
459
442
432
448
457
422
392
405
416
412
390
404
476
591
680
684
627
571
548
555
552
559
554
543
555
555
563
560
567
562
570
578
601
604
616
605
609
612
619
614
589
545
519
508
521
525
499
495
546
597
631
615
610
616
621
595
555
540
543
548
546
553
569
573
582
585
568
553
565
584
572
541
492
466
451
471
487
480
473
466
464
496
557
572
584
581
569
591
574
557
552
540
564
552
549
549
539
567
551
551
547
548
551
541
558
550
543
538
519
509
492
513
517
531
535
554
571
516
465
433
430
471
463
429
419
489
615
698
694
625
560
515
522
524
517
525
518
533
525
518
519
537
535
520
543
528
548
524
529
534
546
530
498
523
541
536
496
507
573
545
388
139
