632
647
601
598
622
614
589
578
584
604
588
573
581
586
548
511
503
519
530
517
499
518
519
528
511
525
530
510
511
539
605
640
638
630
644
661
638
590
520
483
464
456
478
524
584
627
618
601
608
624
624
609
605
610
610
582
530
497
475
478
497
489
486
511
503
521
509
517
538
541
562
569
557
548
548
562
551
564
571
576
547
498
462
447
464
466
449
435
454
509
578
619
622
607
605
594
612
616
599
593
598
601
605
597
603
614
614
579
545
496
490
497
508
499
485
508
516
506
496
506
512
482
444
420
403
431
437
420
416
438
453
448
433
435
445
441
434
408
399
417
423
416
421
415
418
414
405
402
414
409
415
447
460
450
449
451
498
555
585
594
573
562
566
596
616
659
659
638
635
663
659
607
547
500
508
531
546
542
522
509
490
465
460
454
451
454
463
460
484
484
474
494
488
489
487
468
471
506
569
583
601
596
593
588
582
568
552
553
550
542
537
547
539
553
553
524
510
486
510
504
494
483
492
499
487
503
493
486
505
498
499
502
502
495
499
519
555
574
582
586
604
607
598
587
603
618
566
490
433
428
449
448
417
438
433
415
391
398
438
443
414
401
479
605
686
693
678
656
682
665
668
661
691
686
684
680
680
688
642
588
552
551
572
576
553
545
510
509
527
517
504
498
507
546
594
614
603
598
603
621
626
590
546
495
500
491
506
505
514
519
524
510
488
476
464
472
496
489
472
477
498
551
562
569
543
561
572
574
564
562
564
566
563
561
556
555
553
544
573
566
555
503
480
495
495
511
521
529
529
519
525
564
619
640
660
660
659
647
632
594
556
536
535
530
523
520
530
552
533
519
530
588
637
648
625
579
555
592
603
574
527
490
450
434
449
463
462
445
432
434
422
404
414
462
546
610
610
590
596
603
605
586
558
516
509
491
489
502
508
491
471
444
432
439
443
460
472
476
461
465
465
479
470
458
431
420
423
432
418
412
426
440
454
468
464
475
465
455
461
500
561
583
574
574
578
593
586
554
557
559
552
569
564
569
549
556
573
616
643
646
623
630
637
617
545
513
528
543
528
484
457
475
481
473
469
468
464
464
437
408
411
399
410
424
410
421
416
392
412
412
418
412
399
394
419
423
416
403
383
343
333
349
348
356
349
341
349
376
418
456
468
464
456
453
496
560
608
623
608
591
601
599
601
593
595
599
596
590
586
590
593
589
543
529
539
546
555
546
552
548
556
549
553
552
546
541
540
534
544
539
550
536
534
507
500
510
518
513
511
528
505
507
543
597
613
610
592
607
617
617
595
572
553
554
553
564
545
545
521
509
512
517
523
522
537
546
542
527
544
590
634
674
657
666
656
672
672
674
659
670
679
660
648
660
684
665
641
597
563
533
512
490
494
492
499
503
497
526
559
598
601
580
591
616
608
586
550
535
543
546
534
533
530
527
556
580
609
601
598
609
604
608
594
591
597
609
608
614
595
612
608
598
566
569
558
559
575
577
560
562
565
579
539
498
448
452
469
465
454
456
470
447
426
435
462
452
430
435
490
581
623
604
594
600
621
585
503
458
481
486
476
470
460
474
474
466
473
468
467
453
458
484
481
457
460
513
596
636
636
644
646
616
519
458
452
480
498
470
454
529
630
675
666
644
651
657
640
603
575
573
582
588
579
574
549
540
547
553
542
525
496
491
501
501
476
488
523
574
609
615
593
601
564
514
485
481
480
492
488
480
472
480
472
477
467
460
465
495
550
559
553
522
515
562
591
619
598
548
518
501
524
529
530
520
515
531
524
517
514
551
584
591
584
593
604
588
572
556
576
563
555
532
564
565
552
544
545
558
552
555
559
598
602
593
592
605
608
590
592
612
609
577
523
512
514
489
428
396
407
414
395
359
377
403
405
379
382
462
570
645
646
627
627
630
651
631
611
567
547
535
545
541
526
536
538
518
520
557
616
675
663
651
640
678
682
646
574
537
535
544
557
539
508
488
493
509
490
481
527
587
624
623
612
616
637
621
613
599
580
591
579
574
602
573
551
509
497
513
520
506
504
500
511
513
498
508
496
481
447
433
451
455
444
440
457
462
434
397
397
403
438
468
467
458
454
458
470
470
452
461
490
535
580
590
582
574
580
588
571
551
545
550
554
557
550
543
537
516
512
509
498
504
490
507
512
504
510
530
537
552
564
550
539
513
497
505
518
505
496
498
535
576
616
619
612
582
550
529
511
531
539
532
522
517
527
532
531
528
522
539
530
522
534
530
526
520
525
524
531
514
525
525
528
526
524
523
511
509
520
533
532
521
520
537
543
529
520
526
555
544
498
518
576
569
396
157
