650
677
604
574
600
599
586
583
598
614
603
579
599
609
601
582
588
579
554
517
497
518
531
519
501
509
565
620
651
652
648
638
588
513
456
446
518
594
633
638
607
622
626
630
630
613
619
625
636
607
546
509
517
531
519
534
513
529
545
506
465
444
446
449
450
445
453
434
415
427
412
400
417
487
606
692
701
658
652
662
678
628
569
537
545
552
543
535
549
575
597
618
628
623
617
599
604
633
631
595
537
485
477
485
495
479
470
481
500
507
449
383
366
361
357
368
387
443
508
562
574
561
561
558
573
589
542
480
430
436
446
454
440
453
457
458
446
430
442
457
455
443
445
449
457
431
437
493
559
618
615
603
619
616
614
599
609
615
615
601
606
622
614
617
610
618
623
627
591
554
522
530
534
520
523
529
536
538
506
482
462
470
467
474
457
471
481
468
453
471
473
468
457
452
456
464
461
448
448
457
446
451
436
438
464
449
445
455
486
504
515
493
492
518
551
570
568
556
544
569
570
520
452
426
439
448
456
416
436
478
559
586
590
590
590
592
611
608
604
577
522
471
474
487
481
473
467
474
470
449
409
416
429
434
428
415
427
446
438
415
433
490
553
595
597
589
575
574
575
589
562
528
476
477
506
497
474
475
531
635
687
696
695
684
672
604
547
556
572
586
582
577
569
564
569
582
567
574
571
582
572
538
488
441
448
470
477
456
434
462
470
452
457
501
526
556
551
553
591
600
599
598
604
619
591
531
493
494
515
518
496
501
491
486
467
453
448
456
453
447
452
447
444
436
458
459
449
440
453
455
443
436
444
447
447
444
435
448
458
450
433
412
377
385
396
399
382
375
388
402
398
403
404
418
414
378
376
446
555
622
631
608
599
613
606
600
604
603
600
600
605
614
572
529
503
505
515
501
493
494
496
502
479
461
466
470
481
464
466
469
463
489
514
550
562
530
525
535
539
538
565
624
663
664
655
647
669
671
655
619
584
571
564
551
563
568
574
569
531
500
503
509
511
516
501
537
583
620
624
612
587
594
596
596
606
609
605
613
577
547
519
517
510
503
505
501
509
511
513
511
513
510
515
511
504
496
488
528
576
608
617
614
599
601
612
582
539
497
498
518
521
516
508
513
528
511
485
463
443
453
438
452
461
461
424
369
341
362
378
346
349
403
508
574
578
561
555
568
576
577
593
619
634
629
629
622
635
643
630
612
590
574
565
571
582
577
576
546
491
441
432
443
467
444
424
402
368
371
367
382
386
351
362
421
512
576
576
541
563
594
606
582
584
603
582
547
480
450
460
475
463
468
477
475
454
460
513
594
660
676
657
631
610
590
576
580
587
588
583
590
587
574
531
501
506
512
509
484
472
464
459
452
458
469
454
436
427
419
409
409
403
411
417
403
389
381
389
385
392
389
372
371
408
458
498
502
496
497
504
495
479
489
505
503
479
485
513
576
605
609
600
598
592
580
566
558
561
581
563
563
579
627
665
657
611
556
530
522
534
536
528
518
544
533
503
470
443
455
459
464
436
422
432
422
427
418
422
435
444
435
431
430
451
427
414
429
466
552
621
634
605
597
620
605
606
565
531
499
495
518
517
501
481
528
587
638
634
598
606
636
637
596
518
469
476
496
497
489
487
518
502
457
408
390
387
398
397
393
431
481
525
516
498
494
518
511
504
521
570
608
604
591
585
595
597
554
495
463
472
483
469
489
502
490
467
435
421
410
425
425
425
406
383
359
353
389
379
356
351
421
522
592
611
575
582
606
611
579
586
579
606
602
585
593
597
541
474
425
446
457
460
416
420
478
542
592
596
587
591
586
579
587
583
574
575
584
569
564
544
517
516
523
529
519
518
514
536
517
500
544
608
664
653
624
613
649
651
584
503
472
474
493
480
490
488
469
425
394
409
439
418
381
394
496
616
679
699
668
673
678
683
681
636
607
572
570
575
583
582
588
561
535
484
487
520
507
480
426
395
413
402
413
407
410
418
407
395
407
394
388
392
405
389
368
369
457
583
644
647
635
628
623
585
535
534
548
559
541
501
509
513
508
497
490
505
499
503
507
501
507
514
543
579
594
542
483
428
445
450
461
451
453
468
463
454
454
464
477
478
485
481
480
482
466
481
508
570
584
584
552
544
552
552
556
546
542
551
512
506
501
511
515
502
496
520
537
548
550
552
549
552
553
541
514
502
505
502
524
490
486
503
543
589
605
570
524
516
534
533
533
515
520
533
529
522
535
523
525
509
514
528
530
518
526
540
535
531
518
541
539
537
519
528
553
549
517
523
544
539
506
528
558
554
397
148
