653
653
594
590
611
641
608
588
586
608
599
580
589
597
595
582
582
599
617
586
590
603
605
596
587
582
595
602
585
565
586
597
604
596
582
598
597
563
536
503
522
526
524
522
509
521
517
523
523
535
594
629
640
628
613
624
639
643
625
626
616
638
633
605
535
489
480
497
519
492
478
460
467
509
579
629
633
618
598
611
643
626
601
621
644
619
568
501
467
461
477
482
479
466
477
462
484
487
456
454
511
586
653
646
619
626
654
666
605
520
471
487
510
512
488
481
517
607
666
658
633
632
662
660
622
577
537
544
555
543
554
556
551
536
515
498
483
500
507
500
500
498
502
488
482
493
528
580
610
620
618
600
604
604
609
563
551
558
563
559
550
539
541
532
541
541
530
533
539
538
527
532
535
544
561
581
596
594
569
570
583
601
611
622
629
643
629
596
523
484
490
504
517
503
489
500
528
528
519
530
529
514
517
542
573
619
617
595
603
610
566
512
475
483
481
493
481
486
473
481
455
424
427
424
415
404
405
449
485
508
526
506
498
503
514
537
551
572
577
580
546
505
493
480
477
464
469
522
622
698
706
680
672
670
672
674
638
599
579
572
569
597
624
638
632
624
629
645
636
587
523
480
474
491
495
492
482
491
501
495
478
478
485
452
456
469
482
465
431
440
524
625
695
698
681
674
682
692
709
704
665
640
584
549
508
482
472
507
488
438
398
396
418
422
429
436
447
447
448
445
448
456
444
432
448
446
436
443
441
437
428
434
436
449
460
460
444
456
462
467
468
454
460
456
453
463
469
461
467
462
465
448
441
428
435
443
437
432
441
435
437
436
436
431
437
447
430
428
423
417
431
428
432
423
428
424
435
439
426
437
427
436
441
427
427
431
472
548
614
637
559
480
433
447
456
457
443
451
464
462
450
448
451
451
444
459
504
566
592
597
590
606
604
604
587
598
608
608
592
601
603
600
584
582
603
612
564
480
422
415
434
456
433
425
436
453
447
424
451
462
444
424
412
478
549
574
583
566
571
574
582
570
575
569
561
560
581
572
592
583
580
593
586
572
549
529
527
539
521
535
541
543
533
530
538
530
536
539
526
534
523
542
545
556
560
567
573
568
578
563
561
567
553
567
576
568
554
530
524
508
511
512
547
577
545
473
417
426
451
444
434
430
448
461
493
496
510
495
488
497
530
576
604
601
614
604
604
608
611
603
566
502
461
480
486
491
488
483
482
489
469
483
496
488
478
489
503
515
513
513
512
521
520
517
517
524
529
523
517
521
513
548
596
612
609
603
596
603
614
616
611
608
614
615
596
608
615
620
566
520
474
480
485
502
484
482
472
481
465
476
487
477
482
462
470
476
490
489
473
476
464
458
440
452
455
465
438
434
515
646
700
709
694
712
705
668
586
553
558
601
605
609
616
627
596
551
527
520
508
454
412
412
435
433
426
408
422
421
425
406
416
459
531
581
582
574
547
561
577
592
573
562
545
530
522
540
558
570
551
556
560
563
521
492
490
475
471
482
543
620
668
677
670
660
670
689
689
673
649
607
566
561
598
602
581
575
577
594
617
624
608
614
628
616
605
622
649
635
588
524
505
485
498
513
496
510
516
526
519
526
534
530
531
544
568
597
607
598
576
581
595
596
572
524
482
478
484
489
476
484
499
489
497
484
489
502
506
498
481
495
530
570
570
555
559
569
565
550
532
519
528
525
525
525
552
564
574
545
559
566
567
548
520
506
505
517
528
511
516
508
514
536
559
554
556
560
553
562
550
545
538
523
518
524
535
542
535
530
541
575
598
601
584
588
579
584
580
576
570
566
563
557
562
560
566
570
571
565
562
562
580
557
581
592
623
646
634
624
629
635
610
549
512
497
516
519
521
516
506
494
447
434
427
438
433
423
431
448
470
475
489
473
479
500
552
570
568
563
567
584
528
459
414
416
429
440
448
445
478
470
460
470
474
475
462
462
467
480
456
458
511
595
666
646
625
634
666
662
604
526
483
492
492
475
460
465
467
434
447
498
609
704
711
677
683
716
713
661
609
599
604
586
593
599
605
562
487
451
444
458
462
461
447
456
442
448
464
462
436
399
396
411
417
405
410
405
415
392
390
420
411
391
381
466
603
690
679
644
643
670
674
659
656
675
674
659
656
672
666
643
585
548
549
557
549
569
610
619
606
599
594
608
600
609
603
591
600
609
633
590
547
503
502
508
531
530
511
542
600
630
636
620
616
610
566
545
535
542
545
540
541
544
558
557
569
583
576
573
582
589
581
557
493
460
451
474
469
437
445
456
469
470
465
467
484
473
473
481
477
476
464
451
498
557
580
594
576
581
582
578
563
543
546
551
546
559
544
550
533
521
507
497
514
534
552
569
558
541
552
555
565
564
561
550
548
561
549
545
530
505
498
501
527
519
494
499
517
570
608
622
619
603
599
554
526
519
519
538
530
536
510
518
536
535
526
520
511
528
534
528
529
533
523
523
521
515
541
543
522
527
524
519
527
518
528
528
529
521
541
529
536
529
530
551
518
521
519
540
531
502
517
572
564
390
152
