548
545
504
498
533
533
514
523
569
592
598
593
602
598
601
574
582
594
592
600
592
599
606
601
591
601
603
616
595
588
594
592
590
591
589
593
586
599
595
600
592
595
588
582
590
586
586
586
597
597
560
521
508
507
530
519
509
507
518
522
516
518
523
505
512
520
516
512
512
535
609
647
639
633
644
656
606
530
476
463
478
517
558
589
627
609
603
603
612
606
591
593
602
617
607
582
582
597
597
595
602
577
559
553
532
551
564
562
584
598
604
555
494
457
447
463
462
437
428
403
405
425
433
424
413
423
424
434
415
411
418
480
551
605
636
601
600
603
631
627
581
529
514
498
500
498
495
522
516
478
440
400
406
416
414
412
405
414
424
446
441
440
437
451
444
423
424
431
434
425
438
438
437
429
437
432
434
411
405
404
435
443
459
467
459
468
466
454
489
539
592
589
579
583
576
594
583
564
586
567
560
589
631
643
656
631
632
650
668
616
553
534
530
542
533
531
527
533
527
515
481
465
464
467
472
462
458
469
474
460
462
465
487
488
484
479
478
485
483
473
503
562
612
611
589
599
608
597
569
560
544
546
558
544
552
540
522
512
494
503
508
494
521
549
573
565
561
557
578
566
557
565
589
590
592
594
581
585
613
607
569
485
437
435
454
472
447
428
456
466
445
423
394
421
403
381
401
477
627
691
715
692
680
684
695
685
668
656
630
594
591
591
616
598
572
519
497
518
518
539
510
519
514
515
490
457
457
462
456
454
451
468
464
482
475
483
490
477
483
494
489
464
470
501
529
558
558
577
573
530
505
469
476
482
479
481
480
479
492
499
521
538
523
515
563
622
651
654
647
658
648
616
575
548
572
564
565
549
577
577
552
528
522
532
536
536
529
532
518
512
574
638
686
707
670
677
678
645
601
557
553
583
592
596
543
496
459
441
449
461
456
455
445
443
449
439
445
431
430
409
403
426
440
422
394
416
466
548
598
595
593
586
579
550
521
477
478
494
504
501
505
518
497
488
479
481
503
502
480
462
434
441
449
446
448
445
436
444
450
456
468
455
475
478
475
453
466
475
475
454
442
417
419
419
433
417
433
425
423
433
452
467
473
457
452
464
497
545
591
578
567
587
595
581
543
537
573
624
627
621
608
621
632
623
601
548
508
510
501
524
519
498
500
548
602
636
636
627
626
636
596
542
495
497
511
511
499
487
475
485
494
497
445
394
354
356
355
358
373
429
470
466
457
484
546
610
615
567
534
537
537
546
541
533
531
507
504
519
529
508
516
504
509
548
572
604
609
601
590
604
611
598
568
548
571
556
554
562
560
564
552
550
563
564
552
540
534
510
529
517
526
530
532
526
528
585
623
668
684
658
660
655
662
669
626
581
548
554
568
549
517
483
493
502
506
491
479
528
594
608
609
574
597
613
606
592
548
529
541
554
536
530
536
556
578
612
604
600
605
619
620
621
603
609
600
613
606
605
605
603
599
604
602
602
603
601
615
618
602
584
564
563
575
564
570
561
567
536
478
454
457
459
467
466
471
466
459
441
440
439
429
428
484
563
614
609
583
594
622
616
580
505
475
464
459
458
468
472
476
469
468
457
459
473
467
467
462
457
471
475
474
457
511
585
674
678
635
614
647
662
614
521
460
511
599
676
671
640
638
651
665
637
604
588
579
587
588
585
596
570
561
541
551
553
555
547
547
536
527
503
495
488
506
503
498
512
570
603
611
590
578
593
604
553
516
500
495
483
488
477
493
509
503
492
473
467
466
472
489
540
586
570
566
565
567
592
570
540
522
527
540
531
515
541
578
611
621
598
611
597
601
583
541
505
511
515
536
530
520
527
554
580
595
593
599
594
607
602
578
565
559
549
552
560
557
560
555
543
553
552
547
542
567
586
622
609
590
601
591
564
517
493
492
499
492
492
487
470
448
428
423
418
427
424
424
434
450
456
446
445
490
510
506
493
491
539
606
639
659
655
643
655
653
653
639
640
653
661
651
647
646
615
583
558
560
564
565
560
553
566
575
564
557
552
558
530
520
512
526
566
619
661
676
666
634
581
556
538
550
556
553
543
543
558
557
530
502
494
504
501
488
495
527
601
628
616
600
622
614
627
623
596
592
552
528
501
503
519
511
519
502
526
511
506
464
435
440
441
459
444
446
462
442
403
380
379
416
443
473
458
460
464
447
455
494
555
596
594
589
562
540
545
553
543
550
549
553
543
505
506
510
509
506
506
501
510
516
497
513
514
508
508
508
501
503
510
502
506
530
545
556
562
551
546
546
570
557
563
551
557
567
553
543
512
493
505
501
507
493
494
534
587
623
623
603
587
605
622
591
538
522
530
543
526
541
536
536
535
526
529
527
537
530
535
526
523
520
524
527
526
518
534
548
534
506
520
575
553
388
151
