640
651
597
574
614
629
615
590
596
606
594
575
570
604
610
595
571
542
515
509
508
516
547
597
639
659
654
642
647
661
644
629
622
660
649
601
522
449
451
476
486
463
472
480
458
468
493
568
630
637
604
603
624
622
614
606
631
631
591
545
523
536
515
506
513
524
513
470
439
447
452
447
448
456
450
418
387
391
412
407
384
397
495
600
680
688
670
656
634
600
545
549
586
622
621
601
604
619
632
608
570
532
499
490
493
490
505
498
461
395
345
359
410
428
397
399
426
418
383
376
476
609
704
693
665
663
692
697
644
573
563
567
582
560
549
563
578
533
463
424
434
455
448
431
433
493
569
609
606
591
590
604
611
586
603
616
619
622
625
577
555
514
516
515
531
535
538
526
494
470
448
457
474
475
460
454
450
459
453
454
456
460
448
448
457
454
451
448
458
482
497
513
513
505
501
504
516
551
565
562
538
468
427
435
449
448
430
436
489
552
598
607
586
589
600
600
597
580
586
613
601
594
595
611
624
608
567
506
466
456
477
486
484
458
461
450
438
423
434
432
437
428
418
460
530
579
576
565
575
585
595
559
503
476
479
497
491
506
494
471
484
544
618
695
719
704
681
671
684
696
685
657
613
568
529
475
461
445
461
470
478
467
452
466
472
456
452
489
545
558
554
526
550
562
545
557
553
590
618
603
570
521
500
490
504
511
511
476
454
445
440
463
458
442
441
461
449
436
399
384
378
384
389
372
376
392
407
389
376
389
444
539
621
631
601
596
613
612
599
595
584
623
602
573
518
495
505
511
494
480
485
495
477
455
463
470
457
452
455
476
516
537
578
615
663
661
651
655
677
665
634
573
558
557
564
552
521
514
513
499
499
536
582
623
625
602
598
606
620
586
539
504
490
515
502
500
497
513
512
520
501
508
504
518
521
499
505
531
582
629
618
578
542
521
506
506
502
522
523
519
495
485
462
449
444
433
443
460
450
440
435
392
366
345
366
419
503
591
600
570
549
578
632
648
629
602
629
639
627
623
608
583
564
541
553
587
573
561
563
578
581
517
473
451
449
447
429
439
459
442
388
361
371
386
372
359
429
510
577
580
545
547
548
557
561
557
581
587
568
562
569
597
602
585
576
569
569
580
575
570
568
549
519
445
447
524
629
679
672
651
651
675
665
656
664
668
646
597
571
563
578
581
579
576
590
580
570
579
588
581
571
568
593
558
530
512
516
532
512
508
514
518
511
486
454
466
460
445
442
449
466
462
442
419
418
419
410
420
408
400
383
380
382
380
373
410
459
495
510
485
498
477
482
490
495
523
558
603
615
594
600
599
606
587
572
563
570
569
557
554
586
626
625
624
624
648
656
616
559
524
542
555
537
531
543
540
534
522
524
545
537
529
527
545
541
518
471
457
450
465
461
459
451
448
434
425
423
426
430
428
436
435
434
445
454
432
424
435
474
560
599
617
585
590
589
615
612
566
525
498
489
500
501
527
580
628
651
587
517
480
475
501
496
485
494
495
491
494
514
487
467
449
441
467
471
469
484
489
487
478
487
483
483
491
474
477
449
420
415
427
439
431
438
425
433
435
420
434
423
421
425
426
414
429
420
412
419
428
386
352
343
378
388
354
343
426
545
602
597
567
590
620
568
481
413
420
457
453
424
431
471
566
598
600
591
565
575
582
586
574
583
592
595
583
549
536
511
519
521
521
532
522
511
541
598
638
634
616
614
630
623
605
545
523
515
527
530
516
488
447
422
419
440
472
457
472
458
460
464
478
480
465
451
502
573
611
613
601
582
604
606
588
588
579
580
591
564
580
569
574
580
587
563
515
498
491
493
499
504
513
515
482
442
404
410
418
417
408
414
411
406
407
424
404
399
392
391
392
368
385
461
584
672
660
622
623
640
641
644
648
653
639
596
566
571
587
581
564
568
580
584
542
490
470
474
478
477
481
479
443
418
396
403
398
411
395
394
406
399
403
396
400
408
398
382
412
405
394
398
415
456
458
468
472
464
467
466
495
560
585
582
545
533
554
553
543
539
562
553
551
515
506
504
538
544
562
557
556
545
540
520
485
497
498
496
505
491
512
572
626
618
580
546
523
514
531
532
522
526
514
523
535
540
524
534
550
526
516
520
527
530
528
541
543
548
525
527
539
531
534
513
523
544
527
498
515
570
555
393
152
