646
676
606
580
618
651
617
582
583
604
598
595
569
535
510
491
501
514
548
601
644
656
642
644
637
603
521
469
449
482
494
470
464
514
589
645
618
606
613
628
636
617
630
631
625
621
625
631
610
595
616
640
626
587
512
478
476
483
475
481
489
485
465
475
468
473
446
463
519
601
628
632
659
648
583
529
523
584
664
690
615
555
540
574
564
543
550
539
551
545
542
541
529
501
493
503
504
501
481
489
544
588
615
613
603
606
619
621
625
595
562
552
553
559
558
544
545
525
528
544
567
591
607
620
614
629
634
623
596
531
491
474
487
503
489
487
505
500
522
528
533
531
524
532
530
526
515
551
582
605
610
601
606
615
583
516
475
479
471
464
475
486
482
441
413
411
421
410
405
406
436
488
507
498
502
493
511
503
495
522
559
587
577
583
565
546
507
478
457
468
489
472
458
458
520
639
689
681
662
666
684
668
625
577
579
594
587
589
575
582
577
576
570
566
565
568
567
565
572
569
590
628
654
651
647
643
657
678
646
588
541
492
467
481
479
486
482
489
494
502
469
479
490
482
474
466
462
466
454
417
439
539
623
703
709
684
664
686
697
657
601
571
585
619
609
560
522
491
480
483
479
491
484
474
428
413
404
421
427
410
423
427
438
446
448
438
447
451
453
444
448
465
446
441
433
452
449
434
443
446
474
466
459
456
453
458
435
427
429
440
431
426
425
434
416
433
439
446
430
424
416
425
441
441
426
435
444
431
414
440
496
579
618
619
601
589
603
621
625
614
563
496
435
432
455
475
463
440
437
499
566
610
618
602
595
596
599
597
594
600
602
599
610
612
561
491
432
444
457
440
414
422
484
545
571
573
561
581
590
585
589
582
580
585
572
577
575
554
530
537
532
543
543
535
549
563
552
543
520
530
508
518
514
520
510
533
563
581
567
560
563
567
539
472
424
423
454
448
412
430
464
498
486
486
519
578
616
615
602
604
593
607
610
598
596
609
591
602
593
596
603
609
604
614
573
518
491
476
482
496
491
485
495
481
484
481
474
488
496
503
522
518
526
513
517
525
523
515
527
552
583
604
610
603
597
622
616
613
611
612
608
604
603
603
616
561
515
477
467
472
470
455
453
456
463
457
452
430
445
510
621
707
704
649
592
568
569
581
588
617
622
619
632
642
635
598
560
519
528
529
505
458
424
430
432
427
418
406
435
441
423
403
417
469
527
582
572
560
549
566
576
567
542
542
540
543
532
531
539
535
541
558
553
565
561
556
544
521
489
468
478
495
481
456
467
542
629
680
706
678
639
594
567
539
551
569
559
561
577
571
559
563
546
562
569
574
560
557
560
568
550
564
564
555
559
562
555
551
555
549
570
568
563
582
565
569
570
559
553
567
567
598
611
608
615
616
593
583
561
549
565
560
565
572
606
602
593
593
600
596
596
585
588
598
601
594
583
586
581
590
580
576
577
607
603
576
516
486
475
494
495
490
475
477
488
491
482
485
489
504
492
495
476
522
549
564
571
557
571
560
557
538
531
519
529
524
524
530
534
530
551
559
557
564
555
562
562
560
561
553
552
514
504
497
507
535
521
513
510
506
502
516
531
566
572
556
541
540
548
549
537
527
536
540
537
521
528
532
532
523
517
553
603
627
614
620
610
612
624
606
601
594
568
584
600
591
551
511
496
493
507
505
502
491
466
431
425
420
421
413
435
471
481
486
486
476
482
475
476
506
551
576
569
547
556
552
567
561
570
568
524
462
414
413
439
462
455
465
466
452
468
459
463
480
486
481
452
453
506
596
642
637
624
615
650
675
657
595
524
484
478
486
490
468
473
486
498
498
486
482
467
456
456
447
475
460
425
446
499
620
704
704
686
678
685
714
676
656
625
584
587
608
601
567
480
434
454
465
463
441
436
458
447
413
407
406
398
380
388
466
597
664
682
666
663
672
663
660
666
663
670
677
668
660
655
652
684
674
647
574
536
543
570
575
553
552
565
595
625
615
585
537
511
516
546
610
630
615
609
605
609
598
586
567
543
545
543
521
542
570
568
539
487
457
446
456
466
453
461
470
464
462
448
454
467
465
477
472
471
472
467
472
475
482
472
477
458
477
487
477
460
471
503
541
593
586
576
566
545
548
552
558
551
553
533
539
517
505
504
525
548
554
546
548
555
553
541
520
507
497
500
516
503
495
495
521
573
613
615
610
619
623
622
578
549
532
534
521
545
537
529
524
535
534
531
526
523
524
532
529
526
528
524
530
522
535
536
528
528
543
528
525
512
523
546
532
527
526
547
517
494
513
552
561
397
146
