652
669
605
582
623
635
604
589
606
607
595
582
607
608
565
519
524
513
515
498
530
586
652
654
641
637
647
652
634
610
622
634
621
632
644
643
590
510
463
475
492
478
477
505
561
619
641
635
634
638
642
622
612
611
634
640
623
622
626
618
610
624
632
603
550
526
525
529
520
504
520
538
541
522
526
530
491
463
440
454
471
460
449
439
425
408
377
392
476
583
664
682
665
633
584
545
535
543
565
549
543
562
614
638
620
601
628
633
604
518
470
477
491
486
490
492
493
495
478
500
492
506
496
491
499
507
493
483
501
505
460
397
350
384
454
507
506
476
473
491
487
474
459
487
546
568
561
575
585
579
525
479
443
447
466
456
422
419
483
569
610
603
602
603
611
622
614
615
614
609
618
609
606
530
519
523
535
541
522
492
492
465
468
455
465
476
479
467
473
465
461
453
455
460
447
469
463
467
453
454
458
461
456
456
445
445
462
490
501
503
496
506
510
537
557
567
572
562
573
574
539
474
429
433
453
452
420
425
469
547
590
610
586
599
597
606
597
592
624
619
560
506
479
476
499
489
484
489
466
439
423
422
430
420
446
441
427
459
552
598
612
575
532
509
480
477
477
532
641
699
703
683
690
705
696
645
597
557
554
563
593
581
530
491
459
454
461
470
454
461
463
472
470
467
482
527
551
561
559
550
564
561
567
582
610
620
615
605
603
603
614
566
520
491
492
511
498
473
464
451
471
467
457
447
423
439
435
437
431
419
440
436
402
369
368
363
370
367
370
372
376
377
378
395
390
376
379
442
539
620
634
601
607
623
611
598
585
608
626
617
576
536
496
493
498
499
501
495
489
480
476
469
472
470
488
472
474
498
552
576
587
586
557
569
558
577
615
634
582
529
496
517
526
515
507
530
578
615
590
590
604
623
616
609
591
564
551
557
557
559
557
559
569
597
618
623
615
608
621
617
620
582
523
503
504
532
536
526
503
496
461
440
422
429
438
438
426
439
434
446
444
429
439
424
411
395
409
413
420
401
399
431
406
383
395
477
596
678
687
646
643
670
687
677
643
602
584
563
561
563
576
558
559
578
579
550
486
434
431
441
440
451
447
425
406
370
365
379
373
361
369
370
379
365
363
366
377
350
352
405
501
559
578
560
550
564
559
562
558
561
575
578
563
583
580
584
569
570
566
583
578
546
498
463
454
463
469
485
458
451
459
532
613
660
697
660
627
606
588
604
590
585
577
586
581
570
533
505
520
521
524
512
522
522
506
467
452
454
463
465
451
441
463
469
446
456
443
456
466
430
426
421
434
434
421
436
428
434
430
435
437
439
440
431
442
445
440
435
423
461
483
493
491
513
570
603
602
587
581
622
628
631
621
621
652
636
625
626
627
639
602
553
524
535
530
511
471
452
455
454
459
466
450
440
420
428
423
422
425
429
444
430
424
433
439
431
409
411
485
570
610
598
562
575
586
578
524
498
487
545
603
625
611
604
610
618
615
614
610
638
632
578
532
493
492
491
470
417
388
380
398
420
397
384
397
426
473
507
507
491
506
502
495
533
580
597
599
601
596
602
569
513
470
474
480
485
472
458
461
449
429
410
433
434
430
399
388
362
342
342
435
535
590
600
577
573
593
585
562
564
584
598
570
563
582
581
578
553
525
496
482
496
490
479
491
503
545
593
589
583
587
616
596
561
525
487
501
515
513
507
547
601
635
631
630
629
635
599
555
513
514
521
539
519
519
512
529
528
502
460
400
402
417
421
427
408
415
426
421
405
371
388
402
400
375
379
460
581
654
676
652
634
639
652
655
650
630
596
587
571
572
582
597
576
573
572
562
534
485
476
496
512
474
437
421
414
399
394
402
415
419
408
408
412
418
392
372
376
400
397
372
381
447
569
646
657
636
640
640
656
618
637
635
650
634
641
640
628
590
550
553
550
554
558
562
541
530
518
501
497
502
528
560
585
584
567
575
584
544
494
443
446
464
477
463
461
477
477
462
458
498
550
590
585
571
580
576
579
565
552
543
547
553
554
549
545
548
556
556
543
553
541
542
549
539
524
502
497
499
516
541
561
571
558
540
557
570
558
540
516
512
511
498
497
513
544
584
609
610
614
602
613
620
617
610
617
628
629
583
546
523
521
534
531
520
537
514
529
515
530
532
528
521
531
544
543
532
527
531
526
519
522
515
528
520
511
528
535
534
527
528
542
522
498
515
530
520
491
510
562
563
387
148
