636
662
589
585
618
627
615
602
619
633
609
588
609
605
593
570
586
608
591
568
534
518
521
494
510
516
501
513
532
602
650
636
626
645
653
597
504
460
462
472
466
505
575
643
631
614
592
629
640
615
597
606
629
618
570
521
482
471
480
487
484
495
490
518
528
528
519
515
513
510
529
547
587
589
569
531
492
460
445
455
460
437
459
447
456
493
564
621
631
616
595
608
629
625
583
546
512
517
519
512
513
480
440
413
409
420
420
410
403
417
446
444
429
429
423
411
416
407
413
402
406
436
460
467
475
467
451
452
475
501
548
587
605
572
563
566
598
591
571
577
566
576
567
553
565
572
590
625
641
664
646
611
562
526
515
539
529
543
529
521
530
531
528
509
490
447
455
445
468
461
460
468
467
463
450
465
463
478
466
450
466
467
470
468
462
456
464
471
485
468
478
481
476
479
483
518
565
609
615
599
586
589
614
604
602
582
552
525
518
525
513
429
387
384
459
551
586
586
577
591
596
605
601
584
597
596
590
594
583
590
583
575
581
571
579
579
594
593
552
492
435
421
443
440
427
421
427
450
433
426
433
438
422
380
400
485
617
687
698
690
666
661
678
684
685
689
667
632
605
614
620
614
610
584
532
520
508
526
517
529
508
503
495
477
462
463
465
464
468
464
466
460
467
470
492
477
485
469
472
486
466
485
532
568
582
566
544
558
573
535
510
478
492
505
491
485
484
485
478
482
483
499
501
490
509
540
578
578
563
562
573
570
579
594
621
632
635
627
627
624
601
556
504
510
528
532
519
506
562
642
679
672
656
650
666
681
650
596
578
596
580
549
478
439
430
441
458
449
445
441
433
418
408
420
437
410
397
415
479
546
591
600
584
549
505
487
489
503
493
483
478
492
490
467
444
430
453
438
450
440
448
465
466
461
461
469
474
461
424
419
424
426
426
437
427
425
437
446
479
474
459
464
494
547
577
581
587
563
573
564
553
554
562
566
539
540
548
612
634
601
533
500
507
525
521
495
513
542
604
655
642
619
613
634
639
597
515
488
510
524
491
399
356
352
374
361
359
362
395
430
459
468
445
445
454
501
559
612
622
594
598
601
593
584
570
547
537
548
548
542
544
529
516
499
520
508
509
506
523
583
617
605
601
609
611
587
573
545
566
548
526
507
518
527
545
527
540
541
531
541
574
626
655
665
671
626
593
556
543
563
569
568
554
547
560
570
572
544
561
564
588
561
561
549
521
500
475
502
504
483
504
497
496
491
493
498
497
480
490
493
506
502
505
508
502
506
506
487
479
530
581
600
600
590
607
599
567
536
534
552
557
546
537
569
598
558
490
452
469
469
463
455
452
443
435
432
473
572
639
621
581
585
612
616
557
504
462
466
470
470
472
480
483
467
471
488
471
445
463
507
587
648
669
655
633
591
513
480
468
475
478
526
586
668
667
646
641
666
684
654
584
570
573
592
593
564
579
589
594
576
553
550
528
531
535
506
482
484
507
528
526
495
484
519
577
605
616
602
598
615
598
566
518
489
493
505
496
494
486
481
462
462
462
472
476
480
542
576
580
571
562
589
575
569
526
533
538
544
531
519
532
539
535
533
547
544
534
527
528
557
583
615
612
601
569
541
514
514
524
519
521
523
548
569
593
596
584
584
594
594
586
575
548
549
559
556
559
553
568
567
557
551
561
557
555
541
571
603
599
564
513
488
485
489
495
485
507
483
449
394
397
422
415
420
405
430
456
459
464
444
465
470
457
448
465
460
453
437
451
493
543
567
577
578
565
568
562
566
562
569
576
576
565
579
587
587
578
571
572
576
577
572
573
568
573
578
564
578
573
576
573
567
569
578
577
560
577
570
564
548
534
544
548
547
545
548
530
534
549
584
618
608
601
614
612
627
587
548
519
514
527
522
531
515
549
581
614
609
601
601
601
609
600
596
578
585
582
571
584
593
590
561
531
501
495
493
513
503
497
504
511
500
515
504
496
503
504
511
507
515
525
510
500
502
509
512
505
489
456
443
439
442
451
438
441
457
446
444
448
444
449
445
445
426
406
393
395
406
383
383
396
382
399
407
399
390
398
418
444
466
479
463
460
449
467
494
545
584
595
572
563
574
598
589
545
532
538
555
559
543
510
503
508
510
525
514
518
524
539
553
567
557
540
564
548
527
504
494
527
578
615
615
605
597
584
557
533
521
536
535
534
537
543
527
525
527
533
533
536
534
519
519
527
525
528
525
532
522
516
520
520
530
523
506
510
535
517
519
507
536
542
523
509
536
546
533
510
521
530
535
498
504
557
551
392
150
