653
668
597
582
612
640
607
597
611
601
585
559
575
604
599
567
522
514
509
513
505
514
519
506
509
518
541
596
632
640
642
636
656
644
572
494
458
460
492
497
464
470
474
496
469
461
471
486
470
454
464
520
592
619
623
631
620
607
624
633
631
583
521
493
485
482
483
484
482
471
470
465
469
454
437
446
515
611
637
649
635
627
613
540
481
465
494
494
479
457
479
474
477
485
491
491
471
460
477
490
487
469
512
601
664
651
639
631
650
644
612
571
544
543
542
544
553
554
562
553
547
538
553
559
538
538
543
550
531
518
510
503
495
503
533
583
616
618
621
600
593
578
544
554
552
575
570
545
538
539
538
516
529
535
534
539
530
526
536
578
579
578
577
583
578
590
577
593
619
632
640
605
613
632
638
593
536
496
492
528
540
530
525
523
530
516
511
528
581
625
613
609
605
602
604
588
609
596
608
601
592
621
609
569
505
490
501
507
505
497
495
482
481
439
453
463
458
465
455
464
441
447
438
442
445
438
436
433
439
443
439
451
451
459
431
434
439
460
490
521
510
502
501
499
514
516
511
519
544
569
576
561
574
580
584
552
505
469
462
477
479
480
454
463
530
621
695
689
671
669
681
663
611
565
568
570
585
576
571
588
595
622
644
648
626
618
631
639
597
517
486
490
513
499
472
475
513
491
445
434
505
621
690
692
665
681
690
701
693
671
682
691
695
686
670
621
603
570
567
517
483
478
502
507
481
480
485
491
472
431
407
408
407
419
426
446
456
440
442
445
451
443
433
446
442
460
451
437
458
444
433
428
452
452
440
444
439
449
440
419
437
500
569
617
618
610
622
616
565
499
435
423
453
465
461
437
448
476
532
567
560
560
545
557
577
572
580
571
565
578
586
593
590
593
617
599
544
465
423
434
429
443
433
491
542
579
586
568
560
565
570
570
577
591
593
591
565
577
584
576
581
568
575
583
588
577
573
556
539
524
531
534
547
547
559
558
556
572
580
564
564
556
525
524
524
523
529
517
517
540
559
567
573
562
566
583
575
536
475
435
420
441
453
435
427
459
495
515
500
501
499
511
498
511
520
536
584
601
615
600
570
510
480
470
486
507
498
486
479
492
490
479
474
488
499
517
511
524
517
521
514
515
543
590
619
622
619
594
598
596
603
613
613
605
601
602
607
607
601
614
625
581
517
465
459
475
477
435
427
496
624
702
714
688
674
694
689
641
594
567
570
584
607
612
633
633
628
608
597
626
632
624
622
610
629
606
545
518
523
546
534
495
450
419
431
426
424
421
423
421
427
413
393
401
450
521
565
602
569
553
543
547
531
540
542
545
536
536
537
560
556
560
555
556
557
559
551
537
495
462
473
488
483
467
466
535
627
678
679
673
685
688
654
594
543
563
576
575
562
573
584
608
618
619
618
589
563
551
556
555
558
575
583
604
596
587
588
605
613
602
567
528
498
484
482
492
487
487
470
421
389
375
398
426
462
465
483
486
482
488
488
509
542
569
577
559
548
561
574
560
531
508
516
512
524
545
548
552
550
547
556
559
557
538
518
520
526
548
584
606
597
592
576
589
583
586
580
574
586
585
574
568
575
570
566
573
557
569
585
615
645
646
623
629
649
647
607
565
527
519
515
518
510
488
462
436
425
440
433
431
453
461
476
476
473
484
476
480
509
532
573
572
549
550
571
572
524
461
431
426
442
444
435
432
430
443
442
444
476
460
452
460
471
485
461
450
463
525
597
643
670
648
633
583
527
471
458
494
507
491
461
456
465
454
416
442
513
635
702
713
691
682
704
701
704
687
685
691
693
694
709
700
662
624
583
584
607
625
612
538
481
454
439
439
456
458
460
431
414
397
408
417
380
384
461
581
684
689
664
653
662
681
668
621
576
554
556
567
567
559
563
548
558
554
561
560
555
557
553
562
565
548
550
576
600
632
620
604
599
631
629
586
546
514
517
519
506
510
541
599
616
625
606
594
610
633
614
596
556
544
536
547
537
541
551
559
573
578
579
569
563
560
575
580
543
493
464
466
470
478
450
446
457
479
473
464
465
497
479
470
469
500
555
586
583
574
577
585
584
581
559
551
548
558
563
551
536
524
509
510
493
505
510
510
504
509
502
508
510
537
556
558
563
560
543
541
520
501
497
494
513
515
507
500
508
537
604
624
617
615
604
626
631
610
609
620
621
619
600
600
617
612
588
559
518
514
529
536
532
525
529
523
519
532
543
532
537
520
524
535
520
547
535
533
532
521
521
530
538
524
517
518
521
530
523
521
531
523
519
526
528
538
528
512
534
543
522
521
531
551
512
499
513
568
554
402
150
