650
667
602
593
629
617
603
594
595
608
583
570
590
600
587
592
596
586
540
518
506
521
528
512
513
523
518
510
516
545
613
634
653
664
647
596
505
454
461
483
476
475
468
475
465
470
469
478
463
473
466
457
475
471
480
481
483
463
460
482
465
466
470
474
478
464
470
475
480
455
456
490
590
633
641
605
610
623
638
639
609
611
618
621
624
621
620
630
621
584
516
474
467
487
494
475
463
476
471
466
455
469
488
476
450
454
519
591
644
643
645
658
650
603
530
470
460
474
497
480
469
486
531
592
657
658
637
640
658
655
616
570
537
539
544
543
510
485
494
522
517
481
483
526
581
608
609
600
599
603
609
605
596
605
602
613
601
611
614
601
595
565
556
550
544
559
559
556
552
533
532
530
518
534
532
527
519
539
572
586
588
577
595
623
630
622
620
613
620
626
628
634
620
591
525
502
495
493
502
513
492
499
520
520
524
523
518
545
583
598
604
601
587
591
602
602
604
550
501
482
462
499
511
461
421
398
394
413
407
430
483
506
516
508
502
496
504
531
558
576
567
565
579
554
516
461
478
502
492
462
466
531
635
673
679
664
659
676
675
670
645
611
579
574
587
589
582
566
593
625
639
641
630
624
623
617
644
642
603
543
488
476
493
482
479
476
453
447
442
452
447
440
451
461
452
426
442
528
634
694
703
680
685
696
691
681
684
682
640
591
576
592
593
561
514
493
491
486
481
503
498
473
433
403
426
413
404
420
432
460
459
438
442
450
451
440
440
458
455
452
427
432
442
449
455
463
474
470
465
448
458
467
454
432
436
433
426
435
447
441
422
419
423
429
441
436
429
434
431
443
436
423
429
426
437
438
430
421
430
427
415
424
469
546
622
626
625
608
623
640
620
566
497
453
435
437
493
564
607
616
590
591
602
603
593
596
598
599
598
592
592
593
583
595
603
596
615
621
605
566
492
430
420
443
500
557
578
580
572
586
588
594
579
570
591
599
585
527
515
514
524
521
515
527
537
531
528
562
623
671
686
670
633
596
566
564
577
585
536
468
417
433
429
439
443
441
441
434
434
446
453
472
478
505
504
508
503
534
579
602
612
590
594
604
618
598
567
530
485
473
477
485
487
485
477
481
496
496
493
495
492
491
470
469
505
520
518
529
522
516
510
519
543
585
616
615
616
601
595
604
594
621
613
578
533
478
462
479
494
471
434
444
536
637
693
708
670
674
693
713
711
696
695
695
696
701
695
694
690
697
705
654
597
571
573
586
582
568
576
595
622
631
627
616
629
633
615
597
543
520
508
519
523
524
536
521
493
452
428
416
434
437
433
417
421
424
428
444
434
423
422
444
522
579
580
566
552
538
539
537
543
544
541
541
535
557
566
566
563
545
548
569
572
558
540
499
467
465
489
497
482
461
462
526
612
668
693
684
664
653
609
561
541
556
570
565
559
559
568
579
603
608
622
625
594
569
546
555
557
558
573
577
586
599
599
590
581
587
592
604
584
578
579
597
601
561
507
478
470
483
486
478
489
508
493
502
487
487
486
505
530
574
564
560
556
556
558
560
564
548
566
555
559
569
572
566
561
561
572
563
563
561
571
579
556
555
564
579
559
546
522
521
535
558
553
567
573
568
557
559
568
569
563
556
561
555
561
568
552
556
563
551
564
552
555
550
552
559
560
568
563
562
541
534
517
506
506
515
529
541
565
555
562
545
547
560
557
547
544
517
522
531
538
522
528
554
584
601
611
596
592
605
607
595
607
585
550
526
527
550
548
514
496
466
463
483
477
464
465
479
502
568
623
617
582
520
487
494
509
504
502
522
514
495
463
429
435
434
442
430
425
433
450
463
479
476
475
486
483
487
502
537
576
581
562
553
561
559
531
481
415
400
409
450
457
474
475
485
470
459
453
479
479
458
458
468
473
455
449
514
605
640
638
624
639
660
666
599
512
492
479
485
504
488
474
468
464
451
461
466
459
444
452
466
467
464
454
458
452
460
450
458
456
465
458
442
444
449
449
450
450
513
625
697
717
687
654
685
701
699
667
634
620
585
597
600
604
595
588
614
604
549
469
432
444
459
444
415
409
408
402
403
411
417
392
383
452
595
687
700
631
573
564
564
563
557
554
562
592
599
629
620
615
621
619
633
596
537
501
513
507
546
587
628
621
610
607
619
631
606
569
545
537
543
550
545
552
561
574
565
567
552
562
562
550
532
489
452
451
461
473
467
445
465
468
482
456
464
462
482
475
458
454
510
562
594
596
583
585
585
584
592
574
562
551
553
548
543
530
512
519
505
503
496
516
509
499
507
533
553
561
543
539
558
563
537
523
518
517
504
500
504
496
481
493
526
588
622
635
597
591
610
615
619
574
556
525
531
528
530
533
521
530
528
524
514
517
535
529
511
524
533
522
499
515
531
531
518
513
516
527
528
525
529
534
524
510
512
538
534
527
519
552
541
523
511
558
552
403
147
