652
661
603
596
626
648
619
594
608
617
605
580
593
590
601
588
571
548
517
501
510
528
497
494
529
611
655
656
633
625
662
640
586
500
459
468
488
480
463
464
506
566
612
609
606
592
609
598
602
588
598
597
594
581
580
579
592
588
593
572
558
533
517
541
563
575
595
608
607
592
550
533
529
524
524
544
541
533
478
439
462
469
451
449
489
564
632
618
604
608
608
600
540
479
479
508
516
513
504
501
469
430
404
407
431
431
401
398
410
430
435
433
432
433
437
433
426
411
409
411
408
407
418
401
417
402
409
398
413
431
444
464
466
479
463
446
444
486
556
596
600
569
574
584
584
588
578
571
571
576
574
565
564
576
576
574
573
575
574
572
583
566
559
570
577
581
569
565
586
617
648
656
652
653
622
578
545
500
487
450
454
460
474
472
458
455
458
462
463
464
478
490
491
473
470
497
491
473
467
508
562
599
607
599
597
601
601
593
577
581
554
533
507
498
492
495
494
512
531
561
574
571
574
567
573
573
576
555
561
566
598
601
597
601
610
605
546
473
438
426
433
437
428
426
442
442
435
433
387
398
474
602
696
723
680
658
678
692
694
670
656
635
599
605
616
621
600
592
596
614
578
540
498
513
518
506
510
508
498
474
445
448
459
458
451
458
479
497
480
478
479
480
493
476
475
473
479
480
471
471
480
471
476
508
536
560
560
564
558
569
572
541
503
478
469
495
518
518
528
546
529
513
511
566
621
664
640
580
564
575
585
583
571
564
560
568
573
560
535
519
513
537
542
517
526
564
628
688
674
672
668
690
649
611
574
584
602
582
550
572
589
597
544
481
445
446
455
457
454
445
437
404
406
462
536
598
624
591
553
519
505
493
482
487
485
489
508
495
474
456
448
448
442
433
448
454
481
469
457
465
474
475
452
455
445
425
431
430
440
457
461
472
475
461
451
450
457
506
558
587
584
583
581
586
591
568
560
560
550
571
576
557
570
592
607
623
627
640
624
586
536
498
511
508
505
504
537
596
641
651
622
609
621
638
628
573
524
493
481
497
506
491
484
487
491
482
495
505
513
510
497
458
416
357
350
352
375
391
347
360
386
429
452
451
455
454
434
441
489
546
605
618
602
595
594
600
604
604
582
569
539
518
543
539
547
528
543
521
513
505
502
531
591
608
603
567
554
547
543
558
559
557
542
529
520
514
525
518
522
508
510
523
535
537
537
536
534
539
547
534
531
546
581
629
670
677
668
669
678
685
638
591
568
554
559
568
564
554
565
548
550
566
560
570
555
555
566
561
551
537
504
488
488
504
498
485
473
524
578
616
604
579
583
599
614
587
550
528
526
560
594
602
606
610
607
613
591
571
560
565
561
570
582
570
540
483
451
435
470
463
460
449
462
452
445
444
458
457
455
439
453
449
432
434
471
550
617
613
596
600
612
602
569
499
451
457
470
492
474
458
468
474
469
471
464
469
466
457
457
507
596
642
661
645
639
658
653
629
587
533
493
458
461
525
613
660
661
641
640
630
605
575
583
591
589
580
566
600
601
583
581
586
594
572
549
546
544
559
542
544
540
519
499
490
494
510
503
502
528
577
606
611
616
603
598
598
602
608
565
518
470
464
486
497
495
499
501
494
486
456
465
497
546
577
577
570
561
560
569
574
568
574
577
575
566
558
541
534
526
536
538
528
524
556
600
625
622
607
609
622
622
601
583
541
533
526
518
540
581
601
591
597
581
596
609
600
585
571
560
551
554
554
555
558
548
540
551
559
550
562
561
568
570
596
605
599
588
585
601
604
574
503
480
474
484
481
487
500
475
428
407
404
432
446
456
470
502
529
527
510
508
545
608
663
667
653
642
637
650
645
628
590
564
560
578
580
571
566
569
570
562
534
535
534
531
528
523
517
541
525
511
520
525
548
532
516
520
568
629
674
675
660
656
656
668
679
666
635
583
553
528
542
565
558
536
495
493
524
584
628
627
619
594
624
634
621
605
590
581
589
586
585
585
590
587
569
543
511
509
488
508
499
523
502
488
457
432
433
430
433
436
452
437
410
384
384
400
404
386
392
406
448
472
465
435
453
498
534
572
558
537
543
554
557
545
538
537
521
508
499
495
525
512
494
506
521
545
561
543
555
554
556
543
511
504
496
488
499
502
486
490
534
564
607
608
608
597
572
556
524
522
521
528
527
514
518
524
523
527
520
519
524
527
523
521
536
537
516
526
524
527
532
532
513
527
528
533
527
523
536
524
514
528
533
531
524
524
517
540
528
521
521
535
530
507
517
546
536
489
514
567
555
402
153
