705
729
666
671
704
678
582
532
544
572
581
555
557
565
544
484
478
510
514
506
481
505
550
593
627
629
607
603
594
633
630
604
602
616
644
643
623
605
622
632
629
632
585
521
461
432
512
579
627
630
613
623
634
628
624
614
605
602
618
623
593
524
479
480
508
494
470
481
504
502
511
507
518
533
510
524
537
565
569
563
560
564
566
570
578
553
511
446
443
466
459
458
431
499
596
638
622
597
617
633
615
590
594
606
613
587
524
508
501
513
521
521
518
492
448
431
412
419
406
412
416
430
436
443
440
434
451
440
434
445
442
451
452
447
435
449
445
429
387
380
410
444
464
468
469
448
456
455
504
546
585
583
585
580
574
588
578
561
563
601
645
651
636
636
651
646
620
558
528
529
530
541
534
518
504
483
469
455
479
481
486
486
484
499
480
483
480
484
479
476
508
576
602
611
590
597
608
614
581
565
539
547
544
546
552
551
552
543
547
547
538
505
493
489
506
497
491
497
526
551
580
575
580
567
559
578
599
597
592
584
588
602
599
597
598
618
598
549
485
435
413
440
447
442
433
420
415
406
409
411
418
435
404
372
405
487
616
711
718
691
645
635
609
606
590
603
593
605
599
606
611
588
535
506
501
509
515
517
502
511
496
471
445
447
450
452
452
457
468
481
476
483
478
497
485
481
520
579
603
625
582
580
604
612
591
541
503
479
490
496
504
480
480
502
498
494
506
522
528
527
513
505
517
559
619
656
662
648
616
601
575
565
561
566
564
570
566
552
544
530
517
526
545
538
527
530
580
644
684
700
672
621
576
578
579
585
594
573
575
572
578
561
571
585
586
545
475
440
443
454
461
465
450
444
426
419
424
428
425
413
419
429
421
402
412
456
533
592
605
588
575
587
593
601
564
519
494
483
500
501
489
487
502
508
484
453
434
455
446
445
430
430
452
471
469
464
453
467
470
462
463
473
468
463
459
452
443
425
408
425
433
460
467
461
461
470
457
465
497
545
581
575
574
573
581
586
562
562
565
569
559
561
545
545
567
597
615
625
620
623
611
621
622
622
623
609
621
621
632
624
632
625
627
589
537
491
507
515
516
511
493
502
542
575
621
632
639
610
622
640
635
579
503
475
478
486
480
469
489
482
447
405
399
400
373
385
436
557
655
661
620
622
640
648
621
625
643
672
638
585
573
568
576
571
580
586
588
563
547
533
527
544
533
535
545
544
536
526
515
521
505
524
516
509
541
584
622
614
601
593
602
613
615
589
560
549
554
562
561
542
540
559
564
545
527
510
506
520
524
516
514
515
519
512
533
522
528
509
508
525
514
500
510
517
525
528
539
547
537
532
523
564
624
671
667
661
660
658
658
669
660
638
575
568
543
563
570
563
563
574
561
522
486
474
512
503
479
483
516
584
614
620
589
591
608
595
584
552
534
555
592
599
605
588
597
612
594
595
564
548
567
582
583
540
493
452
432
450
463
474
450
439
448
443
439
437
445
463
457
435
434
487
559
597
612
615
599
594
609
610
598
564
513
464
464
487
498
490
462
466
481
481
472
477
478
461
459
464
480
483
484
462
469
473
455
457
458
480
472
454
464
510
593
633
653
630
642
648
632
643
661
653
613
539
484
456
487
486
474
457
470
531
612
657
660
636
652
661
641
597
571
575
602
584
574
566
591
580
557
543
555
545
552
529
534
520
493
493
522
585
603
578
517
478
498
484
490
491
491
470
468
461
461
475
472
474
465
478
463
471
498
531
572
590
580
562
533
526
527
561
577
607
597
582
595
619
618
593
542
517
516
527
523
509
520
544
579
588
592
595
590
581
603
587
593
598
605
612
592
569
546
543
563
566
560
572
554
565
557
556
551
540
551
545
554
551
571
581
602
606
608
600
590
609
608
597
597
617
598
578
580
597
610
584
525
492
499
497
471
423
413
425
417
407
436
454
463
452
480
533
574
580
584
565
569
560
547
542
553
555
540
538
530
537
571
630
677
696
666
656
678
678
642
587
551
556
562
552
548
552
573
545
519
486
499
513
514
486
490
513
582
616
635
622
605
608
625
605
585
585
589
590
581
575
578
577
558
523
491
505
514
491
464
440
448
444
436
449
446
428
413
388
381
389
386
397
395
416
441
464
467
440
449
504
542
584
587
572
577
580
582
566
580
587
584
573
552
548
547
558
550
538
541
530
519
497
497
515
510
504
501
521
539
554
546
554
558
555
571
563
539
535
508
493
508
515
507
508
527
566
619
610
593
544
528
522
541
528
523
531
529
529
518
525
529
530
534
513
522
530
524
516
520
522
526
512
510
533
527
522
515
528
554
527
532
528
539
532
522
526
544
539
493
516
581
552
393
134
