661
669
623
590
619
631
613
612
630
638
615
605
612
604
612
610
614
622
584
518
481
488
492
500
499
491
481
450
434
443
459
451
447
450
457
456
447
428
441
480
550
638
648
576
465
430
520
585
650
631
617
624
638
628
631
613
614
596
627
630
604
547
507
517
541
522
487
474
456
439
450
443
451
442
438
451
454
459
455
438
433
414
378
377
478
603
677
690
668
653
659
662
664
668
650
585
536
551
596
639
625
591
619
620
625
611
605
580
531
489
473
497
512
507
488
477
509
513
460
389
359
359
360
358
372
376
372
355
362
399
450
484
489
479
475
456
464
496
535
570
578
566
579
571
578
536
504
503
515
516
507
503
496
507
529
588
620
621
599
593
605
622
580
534
506
506
505
515
500
502
502
500
479
468
458
468
470
466
453
455
453
449
444
442
453
448
449
460
469
467
446
453
442
456
447
454
454
441
458
454
489
496
515
500
484
496
522
533
557
584
578
525
460
435
437
450
427
421
437
439
434
441
478
552
597
596
577
598
599
600
582
577
605
602
595
604
610
608
604
610
605
615
602
571
516
485
461
474
482
477
477
463
458
432
416
435
448
440
427
435
475
537
586
574
575
573
581
588
590
595
579
567
566
591
575
565
533
483
460
493
545
650
705
713
694
686
698
699
642
598
578
580
580
574
586
591
557
493
452
445
478
481
465
449
459
478
473
466
465
473
464
461
463
489
514
564
584
570
545
552
592
609
616
611
622
621
598
551
513
523
524
511
512
511
518
512
519
527
530
522
508
523
534
529
500
433
405
387
414
419
400
398
400
394
407
396
404
408
394
366
383
464
571
631
621
594
596
609
612
597
590
606
607
565
512
495
497
512
487
481
470
462
468
464
461
465
458
480
509
543
544
544
536
535
537
542
562
633
663
672
652
642
659
669
664
636
594
572
558
571
578
566
548
518
518
510
496
506
502
512
535
585
619
621
620
603
617
616
610
573
523
501
501
505
508
500
498
487
495
521
574
617
618
612
609
608
617
598
549
510
480
454
443
431
438
458
414
379
359
365
371
375
344
350
438
519
575
576
570
564
563
557
551
578
624
639
630
626
623
636
611
583
553
547
569
571
562
555
571
588
585
538
488
444
429
451
447
435
439
464
465
452
433
404
369
378
369
382
389
368
364
377
382
365
352
367
434
513
571
580
554
551
557
578
566
555
574
582
589
576
577
585
584
572
556
579
594
584
564
566
587
573
538
481
459
451
458
471
479
479
461
468
534
608
656
670
638
653
666
664
650
661
664
667
656
657
657
637
611
572
576
523
496
494
502
523
496
461
445
446
462
442
442
446
449
434
419
407
403
408
408
438
477
482
487
500
483
483
485
522
572
607
601
605
594
583
579
561
564
572
577
564
556
591
623
649
638
641
641
640
648
649
659
617
562
515
520
542
546
509
470
447
448
449
461
449
457
460
428
433
425
427
428
435
429
436
436
429
451
529
611
606
580
515
499
516
504
496
507
535
588
619
621
622
604
611
639
634
586
521
480
489
492
503
505
503
506
463
416
404
405
406
405
428
477
509
524
504
494
494
502
537
573
603
602
596
592
596
598
579
580
588
572
512
481
463
482
490
494
479
474
444
428
417
433
433
410
413
426
432
406
381
360
368
361
362
358
376
376
354
366
368
370
350
363
425
516
584
587
582
577
592
590
589
584
575
597
590
581
592
603
601
569
482
437
449
456
439
439
478
534
592
592
576
570
590
579
590
566
586
587
584
580
580
567
571
559
577
574
601
582
580
578
567
550
522
506
508
512
516
496
539
602
645
638
606
587
627
634
594
545
518
526
528
516
524
530
494
446
417
400
414
416
403
414
415
382
358
441
582
680
638
587
573
604
605
538
512
493
507
504
499
492
498
500
485
505
504
489
434
411
399
413
412
414
412
417
406
380
384
401
408
396
380
455
569
643
666
645
628
656
659
630
572
557
558
553
557
557
570
552
553
534
523
511
499
506
493
502
512
505
511
496
498
522
557
585
583
572
578
587
600
545
479
452
450
458
459
457
450
442
452
467
479
481
477
465
478
467
474
503
566
588
588
563
543
556
548
535
504
514
506
516
535
549
558
561
542
531
555
543
549
522
498
505
519
520
515
492
502
533
574
613
637
611
603
616
608
594
560
514
516
538
553
524
524
514
529
514
520
545
519
520
527
535
544
528
528
528
543
523
532
542
541
523
512
534
554
544
513
533
540
539
509
515
570
551
395
145
