657
650
590
570
625
638
606
596
593
607
591
599
606
607
585
587
593
582
541
495
502
532
529
499
498
568
629
655
632
629
632
654
648
654
640
591
514
463
459
472
476
471
469
490
481
475
454
464
502
583
628
631
621
628
616
628
624
616
613
635
643
626
625
620
629
628
619
620
627
635
614
621
621
639
626
595
573
523
514
517
524
529
525
530
522
519
516
519
511
517
523
543
551
515
488
451
438
455
450
438
438
441
458
455
435
444
455
449
443
454
455
448
435
418
414
410
409
412
418
412
408
392
407
411
407
405
408
417
418
411
403
421
406
411
401
413
413
398
385
405
421
409
397
409
434
418
392
387
476
604
674
679
657
648
678
672
681
677
666
632
570
547
539
547
550
544
545
555
596
608
616
607
614
620
635
622
558
535
497
489
493
507
498
483
486
477
505
492
460
418
373
368
372
407
444
473
483
478
470
472
493
488
490
480
475
462
474
473
474
483
485
504
547
566
566
577
569
530
482
453
456
457
440
440
481
552
613
618
601
598
620
620
615
590
547
529
514
525
533
538
511
473
467
472
451
457
464
463
456
439
428
456
454
460
443
448
457
453
445
452
466
465
461
477
498
508
515
500
502
505
509
502
493
497
507
495
500
529
548
560
545
563
578
569
548
546
581
568
530
462
447
436
438
435
482
542
604
615
582
579
597
606
606
611
571
507
435
396
422
452
446
417
406
469
539
585
585
576
590
589
560
501
463
465
495
500
501
483
478
487
474
475
476
485
494
483
471
478
499
488
456
469
530
632
718
708
678
678
696
701
681
643
597
554
569
580
579
596
574
545
481
446
444
465
467
479
465
454
462
452
454
469
472
465
451
466
485
526
549
533
534
547
553
541
535
569
587
607
622
606
609
603
601
574
541
505
511
515
543
519
490
436
416
430
422
422
417
424
425
441
443
429
418
407
380
378
372
383
383
389
375
382
400
402
393
382
387
395
371
382
456
557
627
627
619
601
609
617
609
593
604
604
594
584
596
617
611
576
529
506
492
503
505
495
501
495
499
487
468
468
499
529
548
558
547
557
554
559
546
548
555
555
513
456
422
412
429
448
438
415
429
489
599
670
680
625
582
557
557
560
550
542
558
550
545
526
497
512
551
584
607
597
610
604
611
608
590
571
524
515
502
495
498
511
510
509
501
521
521
511
493
492
517
528
506
505
517
518
490
488
538
598
591
540
509
507
531
511
500
501
518
514
505
510
508
505
467
449
430
441
451
450
457
436
397
358
349
378
371
345
349
419
528
590
596
561
554
569
580
576
558
573
619
633
612
617
630
648
633
613
572
578
571
562
556
555
563
535
461
436
433
441
440
425
436
454
443
419
387
379
347
358
402
498
566
572
549
542
552
570
581
570
581
587
582
569
572
553
498
459
455
475
504
472
452
461
536
615
658
664
669
666
680
675
636
590
581
574
568
568
575
587
572
539
500
496
520
513
499
480
458
443
447
450
459
471
465
468
444
427
402
409
406
419
413
395
383
386
400
386
368
380
421
458
495
487
492
488
490
486
512
571
597
608
606
601
596
585
569
569
569
578
572
580
581
609
645
645
642
641
649
656
618
560
529
531
536
526
522
535
544
523
469
447
446
457
460
425
422
434
422
429
425
433
426
414
407
472
547
602
608
599
593
605
612
610
557
517
501
494
511
513
508
501
505
502
497
509
514
495
486
503
519
570
618
638
628
597
614
632
643
573
476
428
437
455
436
421
412
426
426
400
391
474
600
687
687
651
655
678
685
668
682
688
682
637
582
570
574
585
574
568
577
593
606
614
625
627
624
583
521
488
484
498
498
510
492
464
402
351
363
432
539
593
596
586
578
581
578
578
574
585
595
579
585
586
587
583
595
582
593
596
595
561
493
412
404
489
573
594
593
566
581
594
592
575
562
573
585
581
570
594
592
581
569
530
518
514
547
606
647
624
600
619
657
642
601
531
522
533
527
520
514
531
538
500
444
402
403
416
424
419
399
402
413
412
409
413
416
424
423
411
415
400
412
423
427
417
415
423
430
424
424
417
412
400
417
422
412
418
420
406
414
403
416
423
395
364
388
457
574
651
661
641
644
653
665
637
614
599
576
569
586
594
591
582
581
585
590
589
580
574
590
592
585
585
570
578
583
573
583
579
580
567
559
577
591
594
568
588
589
575
584
574
566
578
584
598
570
517
488
487
515
512
497
499
506
493
475
434
406
402
421
411
401
416
420
397
387
391
394
400
377
383
382
389
376
366
460
577
668
628
563
543
557
567
548
541
557
569
551
500
499
492
491
485
505
509
532
552
554
561
566
579
563
535
475
418
417
434
468
457
418
422
485
562
616
610
588
578
583
602
563
536
505
514
528
525
501
508
551
578
600
587
574
576
596
572
558
543
542
549
540
530
548
550
554
535
526
514
523
512
521
515
512
504
518
531
547
556
553
543
540
535
505
494
497
539
595
613
614
622
618
605
597
620
616
590
551
517
514
523
526
534
533
531
528
513
524
529
529
514
524
525
530
531
529
516
525
522
531
530
530
516
525
533
532
507
516
527
535
531
520
528
524
524
523
539
549
530
501
526
576
554
400
153
