657
665
594
581
609
631
606
591
596
611
584
575
594
603
585
573
592
600
612
583
566
546
522
488
505
527
523
513
533
601
674
646
578
528
497
472
465
455
510
572
629
629
614
621
626
634
613
610
615
629
634
615
569
521
482
477
483
486
486
460
449
479
527
590
642
659
659
641
638
638
649
638
587
540
471
470
486
495
481
477
475
486
516
584
651
674
645
619
564
528
545
547
562
554
548
533
523
498
476
497
527
594
622
620
613
607
607
609
605
612
608
618
621
606
596
563
543
546
533
532
520
534
546
536
524
534
566
583
586
571
585
582
582
585
591
623
620
618
624
639
600
538
490
475
505
506
506
517
533
534
526
494
505
556
591
596
584
602
622
613
565
521
469
460
486
493
493
471
449
432
417
393
409
427
419
406
402
402
444
484
512
528
510
503
508
497
521
560
571
582
576
565
567
589
579
575
558
573
554
506
464
471
495
487
469
446
526
639
715
700
672
673
691
682
666
660
679
689
685
673
675
675
670
672
686
691
654
598
563
562
581
584
576
602
625
654
635
636
636
639
631
621
633
651
664
659
594
520
469
463
488
491
480
462
459
454
440
437
502
629
710
710
684
661
701
705
660
602
580
589
598
564
508
477
486
484
494
490
487
487
462
430
415
420
427
420
407
409
418
423
432
433
449
440
444
427
433
432
441
435
433
436
438
438
435
435
436
438
442
459
464
457
456
460
468
456
452
439
436
439
424
436
443
441
426
435
427
418
423
420
415
444
445
440
443
431
425
423
434
479
545
637
660
637
571
498
437
435
453
463
440
428
497
570
610
603
578
591
623
605
588
594
594
611
595
579
606
631
603
555
501
515
573
582
574
559
563
579
582
592
581
577
567
572
573
582
582
546
532
528
544
537
549
554
559
570
563
571
558
570
565
532
510
522
522
524
519
521
533
563
575
578
570
553
575
577
529
481
432
421
441
444
464
503
514
508
505
507
518
515
497
500
537
571
611
620
607
607
604
624
613
574
521
487
483
486
475
482
480
490
498
501
484
492
491
480
479
486
499
518
519
523
519
520
523
524
524
512
538
580
620
615
616
601
628
623
565
507
485
483
487
480
473
477
477
479
482
478
464
467
446
471
477
442
445
505
644
713
718
678
681
695
702
657
609
564
570
563
573
570
564
584
580
588
606
613
621
632
628
617
616
609
616
614
620
620
600
544
517
519
516
506
454
419
400
420
430
426
415
405
406
457
515
573
584
574
565
577
586
577
566
569
587
580
559
563
537
542
525
536
540
534
540
541
553
550
557
552
562
581
548
553
566
568
544
506
479
479
488
480
469
474
480
478
467
476
485
492
464
455
532
612
689
679
663
656
696
683
649
587
561
565
582
572
537
527
533
526
514
509
520
538
534
547
543
539
538
546
547
590
605
607
616
606
601
597
607
593
575
546
512
517
537
534
550
558
562
556
555
561
556
540
523
532
540
527
528
511
529
545
553
569
566
565
571
559
568
557
558
540
528
513
526
524
512
503
510
526
536
543
536
525
514
538
539
522
522
539
565
600
609
596
574
590
589
584
567
571
574
562
561
569
566
597
608
633
645
640
625
637
656
631
593
541
523
525
528
525
530
519
516
505
495
517
520
514
519
526
518
490
449
412
424
429
446
433
439
424
429
448
470
482
485
482
481
493
481
482
488
529
563
563
539
535
569
580
555
512
467
435
421
434
446
454
425
431
464
486
516
501
507
507
499
487
501
536
590
616
618
621
610
614
617
622
607
570
521
474
451
457
472
492
485
467
457
510
618
705
718
692
679
695
697
688
682
700
683
612
563
562
597
600
587
597
602
593
543
496
474
466
482
472
470
472
474
479
454
441
405
410
414
411
420
408
410
421
407
396
407
425
410
384
397
460
590
676
698
658
613
544
509
488
499
513
538
557
579
607
591
576
572
589
589
580
585
592
580
581
586
591
581
598
585
574
582
593
584
589
581
599
592
574
556
529
540
538
541
534
528
546
559
562
566
585
575
554
493
453
458
448
449
454
471
493
489
463
473
504
558
592
601
582
575
585
585
586
575
569
572
577
585
577
586
563
579
587
585
579
581
589
577
573
556
533
519
518
511
510
516
516
507
527
551
564
569
526
518
507
482
496
531
580
608
602
610
607
621
620
587
546
515
513
532
545
524
504
515
528
526
529
523
537
531
523
522
535
537
532
515
535
543
532
505
516
564
559
389
146
