642
659
600
578
623
641
625
601
607
628
607
592
589
602
602
569
537
524
509
513
520
505
518
516
509
507
527
551
607
632
645
636
588
523
476
452
480
496
488
459
454
521
595
640
641
620
630
637
622
610
603
614
624
627
580
525
494
477
496
488
482
487
496
518
527
515
521
516
518
516
506
521
515
512
508
531
556
581
570
531
491
443
441
450
499
559
604
625
618
576
540
503
488
499
499
502
505
479
440
421
421
420
427
410
421
424
419
422
407
429
426
444
431
432
430
435
445
435
425
411
407
420
406
424
422
408
407
413
454
462
465
461
465
467
469
456
481
544
592
587
558
561
574
582
575
557
566
566
578
559
578
597
628
644
643
640
640
643
657
648
649
615
554
517
512
534
544
531
534
535
538
523
516
479
463
463
457
470
467
472
479
483
489
481
472
474
524
561
598
602
607
593
593
587
604
593
567
556
541
544
538
541
550
543
533
507
474
483
489
506
490
495
518
556
572
584
583
571
567
585
602
599
546
482
432
419
437
446
454
452
446
443
422
402
400
425
422
417
385
422
496
623
681
707
676
644
637
624
614
583
525
513
501
509
517
525
505
487
475
470
470
463
460
471
466
463
464
479
493
487
468
476
501
541
544
558
550
568
577
567
559
533
514
478
481
484
495
487
468
495
501
507
516
523
533
532
516
532
573
625
673
660
647
626
633
655
671
668
623
581
572
572
570
559
576
576
556
516
490
474
493
499
487
481
490
485
495
511
559
585
588
580
588
587
589
600
601
621
635
609
611
612
632
623
605
579
557
569
562
569
578
573
533
476
443
450
449
448
437
436
447
443
448
445
425
409
418
412
430
416
409
411
474
550
580
602
597
589
595
601
590
573
598
593
588
584
593
607
610
589
593
596
592
589
599
605
598
556
514
499
487
504
502
513
504
485
455
447
441
449
458
445
438
454
474
486
488
476
473
481
479
487
477
475
469
471
461
470
470
483
454
431
423
421
430
421
411
431
452
469
463
464
474
469
461
489
545
590
589
574
574
581
585
575
566
565
570
566
575
561
559
558
558
606
628
619
597
612
631
633
592
537
506
511
512
515
498
491
541
604
634
592
532
470
467
506
506
461
393
346
355
374
378
363
358
358
388
420
452
467
457
446
446
493
551
592
607
605
588
592
597
602
604
603
606
603
595
577
558
537
541
552
545
534
538
540
551
547
537
539
542
540
539
541
533
554
558
542
554
519
503
492
528
517
513
498
526
590
615
622
594
595
622
627
596
564
557
558
561
550
564
563
546
535
515
512
507
518
508
519
530
519
522
512
524
519
537
540
522
533
534
575
622
662
667
649
665
667
660
658
668
670
648
592
562
552
575
580
550
509
501
510
490
486
488
531
571
611
619
607
582
549
531
536
531
546
554
592
608
613
605
595
587
574
542
559
561
575
584
589
553
531
487
458
458
457
471
443
451
458
466
471
462
457
472
460
447
438
444
449
443
425
448
488
503
516
478
472
464
486
485
479
466
462
476
478
463
454
466
535
603
637
637
649
639
653
663
669
656
603
517
450
462
487
497
483
471
494
487
480
495
488
479
475
516
606
679
669
642
640
666
667
622
586
573
587
584
577
576
581
586
584
549
552
559
542
535
538
546
537
519
505
511
515
493
489
511
555
593
584
578
580
615
617
604
568
518
494
486
494
507
512
509
514
503
477
470
475
479
476
452
455
496
543
581
574
554
551
576
564
561
564
560
557
530
514
521
551
519
513
517
565
627
667
691
674
640
597
572
582
591
598
590
569
557
560
548
554
559
553
547
556
556
559
556
558
543
559
550
553
560
556
561
556
577
613
602
573
511
485
476
484
498
477
503
495
492
480
506
499
494
490
495
511
508
481
442
425
416
429
416
416
406
424
439
456
449
453
452
450
448
457
465
503
522
509
507
563
601
658
667
653
651
640
585
562
558
567
578
566
566
563
543
514
508
540
540
519
507
553
633
672
666
659
648
659
680
662
642
599
543
545
545
562
548
534
500
511
508
501
508
497
501
481
525
573
616
618
620
615
629
612
607
588
588
589
580
587
588
587
571
526
502
498
513
502
493
503
523
528
507
480
455
448
437
446
448
441
445
440
435
436
407
384
377
412
444
451
464
475
468
458
459
480
545
576
589
572
578
576
573
547
555
546
555
545
543
552
556
533
511
522
529
528
511
513
527
532
515
508
522
541
544
565
578
581
558
562
575
558
529
477
416
416
436
431
442
439
433
415
429
445
467
459
473
465
466
469
477
466
474
482
476
471
523
568
619
625
610
596
611
626
602
569
544
533
523
516
527
526
516
515
518
548
532
529
527
539
537
516
519
522
536
519
522
536
540
534
496
524
575
560
382
155
