654
660
602
578
617
637
608
598
619
632
608
590
614
633
615
590
592
614
599
568
534
526
524
491
500
554
615
652
648
637
613
638
648
674
655
598
516
470
457
472
478
480
483
474
460
450
509
591
644
638
614
615
629
628
617
625
627
638
618
615
623
587
523
464
459
482
485
458
469
484
487
472
460
467
491
477
452
466
530
581
617
628
638
639
620
628
646
668
662
602
525
496
479
493
503
492
464
476
531
600
649
655
643
620
647
637
641
648
651
647
640
643
647
641
613
562
536
531
547
544
540
546
550
551
524
514
509
513
507
502
486
495
526
575
605
620
595
564
559
549
549
551
555
562
560
546
514
532
524
523
530
532
527
530
552
559
578
586
576
591
597
585
583
592
604
620
624
621
622
630
621
618
618
626
621
636
620
633
630
634
620
626
644
614
570
531
496
488
497
490
497
488
494
529
531
529
528
507
522
546
582
595
599
614
607
559
511
485
466
474
474
481
484
472
437
412
394
405
411
404
417
458
489
516
524
520
505
497
501
519
558
576
567
554
555
568
568
536
492
474
482
487
492
482
478
491
491
479
455
474
528
619
666
673
667
656
659
675
687
667
647
613
579
575
582
586
581
577
584
606
622
637
638
599
530
476
465
481
490
488
485
491
492
487
474
459
463
461
446
436
439
519
622
697
710
688
681
706
724
686
616
591
595
601
598
594
592
591
567
505
486
487
494
493
480
491
489
470
438
409
406
420
418
430
430
452
446
447
446
446
441
436
442
450
447
477
464
460
458
454
471
459
461
443
430
430
426
436
431
438
428
430
433
431
435
437
420
431
442
431
425
430
423
443
440
437
435
423
444
469
551
608
624
608
592
601
622
604
568
489
443
440
464
475
451
436
500
572
614
610
585
583
603
590
583
591
601
602
598
592
598
601
586
586
604
606
556
458
416
432
452
445
435
439
490
548
584
574
566
566
567
586
584
574
549
565
571
586
594
587
592
582
573
564
575
582
579
587
583
589
590
571
551
543
543
554
548
566
568
566
563
567
571
570
527
469
445
448
429
433
432
464
478
490
496
508
477
485
509
536
556
590
573
567
548
533
536
531
535
535
548
580
598
609
613
609
608
602
597
612
610
574
500
461
471
475
494
489
482
489
503
493
483
484
503
504
517
517
518
545
577
611
620
615
608
612
621
619
595
611
621
617
603
600
619
623
565
505
480
484
486
476
466
482
481
474
466
461
460
432
437
506
632
704
721
706
693
670
621
571
562
585
586
562
562
593
618
629
628
624
632
607
614
625
629
585
528
509
520
528
537
529
527
499
438
394
402
419
436
413
409
422
430
414
404
390
396
374
382
389
391
381
361
375
460
568
665
687
654
598
563
534
521
482
454
481
494
479
459
461
537
627
688
679
673
663
675
678
687
685
653
590
550
545
569
562
550
551
575
606
607
602
609
616
613
598
614
616
612
566
549
554
564
549
552
578
594
585
563
566
593
597
569
530
483
487
492
490
493
483
493
490
489
482
493
491
502
499
489
497
493
506
488
490
508
548
566
567
570
574
588
567
540
524
522
534
517
535
547
570
557
558
558
566
552
529
512
516
519
523
529
509
506
512
523
511
531
556
553
566
559
559
552
549
572
558
563
556
542
512
511
530
532
522
516
518
540
573
592
588
580
585
600
603
584
580
577
572
570
566
566
567
581
573
558
566
584
606
654
661
648
654
638
636
644
624
636
636
655
659
665
611
551
505
504
524
531
519
520
535
484
440
426
435
447
427
432
428
438
435
420
441
435
436
426
430
451
471
484
489
491
487
482
483
492
522
562
569
561
555
561
573
574
539
465
416
400
434
441
431
430
443
450
466
463
486
490
461
451
498
575
649
652
609
538
480
484
487
494
484
468
474
486
476
426
438
522
641
711
699
685
686
699
668
614
582
578
605
596
582
578
580
601
610
586
546
479
431
433
449
466
465
436
430
404
406
405
412
406
416
421
390
396
477
587
668
661
582
524
542
574
570
547
557
602
622
617
607
611
619
608
574
537
509
506
514
522
514
506
506
530
578
616
618
617
626
603
610
617
616
617
610
613
622
611
589
545
520
538
544
543
540
531
547
558
571
562
539
515
515
504
512
491
507
502
491
508
525
575
602
602
597
588
584
575
557
538
536
562
555
551
539
532
548
515
502
498
504
506
523
538
553
556
566
554
548
563
551
535
523
516
501
495
501
508
507
515
500
504
538
583
608
618
606
573
530
519
534
533
527
523
519
523
528
521
534
530
528
528
523
539
528
519
525
519
532
530
528
530
524
521
523
530
531
523
527
533
518
518
522
521
522
535
525
534
526
520
510
511
563
561
389
139
