642
657
588
579
625
646
606
569
577
601
591
577
592
596
574
522
502
512
519
507
503
507
527
514
501
526
544
586
637
657
641
617
625
647
644
604
510
468
466
473
453
441
499
590
640
642
615
619
613
608
615
620
623
620
623
617
639
634
607
622
636
624
590
542
522
519
528
522
520
525
542
534
516
466
452
439
444
462
449
459
455
447
458
451
445
453
450
456
449
447
442
455
458
441
441
458
461
461
457
448
457
456
445
447
452
447
398
397
404
412
378
383
470
593
693
686
664
665
684
646
569
516
535
550
568
549
543
566
602
609
620
612
609
620
626
622
621
614
608
603
606
612
618
617
610
618
604
558
508
469
472
511
496
455
419
373
370
371
366
386
420
455
440
438
451
445
441
451
447
443
458
441
435
445
452
448
450
444
443
447
457
492
510
518
500
492
497
527
536
558
555
547
543
540
552
562
569
582
581
590
579
575
577
587
599
606
596
595
618
621
577
537
525
536
538
515
472
459
450
463
464
460
464
465
454
449
450
445
457
458
448
458
450
456
455
463
457
455
457
457
447
451
447
441
458
442
453
450
446
443
452
460
454
458
463
455
447
445
457
455
472
469
472
476
474
471
459
473
472
456
460
482
487
518
507
514
517
502
507
526
560
587
586
583
592
592
592
583
580
575
595
590
599
559
520
473
469
494
474
452
448
467
491
466
437
423
440
444
427
419
461
542
600
609
580
563
588
595
585
537
508
495
494
486
486
485
499
502
478
475
529
623
699
704
682
675
691
685
677
666
694
705
701
684
676
692
685
654
600
575
557
549
573
589
578
540
486
444
456
476
461
458
478
507
553
566
556
577
607
609
590
584
606
617
600
580
521
492
477
500
510
498
502
513
515
510
486
463
449
454
448
428
404
379
391
372
395
378
372
384
402
391
386
408
412
405
384
393
453
559
615
615
608
610
621
614
599
597
617
609
583
521
491
499
509
508
498
503
507
491
468
462
457
477
522
559
543
531
521
533
553
548
526
529
560
617
658
682
650
637
591
573
574
559
567
569
561
538
515
491
514
532
513
502
508
543
583
607
604
600
611
593
539
495
494
513
514
504
501
499
512
504
500
502
510
500
489
495
502
495
487
497
538
574
580
584
599
601
575
499
466
468
459
468
453
463
464
437
402
353
344
378
385
366
321
335
409
520
593
598
561
547
577
608
627
628
627
618
581
566
565
576
590
568
567
589
584
548
474
441
431
451
438
441
443
439
440
441
447
448
441
450
444
461
440
436
428
441
442
457
457
428
411
393
392
371
362
362
418
504
576
577
544
543
554
576
570
564
578
589
581
573
561
584
575
552
511
479
470
453
458
502
602
672
684
619
586
580
587
586
576
571
593
587
554
524
496
506
506
520
527
523
489
474
459
457
452
451
452
461
452
419
404
416
405
391
367
413
502
600
636
624
568
525
503
512
516
514
496
459
445
428
439
451
443
433
434
439
431
422
432
444
417
424
426
437
427
423
427
464
543
602
600
581
591
610
605
567
507
488
502
508
518
503
498
498
492
535
594
642
635
617
628
637
649
618
583
556
503
484
477
505
520
490
442
406
411
403
399
407
414
423
397
389
437
477
505
512
503
506
505
510
527
567
598
612
570
570
608
614
573
513
475
495
507
494
477
488
475
460
438
423
430
427
426
417
421
426
426
440
424
425
427
412
427
419
435
421
428
441
434
430
433
428
415
383
341
346
427
510
593
605
582
571
564
591
599
586
583
591
602
589
552
489
446
450
437
444
434
440
429
426
449
531
586
596
578
578
594
594
590
561
521
522
505
516
522
516
524
515
515
531
542
595
636
635
592
532
514
518
522
510
514
519
523
525
497
440
412
400
415
427
407
419
416
409
399
371
381
401
397
374
371
454
577
652
661
638
642
658
664
640
650
659
675
649
627
606
592
575
563
594
593
560
511
486
481
496
498
500
489
469
426
398
392
413
419
393
399
391
380
375
390
403
400
372
368
459
578
656
652
609
625
653
672
610
565
548
556
550
557
567
573
556
533
507
501
495
495
506
495
502
527
558
586
587
559
564
568
566
537
498
464
453
445
456
456
465
468
478
491
487
473
466
486
501
556
578
590
594
575
583
590
587
582
563
542
546
550
546
552
553
540
546
544
551
540
531
520
502
489
500
489
504
504
498
498
499
503
509
539
548
571
556
555
555
559
551
555
538
514
505
504
500
505
529
571
614
615
612
595
606
611
623
610
589
559
528
523
531
544
513
516
529
532
537
533
516
533
531
536
525
526
543
530
527
522
537
535
524
538
529
536
530
521
533
533
530
518
522
541
528
509
518
565
543
388
138
