547
561
507
496
515
550
528
510
511
526
535
571
594
611
595
569
578
593
586
578
596
594
584
574
569
566
541
510
509
520
533
520
502
516
554
595
620
646
638
582
514
465
467
476
469
469
515
597
633
647
637
620
619
633
615
620
625
629
629
618
590
541
505
510
523
520
468
429
416
430
403
381
395
490
602
665
673
664
653
622
575
548
542
559
566
545
534
566
599
611
610
604
607
615
622
617
586
535
473
467
509
512
458
384
346
362
384
372
346
362
406
463
487
489
489
478
467
465
497
542
565
559
542
544
571
567
531
481
438
425
444
488
567
616
623
602
579
600
616
607
606
598
612
612
598
603
625
626
579
524
493
485
495
497
489
499
478
462
447
454
465
463
458
456
492
585
632
621
622
617
622
636
590
546
509
509
515
512
521
525
520
522
523
521
515
473
470
466
480
477
469
455
493
499
509
509
502
497
517
508
500
521
557
575
569
544
565
580
592
535
475
435
446
440
433
429
437
483
553
592
615
601
601
569
595
600
612
601
600
621
626
578
494
459
459
476
486
493
483
486
493
497
470
431
427
428
431
423
424
471
537
594
606
582
583
583
591
554
521
488
476
490
503
503
478
483
550
631
698
687
666
665
697
693
648
594
581
586
543
481
453
456
477
477
450
454
458
461
454
461
470
461
455
464
497
535
562
556
554
547
554
547
557
587
609
600
588
604
619
582
530
488
476
510
502
503
494
496
491
469
438
450
456
450
444
448
458
444
392
371
380
397
388
387
400
387
384
383
392
410
404
388
394
405
410
377
392
451
561
609
638
609
593
607
609
604
602
604
606
608
601
562
536
485
494
505
508
495
484
484
493
483
482
493
486
481
477
515
574
628
629
599
600
620
626
589
562
546
555
560
557
545
547
541
543
529
530
510
514
510
518
502
519
511
514
523
534
530
512
517
522
512
510
526
583
607
591
530
495
504
505
502
501
494
514
518
509
492
491
544
591
613
621
623
616
614
616
579
538
511
516
525
520
522
516
502
521
515
507
506
511
510
510
487
471
445
428
446
456
456
441
420
406
377
347
358
418
512
579
591
567
553
569
574
580
587
621
649
647
626
617
629
630
623
574
563
557
580
581
568
569
573
549
477
424
437
452
456
450
445
458
435
382
350
359
380
367
344
365
416
511
553
573
565
566
568
571
580
594
571
565
578
583
535
496
466
465
464
450
442
497
607
673
689
664
649
656
669
674
635
605
590
578
590
589
573
579
585
577
533
510
494
511
525
514
509
475
466
453
450
461
463
459
444
430
420
420
405
415
414
419
425
417
422
416
397
405
402
396
378
382
406
469
490
498
479
496
466
481
509
559
607
610
603
605
603
611
603
601
589
592
571
555
559
574
578
566
565
576
571
556
573
601
639
654
638
603
573
532
515
522
536
531
512
481
449
446
453
447
445
446
437
438
425
422
422
424
430
430
426
428
430
431
435
430
422
439
439
441
422
421
432
442
418
409
473
572
628
596
514
486
541
612
638
629
614
610
629
619
571
518
496
481
485
495
487
476
461
443
406
400
405
412
419
393
392
437
494
514
512
513
516
508
505
495
540
575
585
614
597
612
564
501
483
487
477
468
448
423
425
432
423
426
421
402
413
416
404
387
408
479
576
578
534
438
415
436
446
429
426
433
481
537
584
611
597
585
582
579
595
589
580
575
575
567
568
571
572
586
577
576
541
527
515
524
523
532
509
503
515
525
513
508
523
539
592
627
652
642
594
553
513
532
507
511
528
539
489
444
418
398
404
398
384
398
395
362
372
450
588
669
666
624
624
642
657
637
591
577
576
588
579
555
513
475
475
493
492
462
435
409
409
402
395
402
380
383
393
399
393
359
373
462
577
651
645
631
634
649
608
565
536
539
554
557
549
553
565
544
511
493
496
513
558
583
587
591
566
582
572
559
565
574
566
539
485
449
456
458
475
453
453
472
460
461
466
480
482
487
473
473
474
458
500
549
601
601
581
561
590
600
592
572
541
555
549
551
551
565
552
552
544
544
542
513
495
507
508
519
514
510
505
528
539
556
570
566
552
545
554
566
562
540
515
509
510
503
497
496
545
574
606
625
609
578
553
530
528
531
540
539
530
511
522
528
517
526
520
523
538
533
528
523
522
531
520
516
525
529
529
516
525
529
521
511
517
544
541
498
516
571
536
386
142
