606
623
573
560
590
598
585
561
576
593
590
572
581
567
543
499
495
555
611
642
633
635
639
644
645
596
518
460
443
477
500
480
455
468
510
583
636
640
631
627
615
608
607
625
627
598
555
530
523
527
514
511
511
529
519
513
513
530
533
501
467
441
458
453
452
456
441
447
456
464
444
445
447
442
449
455
451
459
454
407
390
391
421
414
396
400
419
404
376
400
478
602
686
696
663
655
671
679
667
658
629
597
538
535
559
580
560
547
539
570
603
613
613
605
621
610
627
613
616
608
627
589
532
487
475
501
507
482
488
487
522
510
479
426
364
357
357
376
364
346
348
371
373
357
355
395
446
479
494
478
473
459
485
537
576
574
554
549
585
582
526
463
457
455
458
436
476
558
612
617
600
589
618
617
603
590
600
610
601
593
595
622
610
616
617
615
611
630
612
600
542
518
531
533
522
485
467
466
464
472
466
472
466
446
437
449
464
458
457
459
454
456
458
441
449
443
445
457
447
454
463
465
498
515
509
510
492
495
503
512
515
552
564
580
566
563
554
560
576
569
550
565
563
559
548
562
560
534
477
425
430
492
555
589
586
570
585
602
601
606
580
587
585
595
592
589
600
596
601
604
615
618
590
567
508
471
466
476
494
492
474
463
438
428
430
423
440
433
433
419
399
424
466
535
589
605
583
564
581
588
586
532
494
490
495
485
479
486
498
489
463
481
536
623
680
687
678
681
696
703
705
684
678
697
693
702
650
582
565
574
572
561
559
564
577
535
477
436
443
480
467
449
454
455
468
462
454
478
458
456
461
468
476
466
480
515
556
566
545
548
554
550
567
596
622
615
594
582
611
610
589
580
600
613
576
513
481
473
511
504
493
465
459
451
451
458
443
439
411
387
374
368
392
382
385
392
394
393
378
380
394
403
402
393
400
403
397
387
387
404
393
394
379
404
399
403
394
397
403
407
403
409
419
397
380
374
457
556
608
621
607
598
602
625
615
625
631
616
605
597
605
618
607
592
595
608
609
595
602
614
615
605
605
600
619
617
577
511
497
488
498
505
492
485
474
460
462
473
474
454
465
490
520
548
540
542
529
537
570
605
659
671
661
653
659
648
631
573
552
564
576
577
573
559
542
526
496
490
513
509
496
507
543
594
608
608
582
585
590
604
589
564
523
493
494
508
519
505
493
531
570
618
607
614
615
634
621
595
569
538
542
547
552
559
545
552
589
609
612
567
532
510
519
508
505
522
520
511
507
518
503
505
513
522
520
491
454
447
446
448
444
442
451
446
421
391
380
374
366
362
371
367
344
338
400
511
578
582
561
558
575
576
553
566
589
616
614
609
621
627
626
622
616
610
572
553
554
571
576
562
562
591
584
552
484
454
446
441
445
435
437
448
453
443
440
460
456
451
447
452
451
450
451
441
435
451
453
445
447
426
408
366
339
357
378
377
358
352
422
508
563
559
555
549
555
573
544
553
562
569
571
567
575
596
583
563
484
461
447
472
474
455
435
449
524
615
670
679
673
652
658
633
602
566
567
574
585
580
548
521
495
510
520
538
518
520
510
513
518
518
512
488
465
448
465
464
466
467
445
435
422
408
393
420
410
409
395
386
396
382
374
393
389
365
379
406
453
501
488
475
495
490
489
497
495
486
486
494
492
490
488
477
509
568
610
613
586
578
570
562
563
558
568
571
552
577
617
656
636
641
637
633
604
561
532
531
542
529
496
472
459
446
449
459
455
458
453
454
469
452
453
455
453
446
434
445
434
432
420
425
428
434
433
437
442
431
420
431
434
436
428
428
485
545
602
628
615
604
571
492
451
439
457
469
460
434
443
455
493
563
611
635
619
576
586
620
602
559
522
490
472
464
435
435
449
458
439
421
399
381
365
386
415
461
494
489
475
494
518
568
597
606
586
583
593
608
607
566
519
488
470
480
491
493
478
479
472
473
469
440
427
433
418
394
362
370
388
377
345
363
429
518
583
598
590
584
583
578
578
574
577
584
601
607
590
589
580
595
588
537
467
432
435
425
437
471
536
582
599
589
592
598
585
581
598
610
600
605
606
609
620
611
574
539
528
507
528
528
505
476
458
453
458
459
450
455
464
473
458
448
459
471
441
423
419
427
435
421
417
435
433
408
424
421
418
419
422
418
417
411
428
437
428
408
374
356
359
355
358
355
357
357
358
347
370
366
356
340
355
355
334
337
415
512
576
574
556
550
557
568
562
578
569
576
569
569
569
571
562
572
605
622
633
631
618
632
640
634
615
603
579
575
571
576
569
573
571
530
492
477
496
505
471
413
393
404
415
406
406
414
414
416
404
404
413
401
392
403
416
397
382
387
393
404
361
361
441
567
647
657
634
617
645
649
651
607
581
548
549
567
537
508
483
485
512
499
489
509
552
573
560
510
463
423
434
437
454
438
403
422
492
612
687
698
676
652
648
594
568
558
568
589
573
567
544
557
538
542
543
552
558
526
524
509
488
492
515
545
547
547
542
555
547
553
525
515
506
508
507
505
508
505
507
517
524
498
502
517
589
623
630
603
594
618
628
624
598
619
608
617
578
542
527
528
529
531
529
530
545
526
527
538
534
532
528
524
536
545
530
524
529
543
526
527
529
532
555
525
516
538
531
528
523
533
534
522
516
525
545
522
512
538
540
531
500
518
567
559
383
148
