659
667
605
573
609
634
603
599
589
596
599
575
588
610
608
574
519
516
518
518
501
506
526
540
505
498
521
558
591
631
662
658
596
514
447
494
581
644
637
608
609
625
625
631
632
635
633
621
629
632
630
623
621
633
628
633
623
619
569
520
479
463
478
484
476
480
468
474
469
468
481
446
440
494
587
639
633
612
623
642
641
603
609
631
637
617
599
602
632
635
584
554
526
509
512
536
564
586
594
589
590
580
577
572
580
585
572
551
543
532
545
543
538
539
540
559
551
529
538
540
531
526
520
510
504
510
509
516
499
509
510
536
577
613
618
602
610
604
597
565
564
555
554
547
555
565
576
558
537
528
532
536
528
531
531
531
516
526
544
588
598
596
587
579
581
587
584
585
583
590
617
630
638
628
604
617
624
623
622
634
641
630
582
529
492
495
506
500
489
487
490
516
509
531
528
523
529
539
566
606
608
594
598
602
601
561
508
473
480
485
480
485
478
498
479
462
437
409
412
426
424
397
395
443
485
513
519
502
501
510
527
505
506
525
567
573
571
565
574
568
544
509
481
458
473
499
487
475
474
490
495
470
469
476
544
630
698
695
671
655
677
680
654
598
556
582
593
623
634
636
642
644
594
542
486
475
478
499
503
478
480
489
495
487
443
451
462
459
434
445
513
627
700
696
677
696
716
672
609
580
589
604
593
573
585
612
607
579
505
495
491
480
482
478
494
499
476
427
397
403
424
424
399
408
413
432
436
448
432
441
433
435
441
449
446
437
443
445
434
437
431
432
448
452
447
444
450
451
445
443
441
438
447
446
446
441
448
438
445
446
449
446
436
432
445
443
447
446
452
446
438
446
450
457
466
462
462
472
455
460
433
439
433
424
426
433
438
427
437
430
445
432
426
432
426
420
418
423
447
436
421
426
469
556
620
626
610
606
625
643
625
573
490
444
451
465
467
423
424
499
580
615
608
583
606
601
584
591
592
605
612
606
598
606
591
563
481
425
416
443
460
444
431
426
487
549
580
584
575
573
581
569
576
587
580
574
591
589
593
580
550
523
544
544
545
534
525
538
544
561
566
557
563
583
580
559
532
528
514
528
516
519
541
551
559
570
569
566
533
480
423
419
436
459
485
488
497
506
502
505
535
584
617
611
564
509
473
474
485
487
490
475
483
481
487
491
480
483
487
480
478
487
488
479
490
486
486
484
489
503
505
523
526
517
514
532
534
518
522
549
582
619
615
604
607
609
613
602
609
641
627
575
505
469
483
477
467
477
490
476
446
443
511
642
694
696
679
682
692
704
702
695
657
600
563
576
581
579
576
565
563
575
579
603
630
632
614
609
626
637
589
544
525
526
533
527
524
514
511
458
436
408
417
437
433
425
433
427
411
416
403
403
412
411
402
427
424
427
407
397
445
520
577
574
553
550
576
580
556
554
541
549
530
530
538
541
554
539
553
557
557
561
563
568
541
510
470
467
545
631
687
695
668
666
677
704
686
639
583
558
553
558
563
554
549
559
578
570
569
553
562
563
572
609
618
629
627
600
578
553
558
555
551
572
590
607
572
525
488
465
487
493
488
490
499
484
484
499
524
540
567
557
570
564
549
548
525
527
523
519
521
517
534
547
571
570
556
532
516
501
516
519
527
516
503
527
559
569
562
539
539
539
531
513
520
548
577
589
594
589
596
588
571
568
561
571
576
562
560
565
587
616
635
642
635
622
627
640
645
600
540
510
516
516
520
509
490
466
436
426
431
442
426
419
427
423
440
459
478
491
480
479
486
474
478
484
533
577
579
521
458
423
429
434
426
430
435
445
454
446
460
508
588
648
653
634
618
633
645
656
596
539
496
464
478
484
482
478
448
432
449
472
464
426
445
535
639
684
629
573
570
597
603
597
572
567
522
473
456
475
481
477
457
470
475
489
470
487
488
485
457
469
504
556
596
606
610
596
596
594
589
568
555
554
556
566
558
547
561
592
607
623
623
630
630
613
619
629
613
584
541
500
504
522
523
526
513
509
518
539
582
616
620
602
595
598
619
626
598
561
536
542
545
537
546
546
553
569
572
576
559
548
507
442
448
461
464
476
451
463
479
481
477
470
486
476
466
483
501
553
581
592
578
581
580
584
577
559
556
545
544
540
549
559
541
518
499
492
511
494
507
491
509
527
545
560
544
545
537
550
539
559
554
554
558
550
544
549
555
545
514
505
498
496
519
504
488
508
533
592
605
621
606
591
576
552
523
513
520
516
529
522
537
537
524
519
523
533
536
528
517
517
536
531
529
525
538
519
525
522
542
535
529
520
536
535
514
506
529
547
536
512
515
543
530
499
506
559
556
403
157
