656
668
607
601
650
662
616
604
612
636
629
600
607
639
614
574
522
468
469
463
478
488
482
479
489
483
477
458
471
467
475
470
471
493
492
469
478
486
482
484
443
415
414
430
435
405
421
482
564
631
648
644
622
626
621
623
614
623
623
617
614
605
616
621
614
624
619
629
598
552
519
519
523
527
520
514
525
500
474
434
439
464
452
437
452
457
457
428
423
426
419
384
377
472
606
692
691
654
627
680
678
632
575
549
546
537
528
546
594
611
608
605
623
624
585
514
496
501
507
494
487
505
497
454
392
353
369
399
379
366
352
392
450
495
492
473
480
497
546
570
583
562
564
578
574
584
545
484
455
449
453
471
454
436
444
511
570
617
624
621
613
614
635
602
612
612
608
615
611
608
609
608
612
602
620
622
622
623
623
612
616
626
603
565
544
538
546
555
529
536
548
537
528
519
515
517
511
488
485
481
482
496
477
489
484
467
461
471
465
461
474
456
449
457
478
486
499
509
526
535
565
560
577
568
569
564
525
469
416
413
475
567
593
605
577
588
599
596
595
605
598
603
609
601
610
593
584
599
609
572
512
468
459
470
493
486
485
476
469
441
414
404
469
527
577
600
600
583
591
602
588
545
505
492
485
472
466
537
635
716
714
687
688
690
680
677
688
706
698
643
598
570
551
571
572
575
574
542
509
456
442
447
460
453
465
464
461
462
467
466
462
482
530
559
566
550
550
560
557
555
546
582
612
604
595
602
612
617
572
531
493
493
501
498
503
504
497
470
445
438
454
465
438
390
385
368
390
385
387
387
386
373
387
396
401
369
383
458
565
615
624
599
599
613
612
614
609
602
623
609
597
602
571
536
495
479
494
518
504
492
494
492
464
458
467
484
518
520
527
538
545
520
519
574
649
680
631
566
540
556
568
561
549
544
557
543
535
548
557
570
567
545
509
471
465
477
491
462
468
534
631
706
674
598
580
604
615
566
492
477
492
488
473
477
487
507
516
502
501
511
495
497
509
499
507
519
521
514
505
505
539
591
611
614
601
604
591
544
518
499
508
515
518
523
516
517
500
512
509
521
515
512
509
467
434
418
446
469
448
417
386
376
357
335
355
374
376
355
350
364
364
347
360
430
523
575
575
567
565
569
572
575
609
633
648
625
615
638
631
615
585
582
571
562
554
579
567
540
487
435
457
451
444
445
434
432
388
357
371
381
382
350
363
419
510
571
575
554
544
553
567
569
581
578
586
587
591
598
567
513
448
444
508
622
678
669
659
663
683
651
625
598
581
589
581
603
599
576
540
503
490
503
522
525
517
515
513
527
520
500
502
499
515
517
523
508
496
513
526
515
515
509
500
509
515
504
477
441
411
413
431
419
411
396
415
407
406
380
393
367
368
365
401
468
513
492
491
482
491
491
502
522
568
600
614
605
601
594
599
600
588
567
576
566
567
562
574
590
619
600
561
525
509
531
522
515
515
540
532
523
463
448
451
460
459
441
431
432
427
423
427
429
414
426
422
439
427
438
432
440
446
440
422
423
478
567
609
607
579
573
605
601
580
530
510
495
509
496
490
475
492
545
594
611
621
635
627
613
620
624
618
575
520
467
479
488
498
487
495
490
473
431
394
389
444
503
513
511
500
531
562
610
605
599
587
601
602
567
510
493
476
466
444
415
404
419
442
430
409
416
402
374
340
351
378
368
348
357
425
526
592
612
583
591
595
583
582
589
602
580
583
598
587
553
488
432
427
449
448
454
443
445
422
439
463
558
595
591
566
570
586
582
572
583
592
597
587
589
592
582
580
580
578
572
583
580
583
592
577
570
579
584
571
578
577
582
580
557
543
539
542
560
558
578
598
613
604
584
588
592
614
606
565
533
503
496
510
512
508
496
502
484
434
414
398
410
412
396
399
402
391
390
393
388
396
368
379
449
577
673
692
638
607
605
600
548
510
487
491
501
503
488
494
493
496
498
495
477
431
396
396
414
405
415
421
409
405
388
391
404
407
372
383
452
550
641
651
632
617
640
632
628
642
641
643
621
578
558
541
558
561
554
531
502
493
522
548
574
572
569
559
584
589
579
532
488
451
451
480
468
469
502
546
592
592
568
577
597
591
576
545
546
545
537
501
501
500
513
512
513
548
559
553
551
555
571
539
519
506
511
509
500
496
535
587
635
623
600
601
628
617
592
538
532
536
534
523
536
540
534
521
518
529
534
537
533
536
516
521
522
550
551
519
516
527
545
529
506
531
561
534
491
504
570
561
389
151
