653
662
602
584
611
644
613
591
594
605
605
596
598
591
583
573
540
508
511
541
618
635
628
619
655
679
630
515
447
456
491
474
443
461
519
589
619
632
616
620
621
622
612
624
620
627
637
594
522
466
479
503
492
473
481
494
490
461
464
465
470
458
458
511
585
638
648
640
662
689
667
603
529
477
468
480
523
612
669
669
646
645
657
672
619
574
538
537
550
550
558
543
541
514
502
501
505
504
495
535
584
625
613
598
597
601
612
621
605
591
609
612
577
567
547
546
533
533
520
525
523
527
524
521
515
510
521
507
492
507
543
567
595
606
599
606
608
606
609
602
612
594
601
614
591
601
600
608
610
567
520
490
481
479
491
510
519
526
522
525
543
576
613
625
604
555
504
474
474
487
481
461
436
410
411
410
409
405
415
431
480
520
519
515
516
532
554
578
573
576
571
567
578
564
536
506
489
474
471
468
470
491
491
476
474
523
629
694
700
669
677
695
674
607
566
580
600
596
570
567
589
628
627
639
644
619
524
472
459
478
485
456
441
458
470
436
429
522
648
698
707
697
697
681
616
580
590
609
607
587
596
614
578
525
487
480
494
483
475
480
493
469
425
399
416
440
444
445
442
436
433
439
444
442
445
442
436
430
447
447
431
435
444
440
457
464
455
455
452
466
463
452
441
442
463
456
453
468
466
466
460
464
473
454
448
431
430
423
424
421
434
440
437
430
422
409
431
428
427
433
430
433
423
449
445
439
424
427
476
563
626
627
600
595
635
630
582
490
438
439
458
467
458
438
456
482
466
440
450
493
557
598
597
594
593
598
600
594
608
600
605
602
611
596
558
483
414
417
454
467
446
400
430
484
557
589
588
575
584
571
572
569
576
581
596
582
580
580
578
567
538
522
524
538
540
527
535
546
572
567
553
565
557
568
536
516
514
523
543
554
575
576
564
553
560
580
595
529
470
419
423
432
436
434
450
488
505
509
488
494
493
488
496
523
573
623
638
627
588
555
520
516
516
536
522
510
516
519
526
525
528
509
515
505
479
445
448
447
457
453
440
466
471
483
483
491
480
475
483
479
493
526
527
532
527
510
522
516
548
584
594
613
595
606
608
607
610
608
618
611
617
608
605
593
618
609
622
597
603
614
597
573
519
467
471
488
485
474
467
456
447
443
459
458
454
435
435
468
456
440
428
505
614
703
718
696
688
693
694
637
593
567
555
562
570
560
562
595
606
630
628
633
629
607
553
515
520
550
542
502
448
423
434
446
443
418
388
375
354
375
367
360
338
358
393
439
461
472
473
475
468
452
466
501
545
557
560
560
539
553
565
559
541
502
477
473
467
467
478
527
623
687
698
690
673
686
690
692
631
585
556
550
560
566
567
564
564
570
572
596
616
610
606
597
609
606
595
583
547
541
540
563
584
592
595
587
594
585
584
582
599
589
563
521
487
507
488
493
490
487
485
491
479
491
483
487
519
545
573
561
542
519
510
531
536
532
540
537
554
571
570
550
522
514
511
516
516
524
517
508
527
550
566
550
554
561
570
568
540
523
538
577
605
603
589
587
578
572
568
575
574
573
558
558
576
594
632
643
652
630
623
629
646
653
605
567
513
491
522
532
523
489
452
429
415
419
428
442
433
447
438
431
420
428
425
432
432
429
446
474
487
486
493
483
491
486
478
494
534
567
562
551
536
574
559
544
467
427
422
444
440
456
471
452
467
447
468
466
437
445
491
595
649
646
645
640
640
599
558
520
528
542
533
524
529
541
536
539
530
504
486
459
463
497
510
519
506
494
505
519
555
603
605
586
584
591
603
590
580
596
609
596
544
472
430
433
446
452
464
446
431
410
406
411
378
391
469
599
684
692
664
654
662
671
662
653
666
666
670
643
615
577
554
543
543
549
557
573
616
632
615
615
616
630
594
532
502
494
517
519
517
506
518
543
587
629
639
611
596
606
625
593
554
541
533
552
552
546
553
589
578
547
502
463
453
461
459
465
463
481
483
475
475
483
465
457
460
505
546
585
580
585
585
587
574
565
541
539
542
541
548
543
550
533
550
538
556
543
517
494
507
511
500
500
499
512
530
531
570
558
560
557
550
522
508
496
504
511
495
502
537
585
621
616
607
598
625
618
587
523
517
528
531
524
519
527
533
526
536
540
541
520
517
529
538
536
525
520
523
518
526
507
525
537
522
526
534
537
535
521
528
545
537
495
509
565
549
384
142
