643
672
589
578
613
628
621
588
600
597
593
584
597
604
581
564
540
520
514
498
512
551
619
653
651
639
619
620
636
640
586
514
453
465
483
493
469
469
514
585
635
634
613
617
636
627
614
607
610
606
610
606
600
613
607
606
618
625
590
522
467
480
506
509
517
507
522
535
528
512
513
538
547
565
568
592
586
590
546
499
471
451
470
464
451
433
437
501
582
614
632
604
605
605
599
593
595
623
624
588
541
509
497
484
427
411
396
412
405
415
414
436
432
437
422
432
439
432
434
433
415
425
412
395
397
422
457
471
476
451
484
537
589
594
576
563
578
579
573
574
578
562
564
578
557
562
564
561
571
564
560
556
585
626
656
655
633
637
641
655
651
620
569
524
518
527
547
527
506
486
464
457
462
479
475
485
490
489
482
475
461
470
512
570
603
614
605
592
596
611
604
583
538
538
552
539
544
551
554
541
540
510
500
476
494
489
509
558
572
570
561
572
573
573
560
578
595
605
593
604
604
603
584
580
600
599
600
597
625
620
572
488
438
417
426
441
434
430
429
411
423
445
426
386
401
509
631
707
700
673
669
669
633
588
586
603
624
609
592
593
554
518
493
508
533
503
469
457
457
470
458
460
459
465
472
473
475
490
498
537
559
578
569
539
503
482
477
475
480
473
493
515
535
533
518
520
514
520
525
523
520
533
525
527
524
528
546
529
516
521
555
606
633
660
645
641
650
657
662
624
589
575
563
571
552
573
572
554
546
535
536
537
516
517
558
623
686
699
689
681
687
670
637
596
571
566
571
574
574
585
587
606
578
531
487
469
455
446
455
449
408
410
468
542
598
595
577
579
602
595
592
588
602
598
560
519
488
487
501
494
492
493
484
448
435
429
452
460
445
429
441
474
468
470
465
464
457
450
472
465
444
475
462
474
469
467
449
432
426
424
432
431
421
424
435
455
474
486
476
464
460
462
502
560
595
603
589
572
581
588
585
557
551
562
570
551
554
553
544
557
561
563
572
556
563
572
563
565
557
563
559
553
579
590
624
636
622
627
619
634
626
607
611
624
631
636
582
549
515
503
497
503
550
594
620
615
606
601
620
634
641
629
618
619
614
634
611
618
612
619
623
624
636
620
588
538
446
390
366
338
342
376
365
353
364
396
427
454
456
451
461
455
445
494
547
603
615
590
590
587
599
605
592
594
592
588
596
592
582
566
549
541
537
549
538
551
543
547
557
549
545
520
505
504
500
510
512
538
585
619
620
611
587
604
610
596
567
558
567
562
558
550
560
541
529
509
506
526
520
510
523
520
529
523
511
523
527
517
510
513
534
550
549
540
541
524
529
565
621
660
675
661
651
669
676
649
592
559
556
573
561
566
556
581
566
552
529
506
500
495
482
491
495
488
501
532
576
617
598
583
574
602
604
573
564
537
529
530
550
546
536
538
560
576
617
611
606
615
597
569
548
558
575
578
524
461
438
460
452
444
446
442
437
450
451
445
438
419
473
547
623
630
590
588
622
621
584
514
473
458
484
481
468
465
480
476
452
457
463
480
483
456
444
516
611
658
605
528
470
453
481
500
472
463
485
538
611
667
687
665
636
655
660
645
610
583
578
585
580
586
591
562
559
548
531
551
547
560
533
518
498
498
499
500
475
491
539
576
597
603
584
583
592
591
582
564
518
495
486
498
492
490
484
501
508
501
493
476
464
472
460
471
476
481
465
466
474
471
450
455
494
535
589
580
565
568
577
573
553
544
545
539
545
540
534
535
533
564
599
618
611
615
600
602
606
602
612
580
520
476
462
480
484
470
470
483
490
466
465
483
467
466
473
506
563
602
593
559
547
563
561
554
557
555
552
547
551
560
557
552
539
555
589
608
604
607
576
531
493
501
514
506
472
425
410
410
423
419
421
423
397
364
356
351
338
340
352
362
354
332
330
402
490
557
565
564
598
628
626
621
603
613
632
622
621
593
540
509
498
527
539
525
507
552
629
654
659
645
644
652
636
592
561
575
589
592
575
587
585
588
599
589
583
595
597
577
593
588
588
587
586
599
589
567
520
499
516
515
503
506
514
529
508
470
441
428
456
453
412
383
389
383
399
398
391
399
424
452
462
459
458
451
450
497
563
598
580
593
573
586
593
580
574
569
568
552
561
583
569
551
507
483
466
482
492
494
488
456
421
392
390
405
403
411
395
412
442
470
449
445
457
493
558
586
592
592
592
592
596
598
601
571
541
518
514
521
535
528
535
527
531
525
522
533
523
525
525
526
538
518
514
527
526
521
515
520
532
536
522
521
540
534
525
520
524
522
497
508
577
560
393
153
