633
667
598
588
613
626
611
591
622
636
614
559
566
598
608
588
568
540
517
515
514
520
524
506
515
517
525
510
504
509
522
512
509
509
530
528
515
511
507
529
520
512
511
520
539
597
635
658
641
611
617
647
637
584
519
459
471
485
476
463
506
575
632
659
612
601
614
617
625
618
606
613
616
607
602
613
623
617
575
530
503
476
480
490
500
504
523
524
526
519
532
550
572
579
574
569
573
583
556
476
439
479
559
624
623
614
608
604
571
510
491
526
511
474
437
414
416
416
405
406
414
411
402
415
428
444
446
427
428
432
434
436
438
450
445
406
419
422
423
400
406
433
454
464
465
466
460
461
498
553
592
578
581
568
584
585
580
570
563
576
558
562
571
578
570
563
585
626
664
651
630
639
655
641
603
560
529
533
531
543
536
526
536
541
519
488
456
449
465
469
470
452
469
495
496
467
484
518
570
599
609
600
578
550
539
550
554
554
550
546
539
512
497
488
493
494
501
502
517
549
572
579
562
571
561
574
585
580
579
568
560
567
565
572
563
579
581
563
572
579
589
551
482
430
444
456
458
430
423
441
439
421
402
402
414
402
374
396
488
601
687
719
687
646
629
620
622
580
529
491
493
512
527
496
499
513
523
507
474
453
459
473
465
451
465
463
450
449
469
465
458
457
459
474
475
462
477
515
554
542
523
478
475
478
484
477
490
486
485
477
496
512
527
533
521
513
524
534
563
611
659
656
657
620
577
562
558
555
568
560
562
557
565
567
544
529
524
538
539
518
524
583
651
698
682
663
676
686
690
641
606
576
576
594
590
581
558
491
444
440
429
445
439
431
450
464
459
428
405
422
438
421
411
413
462
550
601
610
609
600
608
586
583
583
583
561
518
484
487
494
492
469
449
445
453
450
448
431
441
448
461
466
468
474
458
458
470
457
441
421
416
427
425
428
425
401
421
442
437
459
507
541
590
596
579
572
575
563
567
549
549
554
568
562
553
571
558
566
593
636
629
608
613
604
626
623
586
552
520
498
496
504
553
615
634
642
619
610
612
623
631
623
585
524
473
470
484
496
499
445
396
365
351
370
366
356
386
421
454
474
447
437
458
463
449
443
449
457
464
456
457
496
560
608
612
608
604
595
583
557
538
529
550
537
548
538
554
555
538
534
534
566
609
608
609
597
605
611
601
608
614
626
613
585
565
558
556
556
564
559
552
539
528
513
515
524
521
532
527
517
527
569
627
669
672
657
660
675
667
638
572
520
509
510
525
518
495
501
549
583
618
620
614
597
601
603
619
626
587
530
490
493
505
496
486
491
511
519
512
497
527
572
589
582
573
583
586
587
569
562
549
540
543
563
564
544
538
554
545
549
543
552
543
550
540
554
547
546
537
538
542
535
536
543
550
560
551
546
543
547
528
535
562
580
577
559
576
581
580
537
485
457
466
454
453
461
465
447
456
446
439
431
419
440
488
558
592
603
611
604
593
595
604
608
584
518
462
434
475
486
473
472
486
474
474
462
447
472
482
451
464
513
606
660
649
634
633
639
644
635
604
538
476
444
462
536
612
666
666
656
640
623
602
589
579
583
581
600
583
580
560
533
537
543
565
557
554
550
549
550
549
538
510
485
460
484
537
574
606
614
586
574
590
597
574
545
510
510
532
524
523
541
540
571
591
595
576
577
576
586
595
576
556
526
543
535
536
535
528
520
537
536
540
534
521
525
555
592
597
606
613
610
591
548
522
512
531
527
511
514
535
590
598
601
586
591
569
563
558
558
562
559
557
550
554
567
545
541
552
556
548
547
567
591
602
611
608
596
589
595
607
595
560
510
469
470
492
498
470
420
414
420
420
422
409
409
422
423
421
431
423
430
415
418
429
424
418
406
422
422
416
425
428
415
419
424
417
435
457
457
459
443
441
444
451
455
453
436
439
451
455
452
444
448
453
454
449
440
456
451
451
445
451
450
446
435
458
489
515
525
512
504
487
535
520
497
500
546
618
668
673
653
647
660
636
578
564
548
571
583
573
574
559
565
565
566
577
574
572
578
561
556
564
568
563
571
570
570
563
554
544
531
517
515
529
541
522
521
523
563
609
664
670
678
645
653
654
670
666
640
572
567
559
556
557
555
549
546
515
499
534
588
634
625
605
606
630
627
599
583
574
585
586
576
573
588
592
568
535
499
480
499
518
502
489
452
430
437
449
450
439
427
415
389
387
399
404
392
392
382
387
422
446
466
461
463
456
458
466
487
546
579
592
585
575
587
593
567
540
542
552
551
546
529
511
504
499
492
507
500
515
497
493
518
504
506
513
547
550
561
551
546
512
499
496
509
505
507
486
507
542
595
612
610
606
619
586
539
525
518
520
529
527
531
537
526
518
522
536
537
525
548
535
523
515
524
538
543
515
525
538
538
491
515
567
570
399
155
