644
660
602
589
623
638
624
589
599
594
581
576
600
614
571
533
512
522
519
510
515
524
523
511
518
537
596
637
659
642
632
650
670
624
561
505
519
566
615
625
620
626
619
619
625
630
634
623
628
626
592
549
515
519
526
525
522
541
533
508
473
450
448
452
443
452
462
458
407
391
467
601
676
696
663
660
662
662
665
673
632
578
531
533
569
561
565
573
637
648
575
513
490
499
474
411
362
362
357
363
394
437
481
492
488
470
462
483
496
517
575
599
578
524
467
433
464
554
628
641
606
597
612
626
613
611
621
634
628
594
603
621
619
592
539
524
525
519
530
527
530
533
523
489
467
474
466
473
470
460
463
469
460
461
457
466
468
472
464
471
470
469
465
456
460
455
451
457
450
449
452
448
453
455
434
447
475
489
509
490
489
497
506
505
497
493
499
519
549
569
576
557
562
563
559
556
565
561
524
478
437
427
451
457
445
430
446
449
438
412
423
470
540
587
605
579
585
590
611
587
579
597
603
599
562
503
475
475
484
470
475
463
458
432
439
441
435
419
413
446
530
586
596
574
579
591
588
590
573
575
588
586
553
525
499
466
466
542
633
702
714
664
587
561
563
584
565
538
488
447
458
457
461
456
464
467
450
462
470
468
459
459
490
535
564
565
552
537
563
555
551
554
553
543
546
555
588
608
612
591
598
611
599
594
596
597
608
598
588
592
601
614
609
591
533
495
478
483
507
513
510
504
508
520
510
508
507
488
492
493
503
503
501
503
509
508
487
480
501
507
485
446
438
442
459
453
448
459
456
440
405
392
379
378
384
392
397
394
371
380
392
399
408
400
415
418
386
386
450
555
625
632
597
606
606
609
599
602
628
626
612
606
621
627
613
585
588
605
602
592
602
608
602
582
531
502
492
503
508
508
514
489
477
473
458
471
471
466
460
464
466
440
451
468
473
465
459
460
458
475
466
453
467
478
465
473
460
468
461
452
488
512
543
537
535
539
552
529
531
557
643
669
675
639
651
658
653
611
585
563
552
543
523
516
516
496
500
518
502
508
504
517
508
495
501
548
587
601
615
603
625
611
583
538
498
495
508
505
507
498
509
498
505
520
515
501
536
583
609
616
607
612
626
589
534
518
523
533
530
517
534
524
502
457
440
446
453
444
433
446
453
434
390
359
334
357
413
503
580
582
557
547
552
573
573
565
609
643
643
619
598
581
587
548
566
585
583
527
465
442
449
450
440
443
462
458
438
388
379
358
345
363
420
519
575
575
565
556
589
597
570
575
559
586
583
578
575
593
582
574
574
553
513
466
446
465
478
486
457
461
521
599
667
681
666
641
647
678
679
655
651
665
671
659
662
668
666
633
594
571
580
590
576
581
581
572
558
521
497
513
516
510
504
510
481
464
453
450
457
465
456
451
452
460
460
453
451
446
439
435
408
401
415
411
401
363
370
389
387
372
381
406
468
493
482
490
480
501
477
486
522
573
612
605
597
596
595
585
581
562
562
577
564
576
564
562
563
584
608
632
656
658
647
641
642
649
645
618
565
521
507
520
537
551
530
508
469
448
449
451
445
448
454
458
460
459
457
429
429
443
437
437
427
438
438
435
434
449
446
431
420
421
481
553
593
607
591
590
603
606
617
593
570
534
505
493
519
523
526
569
610
639
615
608
626
623
586
539
499
489
505
507
507
479
427
397
384
400
403
392
422
480
514
508
496
501
511
509
497
523
570
617
602
577
589
590
607
586
594
620
604
562
506
493
473
478
480
494
496
458
436
414
422
415
412
423
426
420
367
349
385
396
363
360
412
532
607
602
574
580
587
604
580
588
603
592
578
589
595
592
589
581
569
587
594
590
553
490
434
420
449
458
444
430
428
491
547
599
589
590
580
598
599
582
566
575
585
581
584
575
573
543
511
521
545
606
627
620
623
621
619
623
637
654
651
606
546
510
522
530
535
529
528
503
454
417
415
435
437
404
396
406
391
379
375
407
400
370
365
452
588
667
671
635
638
681
662
631
583
559
559
576
595
592
561
530
504
481
486
481
498
491
467
426
395
410
405
382
375
441
566
650
652
625
626
642
619
573
530
544
565
561
554
543
534
512
505
504
509
500
494
523
558
593
576
523
480
448
446
447
461
472
470
452
445
466
474
470
473
477
480
470
468
498
553
583
598
576
558
547
539
551
556
521
527
495
501
533
557
565
552
543
564
558
540
528
501
500
505
505
505
513
513
519
497
508
508
508
503
491
514
523
496
503
526
581
613
604
553
524
525
530
532
521
512
519
529
532
517
515
522
530
528
525
519
523
536
533
538
537
543
524
507
537
524
511
515
531
529
520
511
528
544
531
499
514
573
543
389
147
