641
659
607
588
626
637
617
610
613
597
579
583
597
605
595
586
589
594
568
536
509
501
518
518
529
517
506
509
561
621
659
639
622
613
636
639
654
646
637
625
629
632
607
527
462
454
482
489
456
453
496
576
623
632
629
621
615
626
624
620
620
615
604
613
614
624
627
573
510
470
465
494
486
481
486
501
483
449
444
516
610
653
642
628
634
610
530
480
518
613
677
660
634
606
587
537
533
543
553
555
529
504
502
513
485
496
530
579
614
630
622
609
615
602
618
601
570
551
555
559
554
552
528
527
533
541
527
538
536
519
520
518
542
525
520
533
576
598
582
578
596
619
643
642
632
637
634
592
546
490
479
499
497
497
485
495
511
519
525
531
526
529
524
514
547
566
620
609
594
599
604
599
588
609
599
602
567
509
471
473
480
478
501
489
477
425
405
405
416
410
413
424
451
479
514
543
588
607
622
627
619
618
619
628
569
509
461
471
483
476
460
464
492
465
407
406
512
651
709
692
681
692
671
616
570
565
595
592
571
562
591
617
646
641
604
535
462
473
508
497
459
447
468
474
447
440
520
641
724
730
690
685
702
663
617
579
585
597
585
584
587
591
586
586
583
562
524
490
488
501
492
483
484
496
484
433
415
408
419
425
428
440
446
449
434
436
434
438
450
445
448
445
432
440
438
455
442
444
442
431
439
440
432
452
447
449
431
441
437
439
453
451
453
458
459
452
450
441
433
438
436
432
424
417
417
437
434
426
402
384
368
362
347
367
378
368
345
346
416
534
598
614
591
579
602
615
608
581
590
583
583
589
601
604
564
505
456
452
461
464
471
466
445
470
502
567
616
625
598
610
599
614
610
580
580
592
606
608
608
600
594
594
581
608
615
605
548
490
439
429
426
447
469
541
595
597
573
561
569
587
575
575
595
586
587
571
571
575
570
552
531
528
534
528
523
527
554
564
557
559
566
555
577
566
538
534
499
521
520
524
530
512
518
522
534
560
574
553
558
560
577
578
533
472
413
422
445
478
491
504
495
501
510
501
496
510
549
587
584
572
570
575
565
558
534
529
524
536
512
504
510
508
511
515
509
492
496
538
586
605
606
616
600
613
599
599
614
613
610
615
612
618
580
513
466
463
472
490
478
452
441
452
455
453
454
449
449
440
448
445
463
457
448
447
462
458
458
462
463
461
436
443
532
629
709
727
703
700
671
618
563
549
597
633
632
614
624
635
640
596
551
519
515
525
534
536
513
461
422
412
420
420
422
412
405
418
420
417
416
416
443
502
559
567
561
551
573
575
564
542
528
545
538
542
528
540
536
520
545
553
574
573
548
557
576
567
536
493
485
486
492
464
456
523
637
695
696
663
662
681
694
650
597
563
562
559
563
563
564
571
590
598
621
625
617
599
574
551
549
548
567
559
546
556
558
575
589
594
599
598
609
591
565
500
478
494
491
496
507
493
490
505
496
486
476
519
546
562
562
559
563
561
563
553
540
530
528
550
525
523
532
529
545
551
560
565
554
560
550
558
551
538
528
501
507
524
520
510
507
507
509
504
516
544
553
567
549
548
561
551
539
537
514
533
534
525
535
528
531
528
533
538
528
529
531
525
517
539
541
577
595
582
575
585
599
599
583
580
584
576
572
561
551
579
574
560
563
593
606
629
641
656
642
598
543
519
504
526
527
507
509
523
518
492
464
423
424
443
439
419
429
450
479
478
476
469
504
548
564
558
551
559
567
569
578
564
527
462
411
421
439
434
438
435
448
446
432
451
512
598
660
671
653
616
540
477
462
488
497
471
456
449
462
447
434
516
649
719
713
659
667
703
705
663
612
591
578
578
588
620
603
547
470
444
441
451
444
443
433
446
455
429
418
400
391
418
406
389
397
478
586
674
685
666
644
631
582
541
543
564
566
552
534
548
574
566
548
552
587
603
619
615
609
617
622
613
623
619
590
532
506
511
515
489
504
533
585
615
622
629
620
601
565
535
531
539
537
540
557
559
543
538
551
568
564
575
577
552
539
484
459
435
457
462
456
459
454
477
480
483
477
493
476
476
462
454
503
549
592
590
583
588
584
578
578
574
560
549
536
538
538
545
523
499
513
509
513
513
508
524
535
559
569
560
551
548
561
541
513
488
503
509
517
491
491
528
588
609
626
612
620
592
549
516
505
526
527
524
516
528
524
527
522
527
526
506
525
541
538
528
526
528
522
513
527
529
520
524
533
551
545
521
512
529
535
527
515
527
547
532
506
512
563
549
395
151
