647
661
589
592
624
641
611
587
583
598
597
582
587
584
535
499
500
517
524
511
512
517
520
519
502
513
516
509
537
604
648
648
632
627
658
651
581
521
482
475
463
476
503
589
637
640
629
612
618
634
626
632
639
619
609
599
620
638
589
538
502
520
544
523
511
533
526
505
467
435
436
458
449
450
453
458
460
431
406
402
423
414
392
395
469
598
672
694
658
620
590
553
541
543
591
616
617
612
609
633
608
575
525
496
478
496
518
503
472
401
355
353
382
384
371
358
362
363
359
359
389
441
482
488
491
474
465
490
546
590
588
570
567
569
578
536
478
453
443
455
468
456
434
455
493
557
600
623
617
601
609
613
606
601
608
613
625
623
619
622
634
631
596
546
516
518
542
537
516
464
449
440
452
466
459
447
424
415
392
396
407
417
415
402
399
421
470
506
514
494
482
498
485
485
485
531
582
626
627
603
619
617
637
619
596
574
553
541
543
556
531
472
452
444
448
444
432
491
555
597
611
578
580
600
600
585
605
601
602
604
601
611
608
593
601
605
599
600
595
600
603
556
498
459
467
479
475
467
466
496
479
476
480
481
462
437
426
438
438
419
434
439
437
415
432
440
431
427
427
478
539
593
600
575
583
586
586
568
577
593
599
584
578
593
586
561
573
588
609
556
492
470
487
496
485
476
539
627
703
703
691
686
693
695
647
587
569
585
577
575
586
579
573
539
483
461
444
467
473
461
453
470
461
455
456
458
466
458
449
460
468
454
458
463
478
475
464
445
454
493
533
555
553
540
552
556
553
551
551
578
597
618
604
559
505
480
496
506
504
506
488
485
482
472
461
457
475
457
446
450
471
451
434
437
446
433
438
436
423
400
351
352
361
383
364
354
360
395
387
362
374
441
548
629
630
613
616
610
620
603
595
609
607
600
606
606
618
585
505
485
485
493
494
513
506
498
504
491
474
460
441
448
473
466
465
457
482
515
542
538
532
528
537
563
621
660
662
630
639
659
665
626
581
558
551
529
516
506
514
512
512
504
533
573
608
603
594
619
605
581
525
504
512
508
504
506
509
512
523
510
497
499
513
527
579
618
635
620
604
610
606
613
581
537
509
488
520
522
504
461
438
436
449
450
440
446
448
441
431
383
368
352
362
362
350
343
414
518
585
586
558
554
582
605
634
628
618
637
630
632
622
590
573
560
578
584
578
567
560
574
552
554
560
583
587
541
484
447
429
443
446
441
424
424
416
369
351
364
393
372
360
371
418
498
572
568
561
543
547
564
579
571
588
584
597
576
582
596
581
532
479
459
468
466
475
515
608
673
687
651
603
578
601
596
580
586
589
590
553
520
510
521
510
484
464
450
441
425
408
405
420
404
409
417
421
400
401
380
373
383
406
451
497
510
498
480
482
531
572
607
605
602
606
602
607
588
587
571
578
582
573
566
561
588
623
643
647
621
634
641
644
657
641
605
550
526
521
537
502
462
442
462
453
462
456
438
437
434
423
427
438
434
415
427
434
444
426
432
445
438
421
433
488
571
600
590
573
592
611
605
574
532
500
488
488
539
589
585
525
473
470
483
496
494
478
470
416
392
378
390
416
409
391
402
434
474
500
507
513
514
508
493
510
534
563
598
617
600
568
499
484
482
496
471
435
409
419
429
427
425
419
427
424
429
427
424
428
441
408
386
358
352
373
372
355
353
415
516
582
598
576
581
598
590
571
575
586
594
580
576
598
604
558
470
413
410
426
440
417
413
433
456
517
541
531
527
535
536
539
534
525
538
554
579
563
555
571
572
587
568
570
590
583
596
595
579
587
591
622
576
543
509
509
515
529
524
518
496
450
423
404
421
426
400
376
387
403
398
376
387
423
400
365
360
448
581
657
685
666
637
643
649
639
636
629
607
589
590
579
586
587
577
537
514
493
485
493
492
494
489
490
497
490
500
496
490
492
496
503
515
500
475
428
397
393
403
411
396
392
405
405
387
374
386
406
397
369
365
456
602
668
657
613
617
653
659
613
575
539
556
565
545
548
549
540
524
481
506
530
550
563
582
576
554
499
446
443
459
451
468
464
461
455
462
483
486
472
456
498
555
586
595
574
579
597
588
573
567
549
562
548
535
542
545
532
510
506
503
499
507
494
503
513
537
555
554
552
551
547
556
539
515
505
508
525
505
491
510
549
568
553
528
508
519
517
514
529
524
524
525
541
521
516
515
526
540
533
524
525
536
527
493
509
565
544
386
150
