646
662
596
576
604
612
594
587
603
601
604
575
575
548
503
493
514
534
511
487
535
609
633
632
611
638
657
607
511
460
457
475
478
460
467
524
584
633
639
637
619
624
619
622
610
612
608
610
627
624
578
515
478
472
493
488
482
469
471
488
502
507
513
516
514
518
513
512
518
539
570
604
617
607
597
618
611
622
608
621
623
620
611
574
556
538
525
549
561
538
500
437
411
393
397
412
407
396
390
412
409
414
396
410
454
539
618
618
599
584
589
592
587
586
586
573
592
588
589
586
598
588
560
514
494
467
470
461
454
446
456
442
444
419
408
398
396
410
408
405
402
431
458
468
476
469
460
470
480
478
471
460
463
501
551
590
589
575
563
586
603
592
586
568
560
565
572
572
568
564
564
598
629
654
660
641
649
652
664
651
616
565
519
472
463
463
459
454
466
484
494
477
485
478
486
490
477
478
518
555
606
610
600
592
596
593
581
567
536
544
556
552
540
538
542
529
547
548
533
508
488
491
518
558
577
579
558
570
580
574
588
590
592
599
586
597
608
596
555
488
431
421
453
451
458
452
443
443
445
449
453
439
438
437
437
418
415
421
437
423
380
407
481
616
697
698
674
682
694
681
622
599
613
617
589
523
514
517
518
499
504
511
497
473
454
463
474
475
453
455
477
472
482
484
485
485
484
473
487
491
534
581
574
545
500
483
482
489
485
482
477
494
501
519
510
526
527
521
522
522
527
511
511
555
621
660
666
638
638
661
668
615
589
551
557
560
566
557
564
573
574
573
539
536
523
522
535
529
521
509
513
561
622
690
705
696
643
596
571
559
578
593
598
554
498
486
488
486
498
496
500
501
486
463
442
446
459
463
460
435
425
421
411
403
409
405
421
415
412
420
442
433
430
447
433
430
440
438
453
469
461
461
466
461
462
433
432
425
423
416
427
422
431
452
466
463
439
454
504
557
582
588
561
568
576
583
571
564
576
579
552
543
567
569
549
541
566
599
623
624
631
641
637
623
611
624
618
601
615
610
620
602
540
514
512
507
514
510
510
508
498
526
579
631
638
630
599
613
634
631
588
530
477
429
403
409
475
538
570
581
553
524
519
530
527
519
522
531
532
527
517
531
545
581
589
594
600
597
604
602
584
554
546
531
523
520
503
514
521
523
510
522
520
513
505
514
531
579
603
612
606
588
567
555
557
561
555
556
545
548
539
527
517
512
513
518
519
529
533
542
527
532
541
549
536
544
557
636
673
663
624
580
559
546
569
559
563
543
516
491
495
497
512
501
489
493
527
567
597
632
616
575
545
538
536
546
537
538
532
540
547
577
599
609
599
599
620
611
589
574
584
571
566
559
571
576
552
472
435
445
463
461
459
455
448
439
423
432
440
452
444
418
433
490
569
620
620
606
597
608
622
606
572
506
468
455
469
469
479
487
469
461
463
485
475
437
463
541
622
608
538
464
444
461
485
475
458
455
467
516
604
658
668
652
637
656
676
672
645
621
616
584
570
574
581
580
583
579
583
574
553
546
544
535
540
539
561
529
509
491
501
501
501
480
491
504
525
562
596
616
617
592
602
627
606
562
502
485
492
490
492
474
476
463
462
467
468
474
468
504
550
573
576
571
565
588
559
533
529
537
537
541
526
520
529
551
582
616
626
604
590
606
614
623
593
535
513
519
519
518
538
565
599
599
589
589
597
613
593
559
550
561
568
563
554
544
557
560
556
551
551
538
536
546
544
559
568
585
608
599
596
600
601
597
564
515
489
480
495
503
493
456
428
397
409
448
474
464
441
440
458
461
449
456
495
557
584
585
580
588
589
556
555
555
564
564
561
572
568
547
529
540
555
552
530
533
572
631
662
686
671
659
667
669
660
625
591
542
532
557
560
539
518
501
501
507
501
493
496
535
591
626
633
619
613
608
624
622
619
603
593
578
576
590
592
563
521
510
509
507
510
505
499
506
452
436
450
459
451
430
447
441
433
398
374
390
401
384
382
404
427
457
456
459
465
452
455
484
542
594
594
575
564
577
568
567
582
591
593
583
579
584
586
581
577
569
556
546
549
554
555
533
509
498
510
531
505
502
505
515
507
497
523
543
564
551
555
558
554
551
553
527
515
503
499
505
512
515
532
579
622
616
601
614
627
627
591
535
523
535
526
525
525
542
523
522
518
527
523
516
523
528
524
520
518
532
528
525
522
532
532
517
511
527
531
533
519
536
554
539
498
504
567
562
389
158
