648
659
593
559
587
615
590
546
528
528
515
520
507
524
530
554
611
645
656
634
622
631
660
650
598
521
449
458
483
468
453
459
514
587
640
639
620
621
629
630
625
612
616
626
609
609
617
634
636
587
508
468
472
488
505
480
466
480
477
466
459
463
482
474
459
466
480
472
453
463
519
604
649
662
641
635
640
639
632
590
530
486
459
472
496
475
481
526
603
659
651
634
636
646
664
651
623
581
544
544
533
539
543
548
546
549
527
505
495
498
508
510
498
507
533
562
602
609
619
607
611
624
628
604
564
552
553
557
556
553
548
563
546
561
557
546
556
550
560
556
540
551
565
568
539
535
528
518
534
540
530
533
546
582
606
591
585
584
585
588
585
578
597
601
592
586
591
613
627
619
615
638
618
592
516
493
489
503
507
483
502
482
487
501
514
532
532
529
528
531
520
542
580
615
616
597
595
608
624
574
494
454
478
496
473
473
478
487
469
441
408
411
428
415
395
390
429
494
523
513
498
505
519
506
517
545
570
577
575
558
583
558
493
451
472
545
635
696
699
675
654
670
688
686
661
597
563
573
584
589
578
598
627
649
635
624
628
629
625
633
649
649
610
535
480
478
505
506
489
492
498
503
464
421
435
459
458
436
438
523
638
698
710
691
671
709
710
687
651
619
598
551
512
486
491
484
495
471
477
472
434
403
390
405
433
449
457
434
458
456
452
440
442
450
444
448
440
449
458
430
451
457
446
458
452
457
470
451
438
435
426
440
433
437
433
434
446
437
434
432
436
437
436
440
428
424
429
438
437
434
424
424
445
433
437
428
408
423
438
439
421
427
429
441
429
426
432
437
438
431
423
435
433
423
432
480
562
609
625
602
595
620
633
630
603
612
621
612
611
617
615
633
615
615
624
627
593
507
449
439
465
462
443
453
482
474
449
441
495
562
609
594
595
606
602
578
576
604
602
540
463
416
407
435
447
423
410
429
473
530
565
583
565
564
569
568
571
570
586
588
580
571
585
591
587
582
552
496
458
445
477
489
490
455
442
513
594
644
648
640
647
635
583
543
541
553
570
546
552
562
557
539
510
507
500
512
513
509
505
512
558
565
568
562
572
569
565
564
571
566
577
561
546
568
576
535
474
437
441
435
440
433
455
495
516
512
526
501
503
503
501
496
495
500
529
568
609
619
604
604
597
594
606
606
599
611
592
600
605
604
607
604
606
590
593
602
608
573
514
472
475
501
500
480
479
494
494
494
491
500
514
484
478
513
574
609
598
581
599
601
595
599
632
645
638
619
602
641
647
591
531
490
479
489
482
474
490
481
477
454
439
459
461
465
448
428
434
522
625
710
692
680
680
707
718
673
672
689
690
663
595
571
578
568
575
558
568
573
581
608
639
638
610
623
623
637
628
595
556
517
515
529
534
543
531
497
445
416
430
419
424
424
419
420
433
428
418
417
403
451
529
573
587
561
562
591
588
554
535
542
528
534
532
536
552
555
545
565
557
553
524
497
465
464
466
526
612
693
700
627
580
553
561
562
565
562
567
564
571
567
594
621
626
607
609
608
622
606
589
578
566
557
562
554
562
584
597
591
584
579
589
586
570
519
493
487
484
490
479
489
485
479
488
496
505
495
471
502
539
573
583
551
561
568
567
561
543
543
547
563
543
537
550
553
570
595
593
586
583
588
608
607
569
513
487
486
477
472
486
486
458
407
377
413
469
501
490
491
483
489
489
479
492
493
495
492
498
495
491
480
523
567
615
611
585
589
594
598
587
555
573
577
561
562
570
612
631
644
633
629
632
642
634
598
545
512
504
510
517
517
519
499
464
433
427
434
432
434
428
428
443
452
457
481
495
476
470
480
478
478
477
503
535
562
573
565
567
581
574
531
480
433
419
413
421
425
438
455
463
451
445
460
441
450
500
588
661
663
609
618
666
665
591
512
481
484
455
438
433
467
467
429
422
513
637
690
693
682
699
671
614
590
587
594
570
564
596
606
574
491
444
439
463
455
462
449
441
437
407
417
414
409
401
411
419
401
404
414
410
412
423
424
416
394
397
466
602
664
659
644
646
677
648
581
548
542
551
554
568
584
612
602
598
589
608
621
584
538
509
512
541
586
623
613
602
587
612
633
620
558
538
535
551
554
539
544
550
550
558
562
564
582
583
570
541
498
450
446
461
459
460
449
461
487
472
460
456
495
557
581
586
579
572
565
566
581
578
582
568
563
551
538
545
549
548
556
560
563
531
530
515
501
505
527
549
554
527
510
504
502
502
504
528
581
631
620
599
605
614
621
579
542
537
537
525
520
524
537
531
533
526
528
524
525
531
526
525
523
521
529
531
530
520
527
531
533
517
528
540
534
530
526
536
540
529
517
519
527
514
522
536
541
526
521
527
543
534
501
522
575
553
397
144
