648
666
610
575
613
642
615
599
607
616
587
568
585
594
588
559
524
515
527
520
499
518
519
514
520
527
522
529
501
512
559
611
639
636
629
633
623
629
640
636
630
638
636
654
657
647
635
633
649
648
637
646
651
645
639
631
663
657
600
519
460
475
481
477
471
478
493
471
466
504
573
644
651
624
620
629
626
624
604
609
620
631
617
590
552
537
511
513
521
521
471
432
407
420
409
385
383
477
603
687
684
664
653
677
641
585
546
551
549
560
547
539
564
609
615
596
521
441
385
369
365
366
363
361
382
362
365
372
450
479
494
466
464
465
473
460
459
461
473
458
453
480
469
479
473
475
493
529
576
601
571
529
491
462
437
425
450
492
560
622
629
612
605
607
609
603
621
630
579
550
515
530
529
533
543
531
517
481
462
456
475
477
471
471
463
452
448
450
464
469
444
459
453
446
462
438
455
460
456
447
452
467
442
448
459
487
503
499
503
506
493
498
496
508
502
518
555
597
585
578
562
568
581
578
577
578
590
574
531
467
409
411
424
429
422
397
382
388
420
396
368
381
457
558
618
610
601
593
606
612
597
592
586
589
607
596
596
600
586
589
599
605
603
610
600
597
601
593
620
615
561
497
458
458
462
485
472
476
485
479
444
434
433
446
448
420
418
469
541
602
594
558
548
605
603
559
500
485
488
464
482
535
643
695
699
683
672
693
693
658
609
568
569
578
577
579
586
590
563
578
577
570
587
587
552
498
452
450
467
469
455
463
461
466
459
454
453
474
453
456
484
513
551
546
540
552
545
579
600
616
618
601
597
599
609
582
528
499
494
503
511
496
486
494
519
500
483
469
439
453
445
458
446
444
423
406
372
385
377
398
379
383
403
391
396
388
383
374
372
366
387
404
391
380
398
408
404
381
382
454
550
639
624
604
599
626
633
608
602
606
621
605
589
599
609
606
562
524
490
479
501
494
491
485
477
482
475
480
484
476
468
472
497
550
571
575
574
587
605
608
619
600
612
610
602
587
578
550
523
522
524
528
524
528
537
533
524
515
563
596
617
613
611
625
621
618
621
627
629
626
614
612
589
529
491
485
515
523
499
491
517
514
509
514
519
531
511
502
536
598
615
606
595
614
632
593
515
493
512
523
525
507
523
523
502
451
439
436
451
451
461
447
418
388
366
353
355
376
372
367
343
343
396
508
579
584
565
545
552
598
613
627
630
628
642
606
570
555
565
577
570
563
551
561
581
567
566
566
566
562
571
569
572
573
563
564
573
572
559
567
570
561
544
552
567
589
535
463
429
435
445
423
374
369
385
379
354
358
428
517
580
574
540
541
567
587
569
580
596
588
585
594
576
558
502
459
455
487
480
442
446
512
628
680
634
591
566
578
585
567
567
573
575
534
492
497
518
523
507
510
523
495
466
473
459
473
463
444
447
454
443
409
405
410
422
407
401
386
375
377
374
380
394
384
415
450
489
499
478
492
498
479
478
484
529
571
603
612
602
602
578
575
571
568
548
568
587
633
655
647
621
632
635
645
642
647
643
607
562
530
516
520
529
525
535
541
526
506
462
451
449
459
460
456
464
449
438
457
461
467
448
427
414
399
419
426
399
406
403
433
436
431
436
442
419
415
434
498
560
620
614
599
587
577
595
603
599
609
572
514
471
458
479
467
468
464
488
474
474
450
476
489
490
488
477
487
486
479
467
467
506
582
633
651
629
619
619
642
636
591
529
480
470
477
495
503
503
487
467
447
419
387
400
423
419
412
402
401
436
475
519
517
513
525
561
596
592
590
568
580
609
602
567
518
487
465
468
471
484
493
464
421
387
365
360
360
366
373
367
379
375
381
350
337
356
419
531
581
608
590
586
581
603
596
584
579
578
606
589
551
477
437
485
537
598
587
573
567
584
590
592
574
573
573
576
572
581
557
530
512
511
537
531
504
498
540
601
640
620
617
648
649
605
551
511
520
537
525
514
504
532
500
438
406
401
409
412
422
426
418
402
401
400
378
366
380
455
565
663
677
648
610
594
571
574
569
576
590
578
580
581
598
604
593
571
526
504
501
493
503
503
498
468
443
400
397
417
413
392
406
415
413
410
407
397
402
406
425
410
413
405
408
423
406
391
384
405
398
376
375
447
576
659
630
567
536
557
561
558
544
538
538
521
491
505
513
521
497
507
512
532
550
558
585
590
566
562
594
596
553
487
451
453
462
456
456
472
474
465
471
473
483
457
479
499
572
592
575
564
567
577
586
566
559
547
533
519
497
505
502
498
507
501
504
522
533
562
560
549
547
550
554
546
528
515
507
507
502
519
500
526
569
593
592
594
587
604
612
584
548
527
525
522
527
534
522
536
514
521
531
538
520
517
533
533
517
517
524
545
520
524
530
532
535
518
524
544
512
481
504
562
561
396
154
