651
665
596
598
617
638
614
579
590
604
607
584
561
531
514
512
520
518
506
489
545
626
646
646
631
630
588
518
453
452
479
498
480
452
479
523
583
618
633
614
606
603
624
625
614
611
603
615
625
610
572
508
480
483
497
509
495
481
507
518
517
510
513
531
514
525
553
576
580
561
554
581
570
530
476
449
456
455
440
494
565
629
613
592
582
604
610
559
518
487
492
501
518
525
495
453
404
403
413
413
404
411
422
444
435
431
435
437
436
438
436
440
434
439
447
434
409
402
400
408
446
466
467
467
458
467
482
453
456
464
493
524
572
579
577
569
555
549
536
542
525
529
543
542
531
536
553
587
613
611
600
608
612
623
617
589
557
517
513
512
521
534
553
564
561
552
553
554
548
534
500
505
553
590
580
570
564
561
573
564
560
569
571
591
603
599
588
595
610
596
550
482
440
426
432
428
410
421
431
407
410
477
610
706
712
676
667
695
704
668
617
592
602
614
599
564
534
529
521
525
539
534
523
522
494
479
493
490
482
489
491
480
468
455
437
442
450
446
441
449
439
450
447
430
409
425
436
432
432
446
451
462
448
467
465
466
454
454
454
468
457
464
454
449
446
447
471
507
519
533
516
511
528
525
498
511
557
610
642
650
648
650
652
649
623
648
630
590
563
554
576
578
577
561
547
547
535
523
530
543
542
515
510
514
523
516
533
583
641
678
676
665
671
694
686
673
680
679
695
678
649
611
583
567
574
586
600
573
544
467
441
437
448
457
454
450
449
450
450
431
412
425
424
422
416
418
446
421
402
406
469
542
587
593
590
588
566
517
472
480
510
525
497
478
475
468
448
446
433
446
444
442
436
467
468
464
466
472
477
460
440
427
435
428
432
436
451
469
459
454
467
468
467
441
481
545
571
566
552
549
568
562
548
549
576
595
600
623
623
610
606
592
541
511
498
531
528
519
513
508
550
579
622
632
646
604
609
621
653
638
578
532
501
503
457
398
348
340
374
376
363
340
351
380
439
462
463
451
446
450
453
440
436
485
552
594
594
602
594
588
562
536
537
561
553
541
546
539
529
506
500
504
523
520
513
539
582
612
625
615
617
590
569
559
562
553
563
553
552
542
523
511
514
527
507
509
525
545
548
524
531
557
539
519
528
570
637
672
672
675
664
633
593
569
562
568
562
557
555
547
524
499
485
496
504
501
498
493
489
494
518
572
611
605
588
592
607
616
595
551
531
538
544
540
537
532
567
595
624
613
603
606
600
613
606
611
576
567
557
561
562
573
561
567
572
541
488
442
441
455
466
453
460
450
444
450
448
459
459
452
458
451
470
459
457
456
468
470
462
462
455
456
449
459
445
442
437
445
426
412
424
449
448
438
442
483
559
615
603
577
593
617
607
565
501
455
467
470
491
478
466
467
465
485
463
456
507
601
661
642
630
646
671
612
507
448
507
618
685
658
638
645
661
675
661
643
605
579
572
575
584
581
593
568
566
545
550
538
554
552
538
544
543
541
557
548
564
548
523
494
489
508
494
497
477
523
579
616
615
589
580
584
606
598
574
531
518
488
488
493
491
494
517
510
497
484
476
476
471
477
484
461
469
490
522
541
557
547
534
532
546
553
556
547
510
455
413
413
447
461
437
421
471
553
614
600
575
577
592
606
582
547
517
508
512
511
520
522
506
521
533
554
599
597
588
593
591
606
596
592
594
590
593
590
583
577
569
551
555
551
557
559
558
544
556
566
554
544
549
547
572
586
579
603
608
581
532
493
478
495
512
505
482
455
430
404
398
415
436
424
407
425
449
448
439
435
455
454
444
435
451
495
516
505
511
549
605
656
664
649
646
657
670
659
633
602
575
567
552
569
567
562
561
541
518
522
531
522
510
517
562
620
663
687
664
643
657
660
652
622
580
558
537
551
547
555
533
517
520
510
489
503
509
497
489
501
536
598
626
638
607
611
623
638
640
613
588
580
587
591
590
582
584
591
585
569
586
593
593
575
522
504
511
512
515
524
522
506
475
451
428
437
454
433
440
423
400
394
396
405
404
398
382
397
416
394
394
390
400
383
389
386
390
392
391
383
410
439
466
451
455
433
458
464
495
551
586
590
582
565
579
599
576
563
530
539
539
547
560
533
509
503
512
518
515
501
502
522
538
555
562
558
557
548
532
522
503
513
509
511
485
505
535
598
626
612
597
607
618
618
594
540
522
521
525
527
518
530
531
539
531
521
521
524
534
520
533
529
529
516
530
547
535
524
519
527
528
517
516
528
535
525
523
514
542
529
519
533
548
543
501
525
567
562
387
142
