650
674
598
603
620
636
606
577
591
595
590
570
579
597
600
593
583
603
586
597
587
594
603
591
561
520
514
522
507
513
513
525
529
501
510
540
619
659
641
629
641
666
640
585
521
478
464
493
514
594
640
644
630
619
623
630
620
616
617
621
606
591
622
653
626
570
514
481
470
472
486
481
467
466
479
493
491
492
485
480
466
463
472
476
477
452
454
498
596
652
650
627
613
631
653
656
639
593
522
477
472
480
482
486
486
491
489
458
472
502
493
471
465
530
622
655
658
645
652
626
575
548
550
546
552
539
535
563
553
538
518
523
540
536
521
525
523
556
574
610
625
587
589
595
616
566
501
476
464
487
473
474
472
484
483
481
482
475
473
475
467
478
474
476
479
482
485
467
471
460
467
485
469
474
485
470
466
474
477
488
471
478
485
482
485
487
487
491
501
485
514
555
589
580
576
586
585
603
607
625
608
602
602
623
627
610
612
617
614
575
503
478
479
494
470
418
387
395
403
405
398
410
405
388
397
436
486
512
506
507
513
518
511
525
577
607
615
587
584
624
627
564
505
481
483
491
470
465
483
493
455
422
405
414
412
401
428
500
520
518
508
505
519
505
522
556
559
564
553
545
585
579
539
492
474
498
495
472
475
482
482
473
473
475
478
468
477
474
474
469
485
491
483
475
484
529
629
696
685
670
666
677
684
682
675
692
679
672
691
688
693
677
692
699
690
651
593
586
577
583
576
601
612
629
632
643
634
590
520
478
483
496
488
484
496
500
491
483
482
481
477
454
446
458
465
438
436
516
636
697
706
683
681
676
627
582
558
594
620
593
542
507
475
473
486
481
485
485
456
427
416
417
407
409
406
408
426
424
414
419
413
422
407
418
421
421
421
409
421
432
459
441
437
433
432
450
445
451
441
436
444
438
449
449
460
456
457
440
456
452
447
399
380
391
396
400
390
363
399
389
376
377
449
549
622
625
593
595
616
620
604
585
599
609
602
604
614
601
588
596
606
620
572
493
457
438
449
455
447
457
460
457
459
493
557
602
612
601
580
613
617
606
596
600
617
601
543
455
418
439
444
434
433
465
516
550
551
525
538
554
552
555
568
561
566
563
559
554
544
563
572
585
579
575
580
576
577
568
595
589
580
540
531
530
555
533
530
512
527
541
541
549
575
572
574
568
559
575
572
553
535
515
518
520
527
538
556
571
591
570
525
470
435
427
446
449
451
481
534
567
570
573
573
560
563
584
571
558
543
537
538
534
530
533
542
530
529
518
525
534
522
530
536
533
530
525
551
574
594
591
587
591
581
589
592
590
593
559
525
498
498
512
515
497
508
503
543
593
620
630
618
623
637
614
609
611
615
632
609
617
608
612
596
601
604
620
607
570
515
477
469
471
481
456
445
460
503
624
727
724
691
669
671
706
690
676
680
694
694
697
682
687
695
694
690
699
709
698
650
595
571
562
569
592
579
573
566
583
595
625
611
601
603
618
632
589
552
521
513
536
545
522
482
443
423
424
418
419
418
409
407
410
418
446
516
577
575
530
521
534
547
543
529
528
539
539
533
537
541
535
534
551
564
565
559
537
510
495
454
456
479
513
480
463
475
556
625
681
689
674
672
677
680
688
673
650
598
557
548
558
573
555
548
562
612
613
611
588
604
608
594
562
537
548
563
564
547
547
569
581
586
584
595
584
567
526
489
481
488
496
484
470
497
501
496
502
497
479
500
514
555
565
555
561
561
562
557
537
526
528
525
537
528
523
533
565
547
559
571
566
557
526
520
500
531
531
532
553
556
554
540
522
533
564
592
600
581
582
599
599
604
591
583
607
596
580
594
598
594
598
598
592
586
570
567
575
587
580
566
559
554
590
618
651
663
643
623
626
647
654
608
550
513
519
495
460
413
435
438
430
415
451
469
489
477
469
486
467
476
487
545
573
565
558
557
584
564
528
455
443
425
447
453
450
418
443
444
468
472
464
476
471
458
452
498
599
656
667
582
514
472
472
476
491
503
489
466
464
477
454
420
444
529
636
675
638
600
590
583
608
593
577
554
499
456
439
453
468
454
434
401
403
395
399
413
402
401
416
412
389
394
467
596
685
692
657
647
663
688
666
634
623
601
568
547
564
579
577
566
564
616
642
631
605
609
623
632
587
527
498
478
490
494
487
496
501
497
502
496
510
521
519
528
518
521
536
526
515
516
529
576
592
584
568
561
600
588
554
484
440
450
471
485
479
459
465
508
558
579
601
574
577
577
581
588
587
570
549
557
545
550
558
553
534
517
504
500
496
505
511
499
499
520
542
561
550
549
557
542
514
506
496
503
508
502
501
488
537
588
617
618
614
608
608
606
581
546
512
529
540
539
523
512
517
536
537
530
527
544
535
517
516
524
529
533
524
526
536
522
511
523
521
539
525
526
530
531
531
527
533
520
525
520
519
537
535
513
533
544
527
513
527
575
556
389
148
