638
657
598
595
630
625
612
580
611
614
600
566
578
587
605
599
598
571
537
517
504
518
536
523
508
503
505
552
610
657
667
634
619
629
651
632
580
517
464
468
469
471
495
482
469
466
511
578
632
638
633
616
631
625
617
614
617
607
572
524
481
477
484
510
509
506
513
531
525
505
517
532
549
570
555
578
579
532
484
475
541
636
633
603
606
622
622
593
516
486
493
516
522
522
517
507
490
443
432
426
404
409
391
392
390
390
379
381
394
386
380
392
413
445
448
470
459
462
453
448
483
546
588
587
564
572
569
583
582
565
582
584
580
578
572
565
581
566
573
571
580
547
554
589
635
654
617
566
532
507
478
458
451
456
463
456
471
462
487
489
479
472
470
520
565
598
603
595
599
599
599
561
545
549
562
545
533
508
497
501
502
497
510
497
523
557
586
577
562
571
567
569
570
579
593
596
608
615
601
559
488
434
434
453
452
431
414
446
464
421
394
405
437
427
383
391
484
629
700
701
676
672
685
689
695
708
695
666
620
607
598
611
611
594
604
612
607
615
613
582
531
503
503
528
527
527
527
503
498
471
449
452
459
466
455
467
465
477
479
464
477
476
490
471
477
499
529
575
578
550
570
560
557
556
556
573
569
534
498
484
471
481
487
497
512
510
509
516
533
533
513
512
547
620
666
652
633
632
667
671
642
585
567
552
567
564
565
569
573
570
551
519
523
538
528
512
509
561
649
697
702
666
677
683
681
680
695
691
674
613
577
571
566
573
591
580
540
467
436
428
451
432
412
421
425
426
424
465
532
595
630
594
577
588
600
599
559
523
497
484
488
492
501
485
480
477
441
441
447
445
443
436
456
480
482
470
465
480
460
424
410
425
434
426
415
422
437
457
465
466
451
472
444
456
478
555
581
588
570
581
593
597
580
576
576
578
582
579
563
552
577
548
543
552
561
565
546
553
580
617
623
608
614
631
621
575
521
510
513
505
516
528
587
631
636
618
612
613
638
634
623
615
625
630
619
587
526
481
494
507
506
480
490
500
499
457
394
355
346
360
401
421
461
454
472
450
453
456
487
551
608
610
599
598
593
592
567
533
532
546
534
540
522
559
561
536
529
535
518
525
504
512
509
499
498
544
588
618
614
605
594
582
561
551
556
568
556
554
558
557
554
525
503
511
529
525
518
525
516
519
521
511
510
525
529
531
538
537
534
530
551
524
527
573
629
678
661
667
646
660
657
661
645
652
656
679
653
600
566
550
557
568
546
542
576
586
556
497
483
520
582
596
586
579
575
603
601
605
600
600
562
543
538
540
563
530
540
542
552
542
542
538
565
584
613
599
610
617
594
592
575
577
565
557
571
587
576
529
475
443
434
459
457
457
456
451
466
448
465
445
459
459
443
428
436
473
547
589
617
593
589
625
620
573
506
459
461
470
465
455
471
475
445
444
520
621
678
665
640
635
671
686
597
485
427
427
441
439
430
438
435
435
435
472
516
558
564
545
534
557
576
602
616
625
623
616
628
629
640
606
587
586
586
598
585
578
583
596
580
566
575
577
577
575
575
585
605
568
506
481
480
496
489
485
497
489
493
450
409
397
429
417
392
416
437
443
466
472
472
474
450
456
493
544
575
569
563
564
577
555
563
537
526
530
555
545
527
522
554
587
609
601
602
602
602
587
550
521
511
526
524
518
518
515
523
547
584
601
603
587
578
584
590
586
565
557
549
541
554
551
555
563
558
553
551
556
561
557
535
542
560
586
594
600
585
584
568
541
490
497
490
502
490
495
492
494
476
432
413
423
444
453
445
424
443
447
446
446
475
503
534
513
498
546
610
644
661
657
649
657
652
663
648
621
577
551
551
571
584
570
557
557
570
567
563
560
568
558
517
513
520
530
530
507
557
626
680
678
645
651
665
674
621
573
542
546
557
568
531
507
489
497
506
502
499
509
536
588
623
644
629
623
627
627
614
603
592
586
581
588
586
592
605
561
530
505
500
501
476
450
424
435
439
447
435
430
416
386
370
392
400
395
388
404
445
460
458
449
493
546
584
579
580
571
591
585
556
556
554
549
549
546
549
554
521
499
498
509
505
505
512
512
513
515
499
502
495
497
504
512
526
509
513
488
524
538
560
561
550
508
499
515
509
507
505
501
540
590
631
633
593
541
526
526
544
528
527
512
520
524
528
521
526
545
537
517
515
538
546
544
530
515
537
540
538
522
539
529
528
523
519
529
532
524
520
524
525
532
530
527
550
535
511
533
544
532
524
525
530
526
520
523
549
534
514
508
568
561
396
161
