645
663
600
578
621
619
579
563
597
612
581
554
543
531
519
501
518
523
505
498
540
612
657
647
614
605
659
655
588
500
477
472
474
469
469
507
575
630
636
612
621
613
638
624
589
607
636
622
574
514
474
480
489
477
480
489
498
484
486
473
481
466
466
487
470
459
462
517
619
658
611
519
461
477
519
500
462
472
546
608
630
649
644
649
639
566
531
531
535
536
539
544
556
547
534
498
514
495
503
500
497
508
502
493
509
504
484
480
512
580
618
627
606
606
613
608
609
605
593
575
569
544
556
559
549
536
533
541
571
579
582
580
605
633
641
639
628
627
618
638
651
592
550
518
539
533
537
519
507
498
508
498
476
494
503
507
489
478
465
451
462
469
453
439
457
471
464
434
405
413
420
421
404
407
416
404
390
385
399
389
371
373
420
475
518
518
513
498
494
512
533
559
560
571
572
574
549
496
485
484
482
473
466
466
486
477
471
521
612
685
695
685
672
685
674
602
555
566
591
583
584
567
577
573
584
569
612
631
640
633
629
632
637
638
624
625
641
641
640
632
639
643
594
512
474
474
489
477
487
484
481
463
450
438
466
469
435
459
526
620
689
692
673
685
699
706
696
683
649
598
557
566
569
574
555
551
566
593
606
603
599
615
610
570
526
501
479
482
504
499
482
454
458
462
457
460
458
459
467
464
446
449
444
434
444
438
453
434
430
438
457
460
449
452
462
456
436
421
420
436
433
427
429
421
429
431
427
421
437
429
427
433
426
435
413
413
481
576
650
636
551
488
448
431
455
480
459
458
448
490
563
600
603
580
579
593
613
618
594
593
619
606
589
579
606
591
548
484
441
451
457
436
431
442
435
434
439
437
443
447
444
440
435
432
431
426
434
420
434
479
545
591
591
586
561
572
565
573
572
576
593
583
590
589
581
553
539
532
540
533
537
552
543
530
545
550
566
567
552
571
571
565
537
516
508
516
521
517
515
523
524
520
508
502
506
513
527
519
516
511
524
522
514
515
511
512
511
514
523
517
520
508
505
515
506
510
515
528
511
518
513
538
581
596
594
595
603
591
592
607
606
565
488
461
463
485
449
379
332
362
376
380
369
370
375
352
358
390
444
471
492
494
478
479
462
508
559
575
533
474
456
484
500
479
476
484
490
477
480
486
498
502
512
515
521
531
519
507
530
551
575
599
617
600
603
591
610
620
617
603
609
611
612
610
610
617
603
596
596
613
614
569
530
486
476
490
478
477
449
446
454
476
455
457
449
462
470
459
430
444
511
626
681
690
664
679
691
712
681
637
577
533
514
545
581
633
653
675
672
647
608
580
579
568
572
577
601
587
557
483
441
453
465
460
432
413
422
433
423
418
424
463
524
560
575
577
552
572
581
573
564
546
536
532
537
541
538
534
549
562
564
562
554
547
557
533
501
450
463
494
487
468
470
536
625
690
684
660
669
674
691
641
595
563
551
568
562
556
550
557
565
570
564
570
565
573
564
561
556
565
560
561
562
557
566
556
562
574
603
614
608
607
615
611
604
606
608
597
570
552
545
552
560
580
573
583
585
597
605
579
587
597
579
563
514
479
473
499
488
487
483
508
506
497
486
488
487
493
477
492
502
551
570
588
571
557
563
568
574
560
536
523
530
541
527
512
530
553
566
550
549
567
558
557
556
558
547
534
518
520
519
517
510
520
539
551
558
564
559
569
567
544
538
521
523
528
528
541
524
544
573
599
600
586
576
577
570
568
562
566
562
556
551
590
622
644
643
648
648
623
568
507
512
524
521
520
525
500
460
410
405
429
452
433
418
435
436
440
455
471
521
539
553
562
579
570
527
456
419
427
435
427
425
420
434
430
432
425
436
438
449
414
433
426
440
435
425
431
424
427
427
427
433
428
431
438
443
427
425
425
442
443
448
455
491
486
456
420
464
522
591
640
651
638
627
616
639
657
638
595
533
477
476
481
498
497
474
473
481
487
470
435
431
515
638
699
708
689
680
684
673
683
682
666
622
583
598
608
615
596
610
600
557
484
433
448
462
446
436
429
455
454
432
426
398
385
407
469
597
671
679
645
638
660
638
586
547
534
562
588
587
606
619
615
611
589
554
521
505
511
499
515
543
578
614
617
600
596
626
644
627
584
543
554
554
552
549
541
541
532
544
568
573
566
568
565
573
572
524
489
456
462
475
473
460
458
477
482
476
472
472
487
483
473
477
503
542
583
580
583
581
594
582
591
577
577
589
593
580
574
587
585
590
582
576
556
548
532
516
500
496
508
508
523
533
550
569
546
550
549
551
551
542
550
569
550
516
495
495
507
518
501
514
510
501
474
494
542
572
613
622
624
584
554
508
510
532
540
525
515
527
540
521
525
528
537
532
535
534
535
530
526
521
535
530
525
522
534
535
524
524
529
519
527
527
528
533
532
523
537
549
536
520
525
523
520
518
527
546
533
502
520
547
548
517
515
563
560
392
149
